,Open,High,Low,Close
2021-11-01 00:00:00+00:00,1.8199700117111208,1.8212000131607056,1.8183799982070925,1.8204200267791748
2021-11-01 01:00:00+00:00,1.8205300569534304,1.821869969367981,1.8196699619293213,1.8205100297927856
2021-11-01 02:00:00+00:00,1.8205100297927856,1.8223199844360352,1.8201299905776973,1.821370005607605
2021-11-01 03:00:00+00:00,1.8214399814605715,1.822720050811768,1.8208800554275515,1.822460055351257
2021-11-01 04:00:00+00:00,1.822460055351257,1.8232899904251096,1.821660041809082,1.8221999406814573
2021-11-01 05:00:00+00:00,1.8222299814224243,1.823259949684143,1.821120023727417,1.8217400312423704
2021-11-01 06:00:00+00:00,1.821679949760437,1.82260000705719,1.8207600116729736,1.8219900131225584
2021-11-01 07:00:00+00:00,1.8219799995422363,1.8229800462722776,1.8199199438095093,1.8222700357437127
2021-11-01 08:00:00+00:00,1.8222899436950684,1.8238199949264529,1.8203400373458865,1.82082998752594
2021-11-01 09:00:00+00:00,1.8208400011062624,1.821370005607605,1.819260001182556,1.820080041885376
2021-11-01 10:00:00+00:00,1.8200900554656985,1.8205699920654297,1.8179500102996824,1.8196099996566768
2021-11-01 11:00:00+00:00,1.819599986076355,1.819880008697509,1.817229986190796,1.8197100162506104
2021-11-01 12:00:00+00:00,1.819700002670288,1.8215399980545044,1.8186500072479248,1.8206299543380733
2021-11-01 13:00:00+00:00,1.820619940757752,1.8214099407196045,1.8170700073242188,1.8183499574661253
2021-11-01 14:00:00+00:00,1.8182799816131592,1.818950057029724,1.8157299757003784,1.8177000284194944
2021-11-01 15:00:00+00:00,1.8177000284194944,1.818169951438904,1.814880013465881,1.815410017967224
2021-11-01 16:00:00+00:00,1.8154000043869016,1.8162800073623653,1.8137500286102293,1.8141499757766724
2021-11-01 17:00:00+00:00,1.814200043678284,1.8164900541305544,1.813809990882873,1.816290020942688
2021-11-01 18:00:00+00:00,1.816390037536621,1.81676995754242,1.8147300481796265,1.8163299560546875
2021-11-01 19:00:00+00:00,1.8163299560546875,1.817639946937561,1.815940022468567,1.8167599439620967
2021-11-01 20:00:00+00:00,1.816709995269776,1.817020058631897,1.8139599561691284,1.8149900436401367
2021-11-01 21:00:00+00:00,1.8141800165176392,1.8196300268173216,1.8137999773025515,1.8162800073623653
2021-11-01 22:00:00+00:00,1.816290020942688,1.8168100118637085,1.813770055770874,1.8158799409866333
2021-11-01 23:00:00+00:00,1.815960049629212,1.816650032997132,1.815250039100647,1.815719962120056
2021-11-02 00:00:00+00:00,1.815659999847412,1.8161499500274656,1.813969969749451,1.8144899606704712
2021-11-02 01:00:00+00:00,1.8145400285720823,1.8146699666976929,1.8123899698257449,1.8130799531936648
2021-11-02 02:00:00+00:00,1.8130899667739868,1.8154300451278689,1.8126699924469,1.81535005569458
2021-11-02 03:00:00+00:00,1.8154200315475464,1.8229299783706665,1.8127800226211548,1.81893002986908
2021-11-02 04:00:00+00:00,1.818989992141724,1.8237199783325195,1.818300008773804,1.82220995426178
2021-11-02 05:00:00+00:00,1.8222600221633911,1.8244800567626955,1.8206900358200075,1.8230400085449217
2021-11-02 06:00:00+00:00,1.8230299949646,1.8268699645996087,1.82246994972229,1.8257700204849243
2021-11-02 07:00:00+00:00,1.8264199495315552,1.829349994659424,1.8261799812316888,1.8276599645614624
2021-11-02 08:00:00+00:00,1.8276000022888184,1.8288700580596924,1.825899958610535,1.826650023460388
2021-11-02 09:00:00+00:00,1.8267500400543213,1.8279800415039065,1.824659943580628,1.8265899419784544
2021-11-02 10:00:00+00:00,1.8265700340271,1.8282099962234497,1.825850009918213,1.8272700309753416
2021-11-02 11:00:00+00:00,1.827209949493408,1.828220009803772,1.826259970664978,1.8281500339508057
2021-11-02 12:00:00+00:00,1.8280400037765503,1.8301299810409544,1.827299952507019,1.8296500444412231
2021-11-02 13:00:00+00:00,1.829740047454834,1.8305200338363647,1.8277499675750728,1.8285399675369265
2021-11-02 14:00:00+00:00,1.8286199569702148,1.8300800323486328,1.827450037002564,1.8290499448776243
2021-11-02 15:00:00+00:00,1.8290499448776243,1.8324799537658687,1.8278499841690063,1.8322199583053589
2021-11-02 16:00:00+00:00,1.832260012626648,1.8333499431610107,1.8310699462890625,1.8330199718475344
2021-11-02 17:00:00+00:00,1.832949995994568,1.834020018577576,1.8325599431991573,1.833619952201844
2021-11-02 18:00:00+00:00,1.833739995956421,1.834020018577576,1.832669973373413,1.8336600065231323
2021-11-02 19:00:00+00:00,1.8336700201034544,1.8342399597167969,1.8313299417495728,1.8318500518798828
2021-11-02 20:00:00+00:00,1.8319400548934937,1.8327200412750244,1.831240057945252,1.831779956817627
2021-11-02 21:00:00+00:00,1.8318099975585933,1.833459973335266,1.8302799463272093,1.831339955329895
2021-11-02 22:00:00+00:00,1.831339955329895,1.832900047302246,1.831339955329895,1.8323899507522583
2021-11-02 23:00:00+00:00,1.8324700593948364,1.8328200578689573,1.8305100202560425,1.830970048904419
2021-11-03 00:00:00+00:00,1.8310699462890625,1.833050012588501,1.8308500051498413,1.831740021705628
2021-11-03 01:00:00+00:00,1.831680059432984,1.833150029182434,1.830530047416687,1.832730054855347
2021-11-03 02:00:00+00:00,1.8328200578689573,1.8342399597167969,1.8323999643325808,1.833619952201844
2021-11-03 03:00:00+00:00,1.8336100578308103,1.8352400064468384,1.8326499462127688,1.833009958267212
2021-11-03 04:00:00+00:00,1.8330399990081787,1.8342499732971191,1.8318899869918823,1.8330299854278564
2021-11-03 05:00:00+00:00,1.8333699703216555,1.833459973335266,1.831769943237305,1.8319799900054927
2021-11-03 06:00:00+00:00,1.83204996585846,1.832299947738648,1.830420017242432,1.8313299417495728
2021-11-03 07:00:00+00:00,1.8313299417495728,1.83135998249054,1.828449964523316,1.8289999961853027
2021-11-03 08:00:00+00:00,1.829020023345948,1.830979943275452,1.8270200490951536,1.8306200504302976
2021-11-03 09:00:00+00:00,1.8306200504302976,1.8321399688720703,1.8295300006866453,1.830989956855774
2021-11-03 10:00:00+00:00,1.830970048904419,1.831769943237305,1.829390048980713,1.8299599885940552
2021-11-03 11:00:00+00:00,1.8299299478530884,1.8351800441741943,1.8293299674987795,1.834820032119751
2021-11-03 12:00:00+00:00,1.834820032119751,1.8367300033569336,1.83407998085022,1.8353899717330933
2021-11-03 13:00:00+00:00,1.835379958152771,1.8366700410842896,1.8349900245666504,1.8363900184631348
2021-11-03 14:00:00+00:00,1.8363699913024905,1.839229941368103,1.8354300260543823,1.8379499912261963
2021-11-03 15:00:00+00:00,1.8381500244140625,1.840569972991944,1.8375999927520752,1.838320016860962
2021-11-03 16:00:00+00:00,1.838320016860962,1.84197998046875,1.837689995765686,1.841930031776428
2021-11-03 17:00:00+00:00,1.8419400453567505,1.8424999713897705,1.8392200469970703,1.8398300409317017
2021-11-03 18:00:00+00:00,1.8398499488830569,1.8409600257873533,1.83542001247406,1.8371399641036987
2021-11-03 19:00:00+00:00,1.8372600078582764,1.83788001537323,1.8345500230789185,1.8357000350952148
2021-11-03 20:00:00+00:00,1.8357499837875368,1.8379000425338743,1.8349299430847168,1.8371299505233765
2021-11-03 21:00:00+00:00,1.837180018424988,1.83899998664856,1.8350000381469729,1.8365700244903564
2021-11-03 22:00:00+00:00,1.8365700244903564,1.8371399641036987,1.8349699974060056,1.8361999988555908
2021-11-03 23:00:00+00:00,1.8362300395965576,1.8363900184631348,1.833209991455078,1.833739995956421
2021-11-04 00:00:00+00:00,1.8333899974823,1.8344999551773071,1.8325200080871584,1.8342299461364744
2021-11-04 01:00:00+00:00,1.8342299461364744,1.834980010986328,1.8326300382614136,1.834030032157898
2021-11-04 02:00:00+00:00,1.834020018577576,1.834879994392395,1.831740021705628,1.832430005073548
2021-11-04 03:00:00+00:00,1.8324600458145144,1.8332699537277224,1.8315800428390503,1.832980036735535
2021-11-04 04:00:00+00:00,1.8330899477005005,1.8338700532913208,1.8316500186920168,1.8337299823760984
2021-11-04 05:00:00+00:00,1.8338199853897093,1.837049961090088,1.8334100246429443,1.836549997329712
2021-11-04 06:00:00+00:00,1.8365700244903564,1.838250041007996,1.8356399536132808,1.8375699520111084
2021-11-04 07:00:00+00:00,1.8375799655914309,1.8382799625396729,1.83433997631073,1.835970044136048
2021-11-04 08:00:00+00:00,1.8359899520874023,1.836840033531189,1.8343100547790527,1.83610999584198
2021-11-04 09:00:00+00:00,1.8361200094223025,1.8371100425720213,1.8345500230789185,1.8358500003814693
2021-11-04 10:00:00+00:00,1.8358500003814693,1.8362900018692017,1.83404004573822,1.8361400365829468
2021-11-04 11:00:00+00:00,1.8362300395965576,1.8403600454330444,1.8356300592422483,1.8382899761199951
2021-11-04 12:00:00+00:00,1.838750004768372,1.838750004768372,1.8243000507354736,1.8272900581359863
2021-11-04 13:00:00+00:00,1.8273600339889529,1.8286099433898928,1.825649976730347,1.826689958572388
2021-11-04 14:00:00+00:00,1.826689958572388,1.827569961547852,1.8246500492095947,1.826550006866455
2021-11-04 15:00:00+00:00,1.8265199661254885,1.8276000022888184,1.8221800327301023,1.822550058364868
2021-11-04 16:00:00+00:00,1.822530031204224,1.8259199857711792,1.8222500085830688,1.8238600492477417
2021-11-04 17:00:00+00:00,1.8239200115203853,1.8247300386428835,1.8228100538253784,1.8242599964141848
2021-11-04 18:00:00+00:00,1.8243600130081177,1.8251500129699707,1.8230600357055664,1.823349952697754
2021-11-04 19:00:00+00:00,1.8233400583267207,1.8245500326156616,1.823099970817566,1.8235599994659424
2021-11-04 20:00:00+00:00,1.8235700130462649,1.8249599933624268,1.8223799467086792,1.82385003566742
2021-11-04 21:00:00+00:00,1.822950005531311,1.8243999481201167,1.8213800191879272,1.8229600191116333
2021-11-04 22:00:00+00:00,1.823279976844788,1.8247400522232056,1.822659969329834,1.823930025100708
2021-11-04 23:00:00+00:00,1.82385003566742,1.8245699405670168,1.8227499723434448,1.8229899406433103
2021-11-05 00:00:00+00:00,1.823300004005432,1.8251700401306152,1.82177996635437,1.8240200281143188
2021-11-05 01:00:00+00:00,1.824049949645996,1.8265800476074217,1.8234299421310425,1.825600028038025
2021-11-05 02:00:00+00:00,1.8256200551986688,1.827929973602295,1.825279951095581,1.8260200023651123
2021-11-05 03:00:00+00:00,1.8260899782180784,1.82712996006012,1.8242499828338623,1.825070023536682
2021-11-05 04:00:00+00:00,1.824970006942749,1.825629949569702,1.8237500190734863,1.824429988861084
2021-11-05 05:00:00+00:00,1.8244400024414065,1.8266199827194207,1.8241100311279297,1.826509952545166
2021-11-05 06:00:00+00:00,1.826640009880066,1.827620029449463,1.825350046157837,1.826629996299744
2021-11-05 07:00:00+00:00,1.8265999555587769,1.828070044517517,1.82588005065918,1.8274999856948853
2021-11-05 08:00:00+00:00,1.8274799585342407,1.827569961547852,1.8223899602890008,1.8229999542236328
2021-11-05 09:00:00+00:00,1.823009967803955,1.8239699602127075,1.8211599588394165,1.8218200206756592
2021-11-05 10:00:00+00:00,1.82177996635437,1.8237099647521973,1.820520043373108,1.8234800100326536
2021-11-05 11:00:00+00:00,1.8234800100326536,1.824970006942749,1.822530031204224,1.8235599994659424
2021-11-05 12:00:00+00:00,1.823609948158264,1.8260899782180784,1.820369958877564,1.821300029754639
2021-11-05 13:00:00+00:00,1.821329951286316,1.8239799737930296,1.8199900388717647,1.822659969329834
2021-11-05 14:00:00+00:00,1.822659969329834,1.8236199617385864,1.8205699920654297,1.8208500146865845
2021-11-05 15:00:00+00:00,1.8208400011062624,1.8235700130462649,1.8202600479125977,1.8212900161743164
2021-11-05 16:00:00+00:00,1.821300029754639,1.8229299783706665,1.82014000415802,1.8227900266647337
2021-11-05 17:00:00+00:00,1.8228199481964111,1.8242199420928955,1.822550058364868,1.823349952697754
2021-11-05 18:00:00+00:00,1.8233100175857544,1.823799967765808,1.822029948234558,1.823240041732788
2021-11-05 19:00:00+00:00,1.823259949684143,1.823639988899231,1.8219499588012693,1.8228700160980225
2021-11-05 20:00:00+00:00,1.822800040245056,1.8238400220870967,1.8214499950408936,1.8228299617767327
2021-11-05 21:00:00+00:00,1.82260000705719,1.8234399557113647,1.82260000705719,1.8234399557113647
2021-11-05 22:00:00+00:00,1.8234399557113647,1.8234399557113647,1.8234399557113647,1.8234399557113647
2021-11-08 00:00:00+00:00,1.8240900039672847,1.825160026550293,1.823089957237244,1.8235399723052976
2021-11-08 01:00:00+00:00,1.8234000205993648,1.823989987373352,1.82220995426178,1.8236900568008425
2021-11-08 02:00:00+00:00,1.8236700296401973,1.8239799737930296,1.822059988975525,1.8230400085449217
2021-11-08 03:00:00+00:00,1.8231500387191768,1.8238400220870967,1.8214900493621824,1.821969985961914
2021-11-08 04:00:00+00:00,1.821900010108948,1.822610020637512,1.8207900524139404,1.8221299648284912
2021-11-08 05:00:00+00:00,1.8222899436950684,1.8227299451828003,1.8205699920654297,1.8208999633789065
2021-11-08 06:00:00+00:00,1.820970058441162,1.8227699995040887,1.820250034332276,1.8227699995040887
2021-11-08 07:00:00+00:00,1.8227699995040887,1.8227900266647337,1.820000052452088,1.8208500146865845
2021-11-08 08:00:00+00:00,1.820889949798584,1.8228700160980225,1.818950057029724,1.822510004043579
2021-11-08 09:00:00+00:00,1.822510004043579,1.8226200342178345,1.819239974021912,1.8218499422073364
2021-11-08 10:00:00+00:00,1.8218599557876587,1.822780013084412,1.821370005607605,1.8224200010299685
2021-11-08 11:00:00+00:00,1.82246994972229,1.8248900175094604,1.821239948272705,1.824790000915528
2021-11-08 12:00:00+00:00,1.824659943580628,1.8270000219345093,1.8237899541854856,1.826189994812012
2021-11-08 13:00:00+00:00,1.826259970664978,1.828029990196228,1.825819969177246,1.8268500566482544
2021-11-08 14:00:00+00:00,1.826879978179932,1.8272299766540527,1.8246899843215945,1.8266700506210327
2021-11-08 15:00:00+00:00,1.826629996299744,1.8292800188064573,1.825809955596924,1.8275099992752075
2021-11-08 16:00:00+00:00,1.8274999856948853,1.8277599811553955,1.8251099586486816,1.82574999332428
2021-11-08 17:00:00+00:00,1.825760006904602,1.8270000219345093,1.824970006942749,1.8268300294876096
2021-11-08 18:00:00+00:00,1.826810002326965,1.8269699811935425,1.8251700401306152,1.8258299827575684
2021-11-08 19:00:00+00:00,1.8260400295257568,1.826259970664978,1.824970006942749,1.8256100416183472
2021-11-08 20:00:00+00:00,1.825600028038025,1.8281099796295168,1.8253300189971924,1.82712996006012
2021-11-08 21:00:00+00:00,1.8271700143814087,1.8274600505828853,1.8258700370788568,1.8266199827194207
2021-11-08 22:00:00+00:00,1.8265700340271,1.8277299404144287,1.8231899738311768,1.827059984207153
2021-11-08 23:00:00+00:00,1.8271900415420528,1.829270005226136,1.8267799615859983,1.8290799856185915
2021-11-09 00:00:00+00:00,1.829200029373169,1.8321499824523928,1.82860004901886,1.831339955329895
2021-11-09 01:00:00+00:00,1.8313699960708616,1.8315099477767944,1.8297699689865112,1.8315099477767944
2021-11-09 02:00:00+00:00,1.8315000534057613,1.8318599462509155,1.8299100399017327,1.8313900232315063
2021-11-09 03:00:00+00:00,1.8313699960708616,1.8348000049591064,1.8311200141906736,1.8317899703979488
2021-11-09 04:00:00+00:00,1.8318599462509155,1.8323299884796145,1.830430030822754,1.8309299945831297
2021-11-09 05:00:00+00:00,1.8310500383377075,1.831169962882996,1.828969955444336,1.829859972000122
2021-11-09 06:00:00+00:00,1.829920053482056,1.830039978027344,1.8275400400161743,1.8279199600219729
2021-11-09 07:00:00+00:00,1.8279199600219729,1.829270005226136,1.8267699480056765,1.828969955444336
2021-11-09 08:00:00+00:00,1.8289899826049805,1.829270005226136,1.8265399932861328,1.827430009841919
2021-11-09 09:00:00+00:00,1.827430009841919,1.831689953804016,1.827059984207153,1.831279993057251
2021-11-09 10:00:00+00:00,1.8312900066375728,1.831629991531372,1.8296899795532229,1.830680012702942
2021-11-09 11:00:00+00:00,1.83066999912262,1.8325300216674805,1.829259991645813,1.831799983978272
2021-11-09 12:00:00+00:00,1.831779956817627,1.832810044288636,1.8311200141906736,1.8326300382614136
2021-11-09 13:00:00+00:00,1.8326300382614136,1.8332500457763672,1.8297499418258667,1.8306299448013303
2021-11-09 14:00:00+00:00,1.83053994178772,1.833590030670166,1.8290799856185915,1.833340048789978
2021-11-09 15:00:00+00:00,1.8333899974823,1.8379199504852293,1.832949995994568,1.83748996257782
2021-11-09 16:00:00+00:00,1.8374799489974976,1.83913004398346,1.8355799913406368,1.838670015335083
2021-11-09 17:00:00+00:00,1.8385900259017944,1.839699983596801,1.8380399942398071,1.838819980621338
2021-11-09 18:00:00+00:00,1.8389099836349487,1.8395800590515137,1.8377699851989744,1.8384599685668943
2021-11-09 19:00:00+00:00,1.8385499715805047,1.8389400243759155,1.837159991264344,1.838000059127808
2021-11-09 20:00:00+00:00,1.8379700183868408,1.8385100364685056,1.836609959602356,1.8369100093841555
2021-11-09 21:00:00+00:00,1.836899995803833,1.837679982185364,1.836459994316101,1.836989998817444
2021-11-09 22:00:00+00:00,1.8371299505233765,1.8380399942398071,1.8348400592803955,1.83762001991272
2021-11-09 23:00:00+00:00,1.8377000093460083,1.8391799926757808,1.836490035057068,1.838320016860962
2021-11-10 00:00:00+00:00,1.838379979133606,1.838819980621338,1.8372100591659544,1.8384300470352173
2021-11-10 01:00:00+00:00,1.8384300470352173,1.839630007743836,1.837649941444397,1.838639974594116
2021-11-10 02:00:00+00:00,1.8386600017547607,1.8410500288009644,1.8381500244140625,1.840970039367676
2021-11-10 03:00:00+00:00,1.841040015220642,1.8415800333023071,1.839769959449768,1.840440034866333
2021-11-10 04:00:00+00:00,1.8404799699783323,1.840939998626709,1.8393000364303589,1.839859962463379
2021-11-10 05:00:00+00:00,1.8399100303649905,1.842839956283569,1.839059948921204,1.842329978942871
2021-11-10 06:00:00+00:00,1.8422000408172607,1.842599987983704,1.841040015220642,1.841910004615784
2021-11-10 07:00:00+00:00,1.84185004234314,1.8425099849700928,1.840309977531433,1.840849995613098
2021-11-10 08:00:00+00:00,1.840839982032776,1.841629981994629,1.83404004573822,1.8360099792480469
2021-11-10 09:00:00+00:00,1.836050033569336,1.8375500440597528,1.8351900577545168,1.835860013961792
2021-11-10 10:00:00+00:00,1.8358700275421145,1.8377200365066528,1.8350600004196167,1.83719003200531
2021-11-10 11:00:00+00:00,1.837180018424988,1.8375699520111084,1.8344299793243408,1.8365700244903564
2021-11-10 12:00:00+00:00,1.8365600109100344,1.8365700244903564,1.8331199884414675,1.835070013999939
2021-11-10 13:00:00+00:00,1.8351199626922607,1.8369499444961548,1.831529974937439,1.8317899703979488
2021-11-10 14:00:00+00:00,1.831769943237305,1.8323899507522583,1.8297799825668333,1.830600023269653
2021-11-10 15:00:00+00:00,1.830600023269653,1.8321399688720703,1.8300800323486328,1.831130027770996
2021-11-10 16:00:00+00:00,1.8311200141906736,1.832800030708313,1.8293100595474243,1.829920053482056
2021-11-10 17:00:00+00:00,1.8299100399017327,1.831159949302673,1.8292299509048464,1.8298100233078003
2021-11-10 18:00:00+00:00,1.8298900127410889,1.8304699659347528,1.8269699811935425,1.829020023345948
2021-11-10 19:00:00+00:00,1.8292200565338133,1.830680012702942,1.8287500143051147,1.8295899629592896
2021-11-10 20:00:00+00:00,1.8295899629592896,1.8304500579833984,1.8280099630355835,1.8300199508666992
2021-11-10 21:00:00+00:00,1.8300199508666992,1.830440044403076,1.8287500143051147,1.829270005226136
2021-11-10 22:00:00+00:00,1.829270005226136,1.8303799629211424,1.8279399871826167,1.8288400173187256
2021-11-10 23:00:00+00:00,1.8288700580596924,1.8297499418258667,1.8269200325012207,1.8286700248718264
2021-11-11 00:00:00+00:00,1.828719973564148,1.8328200578689573,1.827640056610108,1.8310500383377075
2021-11-11 01:00:00+00:00,1.831110000610352,1.8317899703979488,1.829540014266968,1.830690026283264
2021-11-11 02:00:00+00:00,1.8305799961090088,1.8353899717330933,1.8299399614334104,1.8350499868392944
2021-11-11 03:00:00+00:00,1.835070013999939,1.836069941520691,1.8336000442504885,1.835100054740905
2021-11-11 04:00:00+00:00,1.83502995967865,1.8367899656295776,1.834519982337952,1.8360600471496584
2021-11-11 05:00:00+00:00,1.8360600471496584,1.836400032043457,1.8346400260925293,1.8358999490737915
2021-11-11 06:00:00+00:00,1.8358999490737915,1.836150050163269,1.83421003818512,1.8353699445724487
2021-11-11 07:00:00+00:00,1.835309982299805,1.8356800079345703,1.8323800563812256,1.8335200548172
2021-11-11 08:00:00+00:00,1.8335700035095213,1.8356900215148928,1.83256995677948,1.834699988365173
2021-11-11 09:00:00+00:00,1.83473002910614,1.836529970169068,1.83407998085022,1.8354300260543823
2021-11-11 10:00:00+00:00,1.83542001247406,1.8370100259780884,1.8346600532531736,1.8349900245666504
2021-11-11 11:00:00+00:00,1.8348900079727173,1.836529970169068,1.834149956703186,1.835070013999939
2021-11-11 12:00:00+00:00,1.8350600004196167,1.8364299535751345,1.8333499431610107,1.8356300592422483
2021-11-11 13:00:00+00:00,1.8356300592422483,1.836459994316101,1.8336800336837769,1.8343100547790527
2021-11-11 14:00:00+00:00,1.8343100547790527,1.835340023040772,1.833330035209656,1.834589958190918
2021-11-11 15:00:00+00:00,1.834570050239563,1.8349699974060056,1.831240057945252,1.832610011100769
2021-11-11 16:00:00+00:00,1.8325899839401243,1.8345099687576287,1.8316999673843384,1.8336299657821653
2021-11-11 17:00:00+00:00,1.8336299657821653,1.8344899415969849,1.832890033721924,1.833359956741333
2021-11-11 18:00:00+00:00,1.8334100246429443,1.833590030670166,1.83187997341156,1.8321199417114256
2021-11-11 19:00:00+00:00,1.832489967346192,1.8328200578689573,1.8316099643707275,1.8325400352478027
2021-11-11 20:00:00+00:00,1.8325300216674805,1.8336600065231323,1.831799983978272,1.8332899808883667
2021-11-11 21:00:00+00:00,1.8332699537277224,1.833840012550354,1.8310400247573853,1.8323400020599363
2021-11-11 22:00:00+00:00,1.8321199417114256,1.8344700336456297,1.8287400007247925,1.8325400352478027
2021-11-11 23:00:00+00:00,1.8328200578689573,1.8341200351715088,1.831969976425171,1.833009958267212
2021-11-12 00:00:00+00:00,1.833109974861145,1.8334800004959104,1.8318599462509155,1.8327800035476685
2021-11-12 01:00:00+00:00,1.832859992980957,1.834750056266785,1.8323500156402588,1.834570050239563
2021-11-12 02:00:00+00:00,1.834460020065308,1.834959983825684,1.833359956741333,1.8346699476242063
2021-11-12 03:00:00+00:00,1.8346400260925293,1.83559000492096,1.8339300155639648,1.8343600034713743
2021-11-12 04:00:00+00:00,1.8344099521636963,1.8344700336456297,1.833299994468689,1.8342599868774407
2021-11-12 05:00:00+00:00,1.834220051765442,1.8345600366592407,1.8322199583053589,1.8330399990081787
2021-11-12 06:00:00+00:00,1.8330600261688232,1.833590030670166,1.831920027732849,1.83296000957489
2021-11-12 07:00:00+00:00,1.8330600261688232,1.8339799642562864,1.8318099975585933,1.8324400186538696
2021-11-12 08:00:00+00:00,1.832450032234192,1.8360799551010127,1.8313299417495728,1.835530042648316
2021-11-12 09:00:00+00:00,1.835559964179993,1.8368200063705444,1.8348300457000728,1.836719989776612
2021-11-12 10:00:00+00:00,1.836719989776612,1.836989998817444,1.83407998085022,1.8348400592803955
2021-11-12 11:00:00+00:00,1.8348900079727173,1.836220026016236,1.8344199657440183,1.83545994758606
2021-11-12 12:00:00+00:00,1.83545994758606,1.8360999822616573,1.8339899778366089,1.835309982299805
2021-11-12 13:00:00+00:00,1.835260033607483,1.8359500169754028,1.8327499628067017,1.834650039672852
2021-11-12 14:00:00+00:00,1.83473002910614,1.834779977798462,1.8322099447250368,1.833199977874756
2021-11-12 15:00:00+00:00,1.833240032196045,1.83528995513916,1.829139947891236,1.8295300006866453
2021-11-12 16:00:00+00:00,1.8295600414276123,1.8321000337600708,1.828950047492981,1.831570029258728
2021-11-12 17:00:00+00:00,1.831560015678405,1.8316199779510496,1.829699993133545,1.8311500549316408
2021-11-12 18:00:00+00:00,1.8313000202178955,1.831990003585816,1.8299100399017327,1.830360054969788
2021-11-12 19:00:00+00:00,1.8303799629211424,1.8310500383377075,1.8297100067138672,1.8300700187683103
2021-11-12 20:00:00+00:00,1.8300700187683103,1.8306399583816528,1.8293800354003904,1.8298100233078003
2021-11-12 21:00:00+00:00,1.829789996147156,1.830420017242432,1.8260600566864007,1.8293999433517456
2021-11-12 22:00:00+00:00,1.829509973526001,1.829509973526001,1.829349994659424,1.829349994659424
2021-11-15 00:00:00+00:00,1.8296799659729004,1.83149003982544,1.829259991645813,1.8300600051879885
2021-11-15 01:00:00+00:00,1.830170035362244,1.8316600322723389,1.8294700384140008,1.8304500579833984
2021-11-15 02:00:00+00:00,1.830440044403076,1.8308299779891968,1.829100012779236,1.829789996147156
2021-11-15 03:00:00+00:00,1.829740047454834,1.8298799991607664,1.8284399509429927,1.829439997673035
2021-11-15 04:00:00+00:00,1.829450011253357,1.8297200202941888,1.8280600309371948,1.8287500143051147
2021-11-15 05:00:00+00:00,1.828760027885437,1.8300299644470213,1.8281199932098389,1.8286800384521484
2021-11-15 06:00:00+00:00,1.828760027885437,1.8289999961853027,1.827370047569275,1.8286700248718264
2021-11-15 07:00:00+00:00,1.8286800384521484,1.8289300203323364,1.8248800039291384,1.825690031051636
2021-11-15 08:00:00+00:00,1.8257399797439573,1.8257800340652464,1.823050022125244,1.8237199783325195
2021-11-15 09:00:00+00:00,1.82368004322052,1.8244600296020508,1.8216700553894043,1.8224200010299685
2021-11-15 10:00:00+00:00,1.8224200010299685,1.8228700160980225,1.8206700086593628,1.8222600221633911
2021-11-15 11:00:00+00:00,1.822280049324036,1.824589967727661,1.821269989013672,1.8244199752807613
2021-11-15 12:00:00+00:00,1.824290037155152,1.824810028076172,1.8225200176239007,1.8244400024414065
2021-11-15 13:00:00+00:00,1.82440996170044,1.8250900506973269,1.823240041732788,1.8246400356292725
2021-11-15 14:00:00+00:00,1.8246099948883057,1.825279951095581,1.823089957237244,1.8246999979019165
2021-11-15 15:00:00+00:00,1.8247300386428835,1.8273899555206297,1.82440996170044,1.8249000310897827
2021-11-15 16:00:00+00:00,1.82492995262146,1.826490044593811,1.823580026626587,1.8264199495315552
2021-11-15 17:00:00+00:00,1.8264000415802,1.8271000385284424,1.82509994506836,1.825850009918213
2021-11-15 18:00:00+00:00,1.825809955596924,1.826859951019287,1.8244400024414065,1.825940012931824
2021-11-15 19:00:00+00:00,1.825940012931824,1.827049970626831,1.8256700038909912,1.826709985733032
2021-11-15 20:00:00+00:00,1.8267300128936768,1.827569961547852,1.8247100114822388,1.8249900341033936
2021-11-15 21:00:00+00:00,1.8250199556350708,1.825909972190857,1.8245500326156616,1.8250499963760376
2021-11-15 22:00:00+00:00,1.8252300024032595,1.8267699480056765,1.8242499828338623,1.8254499435424805
2021-11-15 23:00:00+00:00,1.8254499435424805,1.8262699842453003,1.8247499465942385,1.8256399631500244
2021-11-16 00:00:00+00:00,1.8256100416183472,1.826159954071045,1.823220014572144,1.8247300386428835
2021-11-16 01:00:00+00:00,1.824720025062561,1.82506000995636,1.8224899768829343,1.8235000371932983
2021-11-16 02:00:00+00:00,1.8235599994659424,1.825279951095581,1.822759985923767,1.8244800567626955
2021-11-16 03:00:00+00:00,1.8245199918746948,1.825819969177246,1.8233100175857544,1.8255900144577024
2021-11-16 04:00:00+00:00,1.825569987297058,1.8267199993133545,1.8246999979019165,1.825659990310669
2021-11-16 05:00:00+00:00,1.8256399631500244,1.828660011291504,1.8244999647140503,1.8278299570083616
2021-11-16 06:00:00+00:00,1.827890038490296,1.829740047454834,1.827069997787476,1.829010009765625
2021-11-16 07:00:00+00:00,1.829200029373169,1.834349989891052,1.8288999795913696,1.8335200548172
2021-11-16 08:00:00+00:00,1.8338600397109983,1.834820032119751,1.8308199644088743,1.834529995918274
2021-11-16 09:00:00+00:00,1.834579944610596,1.835819959640503,1.8328200578689573,1.8348900079727173
2021-11-16 10:00:00+00:00,1.834879994392395,1.8349100351333616,1.8323999643325808,1.8328499794006348
2021-11-16 11:00:00+00:00,1.832859992980957,1.8330199718475344,1.830739974975586,1.831130027770996
2021-11-16 12:00:00+00:00,1.831130027770996,1.83378005027771,1.8305200338363647,1.8327499628067017
2021-11-16 13:00:00+00:00,1.83273994922638,1.8346699476242063,1.830350041389465,1.834439992904663
2021-11-16 14:00:00+00:00,1.8345099687576287,1.835360050201416,1.833109974861145,1.8352199792861936
2021-11-16 15:00:00+00:00,1.835279941558838,1.835909962654113,1.8333100080490112,1.83421003818512
2021-11-16 16:00:00+00:00,1.83421003818512,1.8369799852371216,1.8335100412368768,1.836899995803833
2021-11-16 17:00:00+00:00,1.8369100093841555,1.8390699625015257,1.8363499641418457,1.8380299806594849
2021-11-16 18:00:00+00:00,1.83814001083374,1.8387600183486936,1.8371299505233765,1.838369965553284
2021-11-16 19:00:00+00:00,1.838320016860962,1.839570045471192,1.837649941444397,1.8392599821090696
2021-11-16 20:00:00+00:00,1.8393100500106807,1.840569972991944,1.8380299806594849,1.8396400213241573
2021-11-16 21:00:00+00:00,1.8396400213241573,1.840090036392212,1.837309956550598,1.8384300470352173
2021-11-16 22:00:00+00:00,1.838230013847351,1.8394999504089355,1.836940050125122,1.8389099836349487
2021-11-16 23:00:00+00:00,1.8389099836349487,1.8401800394058228,1.8380099534988403,1.838750004768372
2021-11-17 00:00:00+00:00,1.8387199640274048,1.8432899713516235,1.838250041007996,1.8419599533081048
2021-11-17 01:00:00+00:00,1.8420499563217163,1.84460997581482,1.84103000164032,1.842990040779113
2021-11-17 02:00:00+00:00,1.8430399894714355,1.8440500497817995,1.8422399759292605,1.8436299562454224
2021-11-17 03:00:00+00:00,1.843250036239624,1.846009969711304,1.842829942703247,1.8438199758529663
2021-11-17 04:00:00+00:00,1.843809962272644,1.8439199924469,1.8422000408172607,1.8431999683380127
2021-11-17 05:00:00+00:00,1.8432199954986568,1.844230055809021,1.8425699472427368,1.8430800437927248
2021-11-17 06:00:00+00:00,1.8430800437927248,1.8434699773788448,1.8407700061798096,1.841969966888428
2021-11-17 07:00:00+00:00,1.8420900106430047,1.846379995346069,1.8416500091552728,1.8434300422668457
2021-11-17 08:00:00+00:00,1.843440055847168,1.845020055770874,1.8427300453186035,1.8444600105285645
2021-11-17 09:00:00+00:00,1.8444900512695312,1.846459984779358,1.8433200120925903,1.8446500301361084
2021-11-17 10:00:00+00:00,1.8446999788284304,1.8478800058364868,1.8435900211334229,1.847730040550232
2021-11-17 11:00:00+00:00,1.847749948501587,1.847769975662232,1.843809962272644,1.8447999954223635
2021-11-17 12:00:00+00:00,1.8447400331497192,1.8458600044250488,1.8440300226211548,1.844730019569397
2021-11-17 13:00:00+00:00,1.8447699546813965,1.848099946975708,1.844230055809021,1.84798002243042
2021-11-17 14:00:00+00:00,1.8479900360107424,1.8537399768829343,1.8474299907684328,1.850909948348999
2021-11-17 15:00:00+00:00,1.8509000539779663,1.8515900373458865,1.8491599559783936,1.850489974021912
2021-11-17 16:00:00+00:00,1.8505500555038448,1.8554400205612185,1.8498300313949585,1.854320049285889
2021-11-17 17:00:00+00:00,1.854320049285889,1.8565800189971924,1.8532500267028809,1.85562002658844
2021-11-17 18:00:00+00:00,1.8557100296020508,1.8569600582122805,1.8550100326538088,1.8567999601364136
2021-11-17 19:00:00+00:00,1.856809973716736,1.85739004611969,1.855530023574829,1.8572900295257568
2021-11-17 20:00:00+00:00,1.8573399782180784,1.857460021972656,1.855329990386963,1.8567800521850584
2021-11-17 21:00:00+00:00,1.8567999601364136,1.857499957084656,1.854509949684143,1.85510003566742
2021-11-17 22:00:00+00:00,1.854830026626587,1.8573600053787231,1.8541300296783447,1.8569300174713133
2021-11-17 23:00:00+00:00,1.857010006904602,1.857499957084656,1.8552299737930296,1.855530023574829
2021-11-18 00:00:00+00:00,1.8557499647140503,1.8578200340271,1.855129957199097,1.8575400114059448
2021-11-18 01:00:00+00:00,1.857570052146912,1.860030055046081,1.856899976730347,1.8587100505828853
2021-11-18 02:00:00+00:00,1.858739972114563,1.8595399856567385,1.8567700386047363,1.8571200370788568
2021-11-18 03:00:00+00:00,1.8571799993515008,1.8580000400543213,1.8554500341415403,1.8564300537109373
2021-11-18 04:00:00+00:00,1.856469988822937,1.856619954109192,1.853899955749512,1.854779958724976
2021-11-18 05:00:00+00:00,1.8547899723052976,1.85493004322052,1.8530999422073364,1.853309988975525
2021-11-18 06:00:00+00:00,1.853369951248169,1.8545600175857544,1.8523399829864504,1.8533799648284912
2021-11-18 07:00:00+00:00,1.853399991989136,1.854099988937378,1.851369976997376,1.8531299829483032
2021-11-18 08:00:00+00:00,1.853209972381592,1.8547300100326536,1.851989984512329,1.8542799949646
2021-11-18 09:00:00+00:00,1.8542499542236328,1.8547899723052976,1.8515700101852417,1.852180004119873
2021-11-18 10:00:00+00:00,1.852220058441162,1.8535399436950684,1.8514399528503416,1.8524099588394165
2021-11-18 11:00:00+00:00,1.8524199724197388,1.8527899980545044,1.8502800464630127,1.850929975509644
2021-11-18 12:00:00+00:00,1.8509399890899656,1.8514599800109863,1.849609971046448,1.8502099514007568
2021-11-18 13:00:00+00:00,1.85018002986908,1.854990005493164,1.849670052528381,1.8543100357055664
2021-11-18 14:00:00+00:00,1.854359984397888,1.8551700115203853,1.8522900342941284,1.8544299602508545
2021-11-18 15:00:00+00:00,1.8543699979782104,1.858139991760254,1.852970004081726,1.8563799858093264
2021-11-18 16:00:00+00:00,1.8563599586486816,1.857499957084656,1.853960037231445,1.8554400205612185
2021-11-18 17:00:00+00:00,1.855370044708252,1.8557000160217283,1.8531999588012693,1.85493004322052
2021-11-18 18:00:00+00:00,1.8550000190734863,1.8567399978637693,1.8547099828720093,1.856289982795716
2021-11-18 19:00:00+00:00,1.856289982795716,1.856469988822937,1.854670047760009,1.8549699783325195
2021-11-18 20:00:00+00:00,1.854990005493164,1.85548996925354,1.8539799451828003,1.8550699949264529
2021-11-18 21:00:00+00:00,1.8550699949264529,1.8558199405670168,1.8533799648284912,1.8534899950027464
2021-11-18 22:00:00+00:00,1.8538299798965447,1.8559999465942385,1.85169005393982,1.8550699949264529
2021-11-18 23:00:00+00:00,1.8548099994659424,1.855139970779419,1.853909969329834,1.8549699783325195
2021-11-19 00:00:00+00:00,1.8550699949264529,1.855290055274964,1.853700041770935,1.85493004322052
2021-11-19 01:00:00+00:00,1.85493004322052,1.8560199737548828,1.8528200387954712,1.8534799814224243
2021-11-19 02:00:00+00:00,1.8534799814224243,1.8545900583267207,1.8524199724197388,1.854449987411499
2021-11-19 03:00:00+00:00,1.854519963264465,1.8556300401687624,1.8535000085830688,1.854259967803955
2021-11-19 04:00:00+00:00,1.854259967803955,1.854580044746399,1.8528300523757928,1.8537499904632568
2021-11-19 05:00:00+00:00,1.85371994972229,1.8541500568389893,1.851619958877564,1.8520100116729736
2021-11-19 06:00:00+00:00,1.8520300388336184,1.8531299829483032,1.8512799739837649,1.8526400327682493
2021-11-19 07:00:00+00:00,1.852710008621216,1.853780031204224,1.8519799709320068,1.852499961853028
2021-11-19 08:00:00+00:00,1.8525400161743164,1.853340029716492,1.849310040473938,1.8496899604797363
2021-11-19 09:00:00+00:00,1.849760055541992,1.8549200296401973,1.8481199741363523,1.854519963264465
2021-11-19 10:00:00+00:00,1.854470014572144,1.8546799421310425,1.8522000312805176,1.854030013084412
2021-11-19 11:00:00+00:00,1.854030013084412,1.858819961547852,1.8535399436950684,1.8582299947738647
2021-11-19 12:00:00+00:00,1.85820996761322,1.85820996761322,1.854910016059876,1.8555699586868288
2021-11-19 13:00:00+00:00,1.85562002658844,1.8572399616241453,1.854339957237244,1.8550200462341309
2021-11-19 14:00:00+00:00,1.8550200462341309,1.8562599420547483,1.8525999784469604,1.8531299829483032
2021-11-19 15:00:00+00:00,1.853209972381592,1.8563599586486816,1.8523999452590945,1.8554600477218628
2021-11-19 16:00:00+00:00,1.8554600477218628,1.8569600582122805,1.8544100522994995,1.856619954109192
2021-11-19 17:00:00+00:00,1.8566499948501587,1.858590006828308,1.8554199934005733,1.857630014419556
2021-11-19 18:00:00+00:00,1.8576500415802,1.858870029449463,1.856950044631958,1.858450055122376
2021-11-19 19:00:00+00:00,1.858450055122376,1.8591200113296509,1.8577899932861328,1.8585200309753416
2021-11-19 20:00:00+00:00,1.8585100173950195,1.8592599630355835,1.857740044593811,1.8585200309753416
2021-11-19 21:00:00+00:00,1.8585200309753416,1.859509944915772,1.8562599420547483,1.858530044555664
2021-11-19 22:00:00+00:00,1.8584100008010864,1.860159993171692,1.8584100008010864,1.8597300052642824
2021-11-22 00:00:00+00:00,1.857460021972656,1.8595600128173828,1.856320023536682,1.8579100370407104
2021-11-22 01:00:00+00:00,1.8579200506210327,1.8585200309753416,1.8559900522232056,1.8562400341033936
2021-11-22 02:00:00+00:00,1.8562999963760376,1.8570300340652464,1.8546299934387207,1.85634994506836
2021-11-22 03:00:00+00:00,1.85634994506836,1.8565900325775144,1.854339957237244,1.8549400568008425
2021-11-22 04:00:00+00:00,1.8549400568008425,1.854949951171875,1.8523999452590945,1.853659987449646
2021-11-22 05:00:00+00:00,1.8536700010299685,1.854519963264465,1.8527899980545044,1.853410005569458
2021-11-22 06:00:00+00:00,1.853469967842102,1.854529976844788,1.8526300191879272,1.8542499542236328
2021-11-22 07:00:00+00:00,1.854320049285889,1.8546299934387207,1.851539969444275,1.8523399829864504
2021-11-22 08:00:00+00:00,1.852309942245484,1.8532400131225584,1.850260019302368,1.8521699905395508
2021-11-22 09:00:00+00:00,1.8521499633789065,1.8525700569152832,1.8498300313949585,1.850819945335388
2021-11-22 10:00:00+00:00,1.850810050964356,1.8519099950790403,1.8499699831008911,1.851770043373108
2021-11-22 11:00:00+00:00,1.851770043373108,1.8526699542999268,1.849869966506958,1.852309942245484
2021-11-22 12:00:00+00:00,1.85221004486084,1.8530700206756592,1.850430011749268,1.852220058441162
2021-11-22 13:00:00+00:00,1.8522299528121948,1.8523499965667725,1.8487199544906616,1.849179983139038
2021-11-22 14:00:00+00:00,1.849110007286072,1.8510700464248653,1.8471800088882449,1.85030996799469
2021-11-22 15:00:00+00:00,1.8503299951553345,1.8513400554656985,1.8479399681091309,1.848960041999817
2021-11-22 16:00:00+00:00,1.848889946937561,1.853970050811768,1.848610043525696,1.8537499904632568
2021-11-22 17:00:00+00:00,1.8537499904632568,1.854490041732788,1.8518600463867188,1.8523499965667725
2021-11-22 18:00:00+00:00,1.8522800207138064,1.853060007095337,1.8518600463867188,1.852460026741028
2021-11-22 19:00:00+00:00,1.8524399995803835,1.8530000448226929,1.851580023765564,1.85221004486084
2021-11-22 20:00:00+00:00,1.8522800207138064,1.8545000553131104,1.851989984512329,1.8540199995040887
2021-11-22 21:00:00+00:00,1.8539999723434448,1.854359984397888,1.852270007133484,1.8541200160980225
2021-11-22 22:00:00+00:00,1.8541300296783447,1.8544399738311768,1.8519400358200075,1.8536800146102903
2021-11-22 23:00:00+00:00,1.8535499572753904,1.8540400266647337,1.8525700569152832,1.853600025177002
2021-11-23 00:00:00+00:00,1.8536200523376465,1.854169964790344,1.85247004032135,1.85371994972229
2021-11-23 01:00:00+00:00,1.853780031204224,1.854339957237244,1.8516299724578853,1.8526400327682493
2021-11-23 02:00:00+00:00,1.852579951286316,1.8551700115203853,1.8521100282669067,1.853309988975525
2021-11-23 03:00:00+00:00,1.853309988975525,1.8540400266647337,1.8524399995803835,1.8536700010299685
2021-11-23 04:00:00+00:00,1.853760004043579,1.85479998588562,1.8529900312423704,1.8544600009918213
2021-11-23 05:00:00+00:00,1.854490041732788,1.855839967727661,1.853919982910156,1.8555200099945068
2021-11-23 06:00:00+00:00,1.8554600477218628,1.8556499481201167,1.853410005569458,1.854009985923767
2021-11-23 07:00:00+00:00,1.8539299964904783,1.855159997940064,1.8532899618148804,1.8538899421691888
2021-11-23 08:00:00+00:00,1.853899955749512,1.855370044708252,1.852869987487793,1.8539400100708008
2021-11-23 09:00:00+00:00,1.8540199995040887,1.854030013084412,1.850379943847656,1.85169005393982
2021-11-23 10:00:00+00:00,1.8517199754714968,1.8517600297927856,1.849120020866394,1.849660038948059
2021-11-23 11:00:00+00:00,1.8492900133132928,1.8516600131988523,1.8492900133132928,1.850540041923523
2021-11-23 12:00:00+00:00,1.850600004196167,1.851130008697509,1.849179983139038,1.850000023841858
2021-11-23 13:00:00+00:00,1.849990010261536,1.852300047874451,1.8496400117874143,1.852270007133484
2021-11-23 14:00:00+00:00,1.852270007133484,1.8524500131607056,1.849550008773804,1.850319981575012
2021-11-23 15:00:00+00:00,1.850319981575012,1.852530002593994,1.8496899604797363,1.8519500494003296
2021-11-23 16:00:00+00:00,1.8519099950790403,1.8543299436569207,1.8516700267791748,1.8536900281906128
2021-11-23 17:00:00+00:00,1.8537399768829343,1.8542799949646,1.8517999649047847,1.8528900146484373
2021-11-23 18:00:00+00:00,1.852929949760437,1.8532899618148804,1.8513599634170528,1.8518999814987185
2021-11-23 19:00:00+00:00,1.851930022239685,1.8528800010681152,1.8514200448989868,1.852460026741028
2021-11-23 20:00:00+00:00,1.852519989013672,1.8526899814605715,1.850430011749268,1.8508800268173216
2021-11-23 21:00:00+00:00,1.8508800268173216,1.8519599437713623,1.849920034408569,1.8507000207901
2021-11-23 22:00:00+00:00,1.850729942321777,1.8517199754714968,1.8492499589920044,1.850950002670288
2021-11-23 23:00:00+00:00,1.850950002670288,1.8522800207138064,1.8501399755477903,1.8519400358200075
2021-11-24 00:00:00+00:00,1.851930022239685,1.8524800539016724,1.851040005683899,1.8519599437713623
2021-11-24 01:00:00+00:00,1.8519099950790403,1.853860020637512,1.8507200479507449,1.8528599739074707
2021-11-24 02:00:00+00:00,1.8528300523757928,1.8536800146102903,1.8514100313186648,1.8525400161743164
2021-11-24 03:00:00+00:00,1.852530002593994,1.8560099601745603,1.8520400524139404,1.8553099632263184
2021-11-24 04:00:00+00:00,1.855239987373352,1.8573600053787231,1.855049967765808,1.855180025100708
2021-11-24 05:00:00+00:00,1.855530023574829,1.855929970741272,1.8536200523376465,1.854390025138855
2021-11-24 06:00:00+00:00,1.8544000387191768,1.8545000553131104,1.8525899648666384,1.853469967842102
2021-11-24 07:00:00+00:00,1.8534899950027464,1.854859948158264,1.8524800539016724,1.852499961853028
2021-11-24 08:00:00+00:00,1.852620005607605,1.853469967842102,1.8509700298309328,1.8510899543762207
2021-11-24 09:00:00+00:00,1.8511799573898315,1.8518500328063965,1.8495299816131592,1.850260019302368
2021-11-24 10:00:00+00:00,1.850319981575012,1.8520499467849727,1.849239945411682,1.8518999814987185
2021-11-24 11:00:00+00:00,1.851930022239685,1.854320049285889,1.8515199422836304,1.85359001159668
2021-11-24 12:00:00+00:00,1.8536299467086792,1.8557000160217283,1.8529800176620483,1.8535699844360352
2021-11-24 13:00:00+00:00,1.8534899950027464,1.855909943580628,1.851889967918396,1.855909943580628
2021-11-24 14:00:00+00:00,1.8559000492095947,1.8565800189971924,1.853399991989136,1.853659987449646
2021-11-24 15:00:00+00:00,1.8532299995422363,1.8540799617767327,1.8514200448989868,1.8535799980163568
2021-11-24 16:00:00+00:00,1.8535799980163568,1.854269981384277,1.8509700298309328,1.8522299528121948
2021-11-24 17:00:00+00:00,1.8522299528121948,1.853649973869324,1.8514800071716309,1.8531999588012693
2021-11-24 18:00:00+00:00,1.8531999588012693,1.85359001159668,1.8520300388336184,1.8530800342559808
2021-11-24 19:00:00+00:00,1.8531099557876587,1.8541100025177,1.8514599800109863,1.8521499633789065
2021-11-24 20:00:00+00:00,1.8521499633789065,1.8529200553894043,1.851250052452088,1.8516299724578853
2021-11-24 21:00:00+00:00,1.8516600131988523,1.852779984474182,1.8509399890899656,1.8513400554656985
2021-11-24 22:00:00+00:00,1.8513000011444087,1.852810025215149,1.85018002986908,1.8519400358200075
2021-11-24 23:00:00+00:00,1.8518799543380733,1.8523900508880613,1.8501900434494016,1.8507499694824217
2021-11-25 00:00:00+00:00,1.850890040397644,1.8519099950790403,1.8498899936676023,1.8519099950790403
2021-11-25 01:00:00+00:00,1.8518999814987185,1.852429986000061,1.8507000207901,1.8518600463867188
2021-11-25 02:00:00+00:00,1.8518799543380733,1.8528599739074707,1.850810050964356,1.852579951286316
2021-11-25 03:00:00+00:00,1.8526099920272827,1.8533899784088133,1.85169005393982,1.8528800010681152
2021-11-25 04:00:00+00:00,1.8529200553894043,1.8535799980163568,1.8523600101470947,1.8526899814605715
2021-11-25 05:00:00+00:00,1.852679967880249,1.853950023651123,1.852220058441162,1.8530800342559808
2021-11-25 06:00:00+00:00,1.8530100584030151,1.8534300327301023,1.8522000312805176,1.853209972381592
2021-11-25 07:00:00+00:00,1.8532999753952024,1.8533899784088133,1.8512200117111208,1.8532299995422363
2021-11-25 08:00:00+00:00,1.8532500267028809,1.854740023612976,1.851889967918396,1.854390025138855
2021-11-25 09:00:00+00:00,1.854449987411499,1.8564599752426147,1.8536700010299685,1.8545399904251096
2021-11-25 10:00:00+00:00,1.854580044746399,1.8550599813461304,1.8526699542999268,1.8528900146484373
2021-11-25 11:00:00+00:00,1.852910041809082,1.8545700311660769,1.8518400192260744,1.8531999588012693
2021-11-25 12:00:00+00:00,1.853209972381592,1.8538299798965447,1.851699948310852,1.8536800146102903
2021-11-25 13:00:00+00:00,1.8538099527359009,1.854349970817566,1.8517099618911743,1.853350043296814
2021-11-25 14:00:00+00:00,1.8533799648284912,1.85385000705719,1.8512400388717647,1.8515299558639529
2021-11-25 15:00:00+00:00,1.8516099452972408,1.8533200025558472,1.8509199619293213,1.8525400161743164
2021-11-25 16:00:00+00:00,1.852650046348572,1.8537399768829343,1.85224997997284,1.8531700372695925
2021-11-25 17:00:00+00:00,1.8531700372695925,1.8542300462722776,1.8525400161743164,1.8538099527359009
2021-11-25 18:00:00+00:00,1.8537700176239007,1.8546299934387207,1.85155999660492,1.8526999950408936
2021-11-25 19:00:00+00:00,1.8529900312423704,1.8541300296783447,1.851349949836731,1.85302996635437
2021-11-25 20:00:00+00:00,1.8531299829483032,1.853780031204224,1.8508399724960327,1.8531399965286253
2021-11-25 21:00:00+00:00,1.8531399965286253,1.8537399768829343,1.8511199951171875,1.851639986038208
2021-11-25 22:00:00+00:00,1.852710008621216,1.8535100221633911,1.8480299711227417,1.8526899814605715
2021-11-25 23:00:00+00:00,1.8526899814605715,1.8557100296020508,1.851099967956543,1.8554999828338623
2021-11-26 00:00:00+00:00,1.8556900024414065,1.857699990272522,1.8544000387191768,1.855839967727661
2021-11-26 01:00:00+00:00,1.8558299541473389,1.8593499660491943,1.8548799753189087,1.8590400218963623
2021-11-26 02:00:00+00:00,1.8590999841690063,1.862720012664795,1.8586399555206297,1.861979961395264
2021-11-26 03:00:00+00:00,1.862030029296875,1.8642899990081787,1.8610600233078003,1.862380027770996
2021-11-26 04:00:00+00:00,1.8623900413513184,1.8635599613189693,1.8614699840545648,1.862920045852661
2021-11-26 05:00:00+00:00,1.862920045852661,1.8639099597930908,1.861610054969788,1.862339973449707
2021-11-26 06:00:00+00:00,1.862339973449707,1.8650000095367432,1.8617099523544312,1.864429950714112
2021-11-26 07:00:00+00:00,1.8644100427627563,1.867709994316101,1.8642899990081787,1.8675999641418457
2021-11-26 08:00:00+00:00,1.8676600456237795,1.869830012321472,1.8628599643707275,1.8632500171661377
2021-11-26 09:00:00+00:00,1.8632800579071045,1.8696000576019287,1.862939953804016,1.8680700063705444
2021-11-26 10:00:00+00:00,1.8680200576782229,1.8683600425720213,1.863700032234192,1.8670400381088257
2021-11-26 11:00:00+00:00,1.8669099807739256,1.8682600259780884,1.865520000457764,1.866860032081604
2021-11-26 12:00:00+00:00,1.866979956626892,1.867400050163269,1.863800048828125,1.865630030632019
2021-11-26 13:00:00+00:00,1.865779995918274,1.8682299852371216,1.864949941635132,1.86684000492096
2021-11-26 14:00:00+00:00,1.866979956626892,1.8677599430084229,1.865190029144287,1.865820050239563
2021-11-26 15:00:00+00:00,1.865700006484985,1.8719300031661987,1.865210056304932,1.8711700439453125
2021-11-26 16:00:00+00:00,1.8712799549102783,1.8722100257873533,1.8686399459838867,1.870000004768372
2021-11-26 17:00:00+00:00,1.870059967041016,1.8712999820709229,1.8676999807357788,1.8705099821090696
2021-11-26 18:00:00+00:00,1.8705099821090696,1.87417995929718,1.8677599430084229,1.871940016746521
2021-11-26 19:00:00+00:00,1.871790051460266,1.8751399517059328,1.868839979171753,1.872779965400696
2021-11-26 20:00:00+00:00,1.8727400302886963,1.876870036125183,1.8654299974441528,1.871510028839112
2021-11-26 21:00:00+00:00,1.8716200590133667,1.8782600164413448,1.8673900365829468,1.8717999458312988
2021-11-26 22:00:00+00:00,1.871399998664856,1.871399998664856,1.871399998664856,1.871399998664856
2021-11-29 00:00:00+00:00,1.867650032043457,1.8691099882125848,1.866510033607483,1.8683600425720213
2021-11-29 01:00:00+00:00,1.868409991264344,1.868839979171753,1.8663899898529053,1.8671499490737915
2021-11-29 02:00:00+00:00,1.8671400547027588,1.868170022964477,1.8661400079727173,1.8670599460601809
2021-11-29 03:00:00+00:00,1.867030024528504,1.8688499927520752,1.865380048751831,1.865900039672852
2021-11-29 04:00:00+00:00,1.865960001945496,1.8676199913024905,1.8653199672698968,1.8666800260543823
2021-11-29 05:00:00+00:00,1.86670994758606,1.8700400590896609,1.866459965705872,1.8682199716567995
2021-11-29 06:00:00+00:00,1.868250012397766,1.869330048561096,1.8650699853897093,1.865779995918274
2021-11-29 07:00:00+00:00,1.865790009498596,1.8663400411605835,1.863860011100769,1.8647300004959104
2021-11-29 08:00:00+00:00,1.8647799491882324,1.868170022964477,1.864199995994568,1.867519974708557
2021-11-29 09:00:00+00:00,1.8676400184631348,1.868170022964477,1.8649300336837769,1.8660500049591064
2021-11-29 10:00:00+00:00,1.866029977798462,1.8678300380706787,1.864060044288636,1.8676300048828125
2021-11-29 11:00:00+00:00,1.8676300048828125,1.8679800033569336,1.8649300336837769,1.865880012512207
2021-11-29 12:00:00+00:00,1.8659100532531736,1.8683500289916992,1.865380048751831,1.86615002155304
2021-11-29 13:00:00+00:00,1.86615002155304,1.866559982299805,1.8632800579071045,1.863919973373413
2021-11-29 14:00:00+00:00,1.8638999462127688,1.8647500276565552,1.8623299598693848,1.864429950714112
2021-11-29 15:00:00+00:00,1.8645299673080444,1.868549942970276,1.863240003585816,1.8682199716567995
2021-11-29 16:00:00+00:00,1.8681800365448,1.8692200183868408,1.8665800094604488,1.867050051689148
2021-11-29 17:00:00+00:00,1.8670200109481807,1.8673700094223025,1.863919973373413,1.8659900426864624
2021-11-29 18:00:00+00:00,1.865960001945496,1.866070032119751,1.8633099794387813,1.863739967346192
2021-11-29 19:00:00+00:00,1.863680005073548,1.864789962768555,1.8632899522781368,1.864359974861145
2021-11-29 20:00:00+00:00,1.8644399642944336,1.8659299612045288,1.8640400171279907,1.865440011024475
2021-11-29 21:00:00+00:00,1.865399956703186,1.8656599521636963,1.863019943237305,1.8631099462509155
2021-11-29 22:00:00+00:00,1.863420009613037,1.866269946098328,1.8621200323104856,1.863549947738648
2021-11-29 23:00:00+00:00,1.863549947738648,1.8642499446868896,1.8625999689102173,1.8629000186920168
2021-11-30 00:00:00+00:00,1.8632099628448489,1.8649100065231323,1.861979961395264,1.8648099899291992
2021-11-30 01:00:00+00:00,1.8647799491882324,1.8650599718093872,1.8629499673843384,1.8638700246810915
2021-11-30 02:00:00+00:00,1.863919973373413,1.8643699884414675,1.862210035324097,1.8625099658966064
2021-11-30 03:00:00+00:00,1.862529993057251,1.8652499914169312,1.861999988555908,1.864050030708313
2021-11-30 04:00:00+00:00,1.8640999794006348,1.8653099536895752,1.8635200262069704,1.8646199703216555
2021-11-30 05:00:00+00:00,1.864629983901977,1.8750499486923216,1.863890051841736,1.8748199939727783
2021-11-30 06:00:00+00:00,1.8747999668121336,1.87654995918274,1.871569991111756,1.873810052871704
2021-11-30 07:00:00+00:00,1.873810052871704,1.874940037727356,1.869869947433472,1.872030019760132
2021-11-30 08:00:00+00:00,1.8719799518585205,1.8767999410629272,1.8706599473953247,1.8758100271224976
2021-11-30 09:00:00+00:00,1.87582004070282,1.8786799907684328,1.8746800422668457,1.875360012054444
2021-11-30 10:00:00+00:00,1.875360012054444,1.8758399486541748,1.8715499639511108,1.8725600242614744
2021-11-30 11:00:00+00:00,1.8725600242614744,1.873479962348938,1.8694599866867063,1.870630025863648
2021-11-30 12:00:00+00:00,1.8707200288772583,1.8709299564361568,1.8667700290679927,1.8675600290298464
2021-11-30 13:00:00+00:00,1.8675099611282349,1.8681999444961548,1.864840030670166,1.8658900260925293
2021-11-30 14:00:00+00:00,1.8658000230789185,1.866610050201416,1.8637800216674805,1.8654899597167969
2021-11-30 15:00:00+00:00,1.8655099868774407,1.8709100484848025,1.8630599975585933,1.865710020065308
2021-11-30 16:00:00+00:00,1.8656699657440183,1.8700499534606927,1.8635900020599363,1.869060039520264
2021-11-30 17:00:00+00:00,1.869060039520264,1.871019959449768,1.8668999671936035,1.8675400018692017
2021-11-30 18:00:00+00:00,1.8675400018692017,1.8677599430084229,1.8643800020217896,1.8653099536895752
2021-11-30 19:00:00+00:00,1.865280032157898,1.866029977798462,1.86421000957489,1.865339994430542
2021-11-30 20:00:00+00:00,1.8653199672698968,1.8671300411224363,1.8644800186157229,1.865949988365173
2021-11-30 21:00:00+00:00,1.86601996421814,1.8668800592422483,1.8645999431610107,1.8651200532913208
2021-11-30 22:00:00+00:00,1.8652299642562864,1.8672900199890137,1.862779974937439,1.8660900592803955
2021-11-30 23:00:00+00:00,1.866209983825684,1.867930054664612,1.865149974822998,1.8657499551773071
2021-12-01 00:00:00+00:00,1.8658699989318848,1.867089986801148,1.8631099462509155,1.864949941635132
2021-12-01 01:00:00+00:00,1.8649699687957764,1.865399956703186,1.861799955368042,1.8630800247192385
2021-12-01 02:00:00+00:00,1.8630900382995603,1.8631900548934937,1.8591500520706177,1.8595900535583496
2021-12-01 03:00:00+00:00,1.8596099615097048,1.8610700368881223,1.8582600355148315,1.8597700595855715
2021-12-01 04:00:00+00:00,1.8597999811172483,1.8600000143051147,1.8573399782180784,1.858389973640442
2021-12-01 05:00:00+00:00,1.858389973640442,1.8593499660491943,1.8576699495315552,1.859089970588684
2021-12-01 06:00:00+00:00,1.859089970588684,1.8606300354003904,1.8571799993515008,1.8604999780654907
2021-12-01 07:00:00+00:00,1.8604799509048464,1.8635300397872925,1.8597899675369265,1.862190008163452
2021-12-01 08:00:00+00:00,1.862149953842163,1.8628599643707275,1.8594900369644165,1.8602999448776243
2021-12-01 09:00:00+00:00,1.8603099584579468,1.863070011138916,1.8584200143814087,1.8606499433517456
2021-12-01 10:00:00+00:00,1.8607100248336792,1.862249970436096,1.8592900037765503,1.8607499599456787
2021-12-01 11:00:00+00:00,1.8607499599456787,1.8627899885177608,1.8592100143432613,1.8624000549316408
2021-12-01 12:00:00+00:00,1.862360000610352,1.8642499446868896,1.8614399433135984,1.86421000957489
2021-12-01 13:00:00+00:00,1.864230036735535,1.8657200336456297,1.8618899583816528,1.863929986953736
2021-12-01 14:00:00+00:00,1.8638800382614136,1.8653000593185425,1.862149953842163,1.8626799583435056
2021-12-01 15:00:00+00:00,1.862210035324097,1.8639700412750244,1.859910011291504,1.863180041313172
2021-12-01 16:00:00+00:00,1.863170027732849,1.8667000532150269,1.86243999004364,1.865949988365173
2021-12-01 17:00:00+00:00,1.86598002910614,1.8679499626159668,1.8650699853897093,1.8673900365829468
2021-12-01 18:00:00+00:00,1.8673700094223025,1.8679399490356443,1.8645199537277224,1.866260051727295
2021-12-01 19:00:00+00:00,1.866320013999939,1.8677599430084229,1.865650057792664,1.8675800561904907
2021-12-01 20:00:00+00:00,1.86749005317688,1.869500041007996,1.867069959640503,1.869369983673096
2021-12-01 21:00:00+00:00,1.869379997253418,1.8694599866867063,1.865880012512207,1.8679499626159668
2021-12-01 22:00:00+00:00,1.867859959602356,1.86913001537323,1.8655099868774407,1.868749976158142
2021-12-01 23:00:00+00:00,1.868810057640076,1.869060039520264,1.8671300411224363,1.8678200244903564
2021-12-02 00:00:00+00:00,1.8680200576782229,1.8708900213241573,1.8669899702072144,1.8699500560760496
2021-12-02 01:00:00+00:00,1.8699400424957275,1.870479941368103,1.866729974746704,1.8679100275039675
2021-12-02 02:00:00+00:00,1.8678200244903564,1.8704099655151367,1.8676300048828125,1.868839979171753
2021-12-02 03:00:00+00:00,1.868839979171753,1.869989991188049,1.868489980697632,1.8691999912261963
2021-12-02 04:00:00+00:00,1.869140028953552,1.872879981994629,1.868549942970276,1.87214994430542
2021-12-02 05:00:00+00:00,1.872120022773743,1.8728400468826287,1.8702199459075928,1.8707200288772583
2021-12-02 06:00:00+00:00,1.8707799911499023,1.8716000318527224,1.869140028953552,1.8694700002670288
2021-12-02 07:00:00+00:00,1.8695100545883176,1.8705500364303589,1.868149995803833,1.869740009307861
2021-12-02 08:00:00+00:00,1.86968994140625,1.871510028839112,1.868399977684021,1.8711800575256348
2021-12-02 09:00:00+00:00,1.871209979057312,1.8744399547576904,1.8706400394439693,1.8737200498580933
2021-12-02 10:00:00+00:00,1.8737200498580933,1.8759599924087524,1.8733400106430047,1.874019980430603
2021-12-02 11:00:00+00:00,1.8739999532699585,1.87677001953125,1.8734999895095823,1.8757100105285645
2021-12-02 12:00:00+00:00,1.8757100105285645,1.878600001335144,1.8745900392532349,1.8765900135040283
2021-12-02 13:00:00+00:00,1.8765900135040283,1.8789399862289429,1.8758100271224976,1.876579999923706
2021-12-02 14:00:00+00:00,1.8767399787902832,1.878520011901856,1.8737499713897705,1.874559998512268
2021-12-02 15:00:00+00:00,1.874420046806336,1.875730037689209,1.8717999458312988,1.8752000331878664
2021-12-02 16:00:00+00:00,1.875190019607544,1.8763699531555176,1.8732099533081048,1.8745800256729128
2021-12-02 17:00:00+00:00,1.874600052833557,1.8753199577331543,1.873129963874817,1.8747700452804563
2021-12-02 18:00:00+00:00,1.8747600317001345,1.8760299682617188,1.87362003326416,1.873960018157959
2021-12-02 19:00:00+00:00,1.8740700483322144,1.8766599893569944,1.873289942741394,1.875890016555786
2021-12-02 20:00:00+00:00,1.875920057296753,1.8761199712753296,1.8743000030517576,1.875249981880188
2021-12-02 21:00:00+00:00,1.875249981880188,1.876039981842041,1.8741099834442136,1.8747400045394893
2021-12-02 22:00:00+00:00,1.8741999864578247,1.875980019569397,1.870350003242493,1.8752000331878664
2021-12-02 23:00:00+00:00,1.8752199411392207,1.8769099712371824,1.8739900588989256,1.8765599727630613
2021-12-03 00:00:00+00:00,1.8763400316238403,1.8777300119400024,1.8759299516677856,1.877560019493103
2021-12-03 01:00:00+00:00,1.877640008926392,1.880519986152649,1.8768800497055047,1.8793400526046755
2021-12-03 02:00:00+00:00,1.879289984703064,1.8807599544525144,1.878559947013855,1.879430055618286
2021-12-03 03:00:00+00:00,1.879449963569641,1.8813799619674685,1.8781700134277344,1.8791600465774536
2021-12-03 04:00:00+00:00,1.8791600465774536,1.879979968070984,1.8777899742126465,1.878460049629212
2021-12-03 05:00:00+00:00,1.8783799409866333,1.879080057144165,1.876950025558472,1.877640008926392
2021-12-03 06:00:00+00:00,1.8775899410247805,1.880329966545105,1.8766499757766724,1.8798999786376955
2021-12-03 07:00:00+00:00,1.87995994091034,1.880020022392273,1.8785300254821773,1.8791199922561648
2021-12-03 08:00:00+00:00,1.87909996509552,1.8811500072479248,1.8785300254821773,1.8807200193405151
2021-12-03 09:00:00+00:00,1.8807799816131592,1.8845700025558472,1.8801000118255613,1.8837300539016724
2021-12-03 10:00:00+00:00,1.8837900161743164,1.8841700553894043,1.8816900253295896,1.8831499814987185
2021-12-03 11:00:00+00:00,1.8831700086593628,1.8832299709320068,1.8786200284957888,1.879870057106018
2021-12-03 12:00:00+00:00,1.87992000579834,1.880300045013428,1.877410054206848,1.8794900178909304
2021-12-03 13:00:00+00:00,1.8794699907302856,1.8817100524902344,1.8762099742889404,1.8804700374603271
2021-12-03 14:00:00+00:00,1.8803900480270384,1.8842899799346924,1.8798999786376955,1.8838399648666384
2021-12-03 15:00:00+00:00,1.883870005607605,1.8846700191497805,1.881070017814636,1.8842600584030151
2021-12-03 16:00:00+00:00,1.8842600584030151,1.887719988822937,1.8819999694824217,1.88756000995636
2021-12-03 17:00:00+00:00,1.88756000995636,1.889379978179932,1.8867499828338623,1.8885799646377563
2021-12-03 18:00:00+00:00,1.8885999917984009,1.8910399675369265,1.888100028038025,1.8908400535583496
2021-12-03 19:00:00+00:00,1.8908699750900269,1.8915899991989136,1.8896600008010864,1.890640020370484
2021-12-03 20:00:00+00:00,1.8906500339508057,1.891669988632202,1.888880014419556,1.8901300430297847
2021-12-03 21:00:00+00:00,1.890069961547852,1.8917200565338133,1.888200044631958,1.888200044631958
2021-12-03 22:00:00+00:00,1.888550043106079,1.889840006828308,1.888550043106079,1.889840006828308
2021-12-06 00:00:00+00:00,1.8858200311660769,1.8886799812316888,1.8848700523376465,1.885779976844788
2021-12-06 01:00:00+00:00,1.8859599828720093,1.8871099948883057,1.8843899965286253,1.885450005531311
2021-12-06 02:00:00+00:00,1.8854800462722776,1.8861500024795528,1.8833500146865845,1.8860900402069087
2021-12-06 03:00:00+00:00,1.8860100507736208,1.8866499662399288,1.8845800161361688,1.8852699995040887
2021-12-06 04:00:00+00:00,1.885200023651123,1.8856899738311768,1.88349997997284,1.8838399648666384
2021-12-06 05:00:00+00:00,1.883900046348572,1.8865100145339968,1.883270025253296,1.8857899904251096
2021-12-06 06:00:00+00:00,1.8858400583267207,1.8864400386810305,1.8846299648284912,1.886080026626587
2021-12-06 07:00:00+00:00,1.886160016059876,1.8863600492477417,1.885010004043579,1.886330008506775
2021-12-06 08:00:00+00:00,1.8863600492477417,1.888409972190857,1.885220050811768,1.887030005455017
2021-12-06 09:00:00+00:00,1.8870500326156616,1.887539982795716,1.8825700283050537,1.8873599767684937
2021-12-06 10:00:00+00:00,1.887410044670105,1.888069987297058,1.8849899768829343,1.88704001903534
2021-12-06 11:00:00+00:00,1.88704001903534,1.8878599405288696,1.885110020637512,1.8869199752807613
2021-12-06 12:00:00+00:00,1.8869199752807613,1.8880399465560915,1.8853199481964111,1.886330008506775
2021-12-06 13:00:00+00:00,1.8863600492477417,1.886409997940064,1.8820799589157104,1.8831000328063965
2021-12-06 14:00:00+00:00,1.8830900192260744,1.8833500146865845,1.8791899681091309,1.8795599937438965
2021-12-06 15:00:00+00:00,1.8795900344848635,1.8802000284194944,1.8768999576568604,1.878219962120056
2021-12-06 16:00:00+00:00,1.8782099485397337,1.8820799589157104,1.8781700134277344,1.8814400434494016
2021-12-06 17:00:00+00:00,1.881410002708435,1.881510019302368,1.8792200088500977,1.8812099695205688
2021-12-06 18:00:00+00:00,1.8811999559402464,1.881760001182556,1.8803900480270384,1.8812899589538568
2021-12-06 19:00:00+00:00,1.881350040435791,1.8827600479125977,1.880910038948059,1.8825500011444087
2021-12-06 20:00:00+00:00,1.882560014724732,1.883080005645752,1.8808399438858032,1.881180047988892
2021-12-06 21:00:00+00:00,1.881180047988892,1.881600022315979,1.879930019378662,1.880669951438904
2021-12-06 22:00:00+00:00,1.8808499574661253,1.8821300268173216,1.877120018005371,1.8807899951934808
2021-12-06 23:00:00+00:00,1.8811399936676023,1.8825299739837649,1.879670023918152,1.881160020828247
2021-12-07 00:00:00+00:00,1.8813799619674685,1.883489966392517,1.8810800313949585,1.8822300434112549
2021-12-07 01:00:00+00:00,1.8822300434112549,1.8828799724578853,1.8799999952316284,1.8803800344467163
2021-12-07 02:00:00+00:00,1.8803800344467163,1.8844900131225584,1.880139946937561,1.8826500177383425
2021-12-07 03:00:00+00:00,1.88264000415802,1.882889986038208,1.8780499696731567,1.880139946937561
2021-12-07 04:00:00+00:00,1.880139946937561,1.8801499605178835,1.87771999835968,1.8783700466156008
2021-12-07 05:00:00+00:00,1.8782600164413448,1.878559947013855,1.8751300573349,1.876070022583008
2021-12-07 06:00:00+00:00,1.8760499954223635,1.8763999938964844,1.8727600574493408,1.873129963874817
2021-12-07 07:00:00+00:00,1.8730800151824951,1.874040007591248,1.8717199563980105,1.872789978981018
2021-12-07 08:00:00+00:00,1.8728699684143064,1.873370051383972,1.8686100244522093,1.8691699504852293
2021-12-07 09:00:00+00:00,1.8691699504852293,1.8713899850845337,1.868170022964477,1.8687100410461424
2021-12-07 10:00:00+00:00,1.868749976158142,1.871129989624024,1.8675999641418457,1.8700400590896609
2021-12-07 11:00:00+00:00,1.870419979095459,1.870579957962036,1.8647199869155884,1.86598002910614
2021-12-07 12:00:00+00:00,1.86601996421814,1.8666499853134155,1.8627899885177608,1.8650699853897093
2021-12-07 13:00:00+00:00,1.8650699853897093,1.865540027618408,1.8627500534057613,1.8631900548934937
2021-12-07 14:00:00+00:00,1.863170027732849,1.865470051765442,1.8607499599456787,1.8625999689102173
2021-12-07 15:00:00+00:00,1.8625799417495728,1.8631900548934937,1.859529972076416,1.859830021858216
2021-12-07 16:00:00+00:00,1.859830021858216,1.8611899614334104,1.8580000400543213,1.8610299825668333
2021-12-07 17:00:00+00:00,1.861009955406189,1.8610700368881223,1.858919978141785,1.8600499629974363
2021-12-07 18:00:00+00:00,1.860100030899048,1.8617700338363647,1.8590400218963623,1.8603999614715576
2021-12-07 19:00:00+00:00,1.86040997505188,1.861549973487854,1.859820008277893,1.860270023345948
2021-12-07 20:00:00+00:00,1.860219955444336,1.861649990081787,1.85971999168396,1.8606799840927124
2021-12-07 21:00:00+00:00,1.860640048980713,1.8607100248336792,1.858970046043396,1.8601800203323364
2021-12-07 22:00:00+00:00,1.860069990158081,1.8608100414276123,1.8572299480438232,1.8604899644851685
2021-12-07 23:00:00+00:00,1.8604899644851685,1.861240029335022,1.8591899871826167,1.8595199584960933
2021-12-08 00:00:00+00:00,1.8596099615097048,1.8614599704742432,1.8591599464416504,1.859779953956604
2021-12-08 01:00:00+00:00,1.85971999168396,1.8607699871063232,1.8586399555206297,1.86054003238678
2021-12-08 02:00:00+00:00,1.8604300022125244,1.8608800172805784,1.855739951133728,1.856559991836548
2021-12-08 03:00:00+00:00,1.856510043144226,1.858669996261597,1.856060028076172,1.8580299615859983
2021-12-08 04:00:00+00:00,1.8580800294876096,1.85834002494812,1.856760025024414,1.8577500581741333
2021-12-08 05:00:00+00:00,1.8581600189208984,1.8596500158309937,1.8578699827194207,1.8587900400161743
2021-12-08 06:00:00+00:00,1.8591699600219729,1.860129952430725,1.858139991760254,1.8584100008010864
2021-12-08 07:00:00+00:00,1.858459949493408,1.8595399856567385,1.856600046157837,1.857460021972656
2021-12-08 08:00:00+00:00,1.857450008392334,1.858620047569275,1.8548099994659424,1.856909990310669
2021-12-08 09:00:00+00:00,1.8569300174713133,1.8574899435043333,1.854200005531311,1.85631000995636
2021-12-08 10:00:00+00:00,1.8562599420547483,1.8564000129699707,1.8509800434112549,1.854599952697754
2021-12-08 11:00:00+00:00,1.854699969291687,1.8556400537490845,1.8487999439239504,1.8517600297927856
2021-12-08 12:00:00+00:00,1.8517600297927856,1.8523199558258057,1.8476699590682983,1.850200057029724
2021-12-08 13:00:00+00:00,1.8502099514007568,1.8516499996185305,1.8474899530410769,1.8493900299072263
2021-12-08 14:00:00+00:00,1.849410057067871,1.849859952926636,1.8459099531173704,1.846719980239868
2021-12-08 15:00:00+00:00,1.846750020980835,1.8476099967956543,1.8438899517059328,1.8457399606704712
2021-12-08 16:00:00+00:00,1.8457399606704712,1.847480058670044,1.8447200059890747,1.8467999696731567
2021-12-08 17:00:00+00:00,1.8468400239944456,1.8470499515533447,1.8427000045776367,1.8440699577331543
2021-12-08 18:00:00+00:00,1.8440799713134768,1.84526002407074,1.8423800468444824,1.843690037727356
2021-12-08 19:00:00+00:00,1.843670010566712,1.8452399969100952,1.842960000038147,1.8435699939727783
2021-12-08 20:00:00+00:00,1.8436399698257449,1.8447400331497192,1.8423000574111936,1.842869997024536
2021-12-08 21:00:00+00:00,1.8428000211715696,1.8437000513076784,1.839100003242493,1.8408600091934204
2021-12-08 22:00:00+00:00,1.840839982032776,1.842650055885315,1.839249968528748,1.842120051383972
2021-12-08 23:00:00+00:00,1.8421299457550049,1.8432999849319456,1.84116005897522,1.842079997062683
2021-12-09 00:00:00+00:00,1.8425099849700928,1.8440699577331543,1.8415100574493408,1.843600034713745
2021-12-09 01:00:00+00:00,1.8439699411392207,1.8442000150680544,1.8409600257873533,1.842790007591248
2021-12-09 02:00:00+00:00,1.8429100513458248,1.8437000513076784,1.841860055923462,1.842350006103516
2021-12-09 03:00:00+00:00,1.8423399925231927,1.8434900045394893,1.840809941291809,1.843000054359436
2021-12-09 04:00:00+00:00,1.84306001663208,1.8435699939727783,1.840499997138977,1.8415800333023071
2021-12-09 05:00:00+00:00,1.841599941253662,1.8418300151824951,1.8399100303649905,1.8402199745178225
2021-12-09 06:00:00+00:00,1.8403400182724,1.840499997138977,1.838379979133606,1.8396400213241573
2021-12-09 07:00:00+00:00,1.83965003490448,1.84185004234314,1.8389099836349487,1.841380000114441
2021-12-09 08:00:00+00:00,1.841480016708374,1.8439199924469,1.8400499820709229,1.843309998512268
2021-12-09 09:00:00+00:00,1.843269944190979,1.8452800512313845,1.8412100076675413,1.8437600135803225
2021-12-09 10:00:00+00:00,1.84375,1.8460400104522705,1.8416199684143064,1.8428900241851809
2021-12-09 11:00:00+00:00,1.842900037765503,1.846940040588379,1.8421499729156487,1.846560001373291
2021-12-09 12:00:00+00:00,1.8465900421142576,1.847270011901856,1.844849944114685,1.846779942512512
2021-12-09 13:00:00+00:00,1.8467899560928345,1.8496500253677368,1.8459800481796265,1.848889946937561
2021-12-09 14:00:00+00:00,1.8488800525665283,1.84893000125885,1.8446999788284304,1.8452099561691284
2021-12-09 15:00:00+00:00,1.8451999425888064,1.849310040473938,1.8447500467300413,1.8487800359725952
2021-12-09 16:00:00+00:00,1.848770022392273,1.849169969558716,1.8450299501419067,1.8454099893569944
2021-12-09 17:00:00+00:00,1.8454099893569944,1.8484100103378296,1.845080018043518,1.8475300073623653
2021-12-09 18:00:00+00:00,1.847599983215332,1.848870038986206,1.8471299409866333,1.8474600315094
2021-12-09 19:00:00+00:00,1.8475500345230105,1.84975004196167,1.8471800088882449,1.8486499786376955
2021-12-09 20:00:00+00:00,1.848600029945373,1.8497099876403809,1.8481299877166748,1.848989963531494
2021-12-09 21:00:00+00:00,1.848919987678528,1.8501399755477903,1.8481899499893188,1.848350048065185
2021-12-09 22:00:00+00:00,1.848430037498474,1.850600004196167,1.8479700088500977,1.8498899936676023
2021-12-09 23:00:00+00:00,1.849920034408569,1.8509000539779663,1.8492599725723269,1.850250005722046
2021-12-10 00:00:00+00:00,1.8503600358963013,1.8512400388717647,1.8492300510406487,1.851060032844544
2021-12-10 01:00:00+00:00,1.851060032844544,1.85290002822876,1.8492900133132928,1.849679946899414
2021-12-10 02:00:00+00:00,1.849679946899414,1.850100040435791,1.8483400344848635,1.8497099876403809
2021-12-10 03:00:00+00:00,1.849769949913025,1.8497899770736688,1.8470799922943115,1.8483200073242188
2021-12-10 04:00:00+00:00,1.8483099937438965,1.8494999408721924,1.8477400541305544,1.8492200374603271
2021-12-10 05:00:00+00:00,1.8492499589920044,1.8510899543762207,1.8484899997711184,1.850640058517456
2021-12-10 06:00:00+00:00,1.850679993629456,1.8506900072097776,1.8476099967956543,1.848199963569641
2021-12-10 07:00:00+00:00,1.848209977149964,1.849550008773804,1.846889972686768,1.8480499982833865
2021-12-10 08:00:00+00:00,1.848099946975708,1.8485900163650515,1.845620036125183,1.846369981765747
2021-12-10 09:00:00+00:00,1.8463499546051023,1.8474899530410769,1.8456699848175049,1.846250057220459
2021-12-10 10:00:00+00:00,1.846259951591492,1.8474700450897217,1.844580054283142,1.8449300527572632
2021-12-10 11:00:00+00:00,1.8450000286102293,1.846199989318848,1.8436599969863887,1.8447699546813965
2021-12-10 12:00:00+00:00,1.8447599411010744,1.8467700481414795,1.844040036201477,1.8464399576187127
2021-12-10 13:00:00+00:00,1.8464299440383911,1.8481899499893188,1.8427000045776367,1.8430099487304688
2021-12-10 14:00:00+00:00,1.8430299758911133,1.8457800149917605,1.8416500091552728,1.8444700241088867
2021-12-10 15:00:00+00:00,1.8445299863815308,1.8464200496673584,1.8430099487304688,1.8451999425888064
2021-12-10 16:00:00+00:00,1.8451100587844849,1.8484699726104736,1.844730019569397,1.847769975662232
2021-12-10 17:00:00+00:00,1.8478200435638428,1.8494399785995483,1.847350001335144,1.8489500284194944
2021-12-10 18:00:00+00:00,1.8489400148391724,1.8499599695205688,1.8480600118637085,1.8491400480270384
2021-12-10 19:00:00+00:00,1.8491400480270384,1.8494700193405151,1.84815001487732,1.8492499589920044
2021-12-10 20:00:00+00:00,1.8492599725723269,1.8505899906158447,1.8488800525665283,1.85001003742218
2021-12-10 21:00:00+00:00,1.85004997253418,1.8506100177764893,1.8465399742126465,1.8493200540542605
2021-12-10 22:00:00+00:00,1.8501299619674685,1.850559949874878,1.8501299619674685,1.8504799604415887
2021-12-13 00:00:00+00:00,1.849990010261536,1.850790023803711,1.848989963531494,1.850419998168945
2021-12-13 01:00:00+00:00,1.850419998168945,1.850430011749268,1.8483400344848635,1.8495999574661253
2021-12-13 02:00:00+00:00,1.849519968032837,1.8501499891281128,1.84853994846344,1.849120020866394
2021-12-13 03:00:00+00:00,1.849110007286072,1.8492799997329712,1.846850037574768,1.8473700284957888
2021-12-13 04:00:00+00:00,1.8474600315094,1.8475600481033323,1.8456300497055047,1.8464000225067136
2021-12-13 05:00:00+00:00,1.846449971199036,1.84893000125885,1.845960021018982,1.848080039024353
2021-12-13 06:00:00+00:00,1.848199963569641,1.8487399816513064,1.8465399742126465,1.847749948501587
2021-12-13 07:00:00+00:00,1.847749948501587,1.8509700298309328,1.8471299409866333,1.8506100177764893
2021-12-13 08:00:00+00:00,1.850640058517456,1.8530399799346924,1.849679946899414,1.8514699935913088
2021-12-13 09:00:00+00:00,1.8514599800109863,1.8553400039672847,1.8508599996566768,1.854850053787232
2021-12-13 10:00:00+00:00,1.854889988899231,1.8590799570083616,1.854140043258667,1.858590006828308
2021-12-13 11:00:00+00:00,1.8586599826812744,1.8589600324630733,1.85617995262146,1.8575400114059448
2021-12-13 12:00:00+00:00,1.8574800491333008,1.8586900234222408,1.8555099964141848,1.8558800220489504
2021-12-13 13:00:00+00:00,1.8558299541473389,1.8582600355148315,1.853919982910156,1.8579800128936768
2021-12-13 14:00:00+00:00,1.8580800294876096,1.8600000143051147,1.8576699495315552,1.859429955482483
2021-12-13 15:00:00+00:00,1.859449982643128,1.862930059432984,1.8585599660873413,1.859699964523316
2021-12-13 16:00:00+00:00,1.8597099781036377,1.8603700399398804,1.85713005065918,1.8577500581741333
2021-12-13 17:00:00+00:00,1.8577500581741333,1.858060002326965,1.854640007019043,1.855049967765808
2021-12-13 18:00:00+00:00,1.855080008506775,1.8551499843597408,1.8527300357818604,1.853060007095337
2021-12-13 19:00:00+00:00,1.853150010108948,1.8531999588012693,1.8515299558639529,1.8516099452972408
2021-12-13 20:00:00+00:00,1.8516099452972408,1.853790044784546,1.8511899709701536,1.8528900146484373
2021-12-13 21:00:00+00:00,1.8528599739074707,1.853469967842102,1.851349949836731,1.85247004032135
2021-12-13 22:00:00+00:00,1.8524500131607056,1.8542100191116333,1.8505699634552,1.852270007133484
2021-12-13 23:00:00+00:00,1.852220058441162,1.853659987449646,1.8511199951171875,1.852710008621216
2021-12-14 00:00:00+00:00,1.852749943733216,1.8556499481201167,1.8519099950790403,1.85562002658844
2021-12-14 01:00:00+00:00,1.85562002658844,1.857810020446777,1.8552199602127075,1.85631000995636
2021-12-14 02:00:00+00:00,1.8562699556350708,1.8595999479293823,1.8555799722671509,1.8585200309753416
2021-12-14 03:00:00+00:00,1.8585100173950195,1.861299991607666,1.856819987297058,1.8584799766540527
2021-12-14 04:00:00+00:00,1.8584699630737305,1.8585599660873413,1.85725998878479,1.8581700325012207
2021-12-14 05:00:00+00:00,1.858180046081543,1.859779953956604,1.8571399450302124,1.85837996006012
2021-12-14 06:00:00+00:00,1.8583699464797967,1.8584799766540527,1.855599999427796,1.8565399646759035
2021-12-14 07:00:00+00:00,1.856559991836548,1.856969952583313,1.8530999422073364,1.853860020637512
2021-12-14 08:00:00+00:00,1.8538800477981567,1.8543699979782104,1.8506300449371336,1.8542300462722776
2021-12-14 09:00:00+00:00,1.854220032691956,1.85739004611969,1.8523600101470947,1.8571699857711792
2021-12-14 10:00:00+00:00,1.8571399450302124,1.8591699600219729,1.8566499948501587,1.8577500581741333
2021-12-14 11:00:00+00:00,1.8577200174331665,1.8603099584579468,1.8567700386047363,1.8572900295257568
2021-12-14 12:00:00+00:00,1.8572900295257568,1.860700011253357,1.8557000160217283,1.8602499961853027
2021-12-14 13:00:00+00:00,1.860270023345948,1.8617099523544312,1.8583500385284424,1.860129952430725
2021-12-14 14:00:00+00:00,1.860139966011048,1.861999988555908,1.857550024986267,1.857890009880066
2021-12-14 15:00:00+00:00,1.8578300476074217,1.8609000444412231,1.8555500507354736,1.859339952468872
2021-12-14 16:00:00+00:00,1.859339952468872,1.8623100519180296,1.858240008354187,1.8619600534439087
2021-12-14 17:00:00+00:00,1.861999988555908,1.862169981002808,1.8604700565338133,1.8612799644470213
2021-12-14 18:00:00+00:00,1.86135995388031,1.862280011177063,1.860599994659424,1.861549973487854
2021-12-14 19:00:00+00:00,1.861590027809143,1.861649990081787,1.8598099946975708,1.860509991645813
2021-12-14 20:00:00+00:00,1.8604700565338133,1.862280011177063,1.8597899675369265,1.8614100217819207
2021-12-14 21:00:00+00:00,1.861430048942566,1.862360000610352,1.8606799840927124,1.861940026283264
2021-12-14 22:00:00+00:00,1.8615700006484983,1.8631999492645264,1.8600900173187256,1.8628499507904053
2021-12-14 23:00:00+00:00,1.862920045852661,1.8633899688720703,1.8609700202941888,1.862229943275452
2021-12-15 00:00:00+00:00,1.8622000217437744,1.8622900247573853,1.860069990158081,1.861250042915344
2021-12-15 01:00:00+00:00,1.8612600564956665,1.8626600503921509,1.8603800535202024,1.8607399463653564
2021-12-15 02:00:00+00:00,1.8606300354003904,1.8621000051498413,1.860509991645813,1.8616299629211424
2021-12-15 03:00:00+00:00,1.8617199659347528,1.8623000383377075,1.8606300354003904,1.861170053482056
2021-12-15 04:00:00+00:00,1.8612699508666992,1.862159967422485,1.8603700399398804,1.860980033874512
2021-12-15 05:00:00+00:00,1.860990047454834,1.8615299463272093,1.859949946403504,1.8609999418258667
2021-12-15 06:00:00+00:00,1.861039996147156,1.8613300323486328,1.858549952507019,1.858919978141785
2021-12-15 07:00:00+00:00,1.8591200113296509,1.862110018730164,1.8584100008010864,1.8611299991607664
2021-12-15 08:00:00+00:00,1.861050009727478,1.862470030784607,1.8591899871826167,1.8612200021743768
2021-12-15 09:00:00+00:00,1.8613200187683103,1.8622000217437744,1.8594000339508057,1.860159993171692
2021-12-15 10:00:00+00:00,1.8601700067520144,1.861340045928955,1.858739972114563,1.8613100051879885
2021-12-15 11:00:00+00:00,1.8613300323486328,1.861780047416687,1.858780026435852,1.859429955482483
2021-12-15 12:00:00+00:00,1.859660029411316,1.8599300384521484,1.8559000492095947,1.8559800386428835
2021-12-15 13:00:00+00:00,1.8559900522232056,1.856250047683716,1.852869987487793,1.854349970817566
2021-12-15 14:00:00+00:00,1.854359984397888,1.856250047683716,1.8539999723434448,1.855780005455017
2021-12-15 15:00:00+00:00,1.855810046195984,1.8596800565719604,1.8550100326538088,1.8552199602127075
2021-12-15 16:00:00+00:00,1.8552099466323853,1.8573100566864007,1.8541300296783447,1.8546899557113647
2021-12-15 17:00:00+00:00,1.854670047760009,1.8548400402069087,1.8528300523757928,1.8532999753952024
2021-12-15 18:00:00+00:00,1.8532899618148804,1.8550000190734863,1.852810025215149,1.8533899784088133
2021-12-15 19:00:00+00:00,1.8532299995422363,1.8584100008010864,1.8504999876022337,1.853189945220948
2021-12-15 20:00:00+00:00,1.8532700538635247,1.8533899784088133,1.848520040512085,1.8487000465393064
2021-12-15 21:00:00+00:00,1.8487399816513064,1.8493200540542605,1.847730040550232,1.8489500284194944
2021-12-15 22:00:00+00:00,1.8489099740982056,1.850790023803711,1.8470499515533447,1.84883999824524
2021-12-15 23:00:00+00:00,1.8477799892425537,1.8510299921035769,1.847519993782044,1.8505699634552
2021-12-16 00:00:00+00:00,1.850419998168945,1.8518199920654297,1.846130013465881,1.847519993782044
2021-12-16 01:00:00+00:00,1.847519993782044,1.851639986038208,1.8460500240325928,1.8512799739837649
2021-12-16 02:00:00+00:00,1.8512799739837649,1.8540699481964111,1.8500299453735352,1.8535000085830688
2021-12-16 03:00:00+00:00,1.8534499406814573,1.85371994972229,1.85004997253418,1.8517600297927856
2021-12-16 04:00:00+00:00,1.8517800569534304,1.8528900146484373,1.850119948387146,1.8504799604415887
2021-12-16 05:00:00+00:00,1.8504799604415887,1.85221004486084,1.849859952926636,1.85125994682312
2021-12-16 06:00:00+00:00,1.851250052452088,1.851289987564087,1.8488999605178835,1.849269986152649
2021-12-16 07:00:00+00:00,1.849370002746582,1.850119948387146,1.8476200103759768,1.849009990692139
2021-12-16 08:00:00+00:00,1.8490400314331048,1.8521900177001955,1.8485300540924072,1.84906005859375
2021-12-16 09:00:00+00:00,1.8490400314331048,1.8496899604797363,1.8451100587844849,1.845710039138794
2021-12-16 10:00:00+00:00,1.8456000089645384,1.847270011901856,1.843709945678711,1.8442699909210205
2021-12-16 11:00:00+00:00,1.8442599773406985,1.844599962234497,1.841410040855408,1.8416500091552728
2021-12-16 12:00:00+00:00,1.8416500091552728,1.8531700372695925,1.8416099548339844,1.8510700464248653
2021-12-16 13:00:00+00:00,1.8510799407958984,1.8528399467468264,1.848520040512085,1.8497899770736688
2021-12-16 14:00:00+00:00,1.849810004234314,1.8540199995040887,1.8478200435638428,1.852270007133484
2021-12-16 15:00:00+00:00,1.8521699905395508,1.85510003566742,1.850530028343201,1.8538899421691888
2021-12-16 16:00:00+00:00,1.853860020637512,1.854769945144653,1.850299954414368,1.8528200387954712
2021-12-16 17:00:00+00:00,1.852779984474182,1.8547899723052976,1.8521000146865845,1.854359984397888
2021-12-16 18:00:00+00:00,1.8547500371932983,1.8549200296401973,1.852020025253296,1.853090047836304
2021-12-16 19:00:00+00:00,1.8530800342559808,1.8562300205230715,1.8524500131607056,1.8558299541473389
2021-12-16 20:00:00+00:00,1.8558199405670168,1.856089949607849,1.853839993476868,1.8554699420928955
2021-12-16 21:00:00+00:00,1.8554699420928955,1.8556499481201167,1.853369951248169,1.854300022125244
2021-12-16 22:00:00+00:00,1.8543699979782104,1.8556400537490845,1.852579951286316,1.855080008506775
2021-12-16 23:00:00+00:00,1.8552199602127075,1.85837996006012,1.854159951210022,1.856690049171448
2021-12-17 00:00:00+00:00,1.8566800355911253,1.8574299812316888,1.8558900356292725,1.8563400506973269
2021-12-17 01:00:00+00:00,1.85617995262146,1.857010006904602,1.8552500009536743,1.8563400506973269
2021-12-17 02:00:00+00:00,1.8563599586486816,1.8579699993133545,1.855409979820252,1.856600046157837
2021-12-17 03:00:00+00:00,1.856619954109192,1.8605600595474243,1.855970025062561,1.860100030899048
2021-12-17 04:00:00+00:00,1.8600599765777588,1.862210035324097,1.8587100505828853,1.8590600490570068
2021-12-17 05:00:00+00:00,1.8590500354766848,1.860919952392578,1.8585000038146973,1.8598599433898928
2021-12-17 06:00:00+00:00,1.8598400354385376,1.861240029335022,1.8571699857711792,1.860569953918457
2021-12-17 07:00:00+00:00,1.860550045967102,1.8606200218200684,1.8574899435043333,1.8590199947357176
2021-12-17 08:00:00+00:00,1.85903000831604,1.8600499629974363,1.8564200401306152,1.8574199676513672
2021-12-17 09:00:00+00:00,1.8573399782180784,1.8620500564575195,1.857200026512146,1.85933005809784
2021-12-17 10:00:00+00:00,1.8593699932098389,1.859470009803772,1.8554199934005733,1.856760025024414
2021-12-17 11:00:00+00:00,1.8567399978637693,1.858090043067932,1.8551700115203853,1.8562599420547483
2021-12-17 12:00:00+00:00,1.8559000492095947,1.8578699827194207,1.8555500507354736,1.8571699857711792
2021-12-17 13:00:00+00:00,1.8572200536727903,1.8588299751281736,1.8549699783325195,1.8575299978256223
2021-12-17 14:00:00+00:00,1.8576099872589111,1.8588000535964968,1.854339957237244,1.85579001903534
2021-12-17 15:00:00+00:00,1.8558800220489504,1.8590099811553955,1.854089975357056,1.8544100522994995
2021-12-17 16:00:00+00:00,1.854449987411499,1.856410026550293,1.853760004043579,1.8559499979019165
2021-12-17 17:00:00+00:00,1.8559499979019165,1.8572299480438232,1.8549400568008425,1.856279969215393
2021-12-17 18:00:00+00:00,1.8562599420547483,1.8573399782180784,1.8555699586868288,1.856099963188172
2021-12-17 19:00:00+00:00,1.856119990348816,1.8575199842453003,1.8552199602127075,1.856969952583313
2021-12-17 20:00:00+00:00,1.857059955596924,1.858090043067932,1.8557300567626955,1.8578699827194207
2021-12-17 21:00:00+00:00,1.857959985733032,1.8582500219345093,1.8557599782943728,1.8573499917984009
2021-12-17 22:00:00+00:00,1.857460021972656,1.8587599992752075,1.857460021972656,1.8587599992752075
2021-12-20 00:00:00+00:00,1.8588299751281736,1.858890056610108,1.856500029563904,1.8576600551605225
2021-12-20 01:00:00+00:00,1.8577200174331665,1.8593000173568728,1.856600046157837,1.858010053634644
2021-12-20 02:00:00+00:00,1.858010053634644,1.8590600490570068,1.856500029563904,1.858590006828308
2021-12-20 03:00:00+00:00,1.858590006828308,1.8596899509429927,1.857630014419556,1.858839988708496
2021-12-20 04:00:00+00:00,1.8588500022888184,1.861250042915344,1.8579100370407104,1.8601499795913696
2021-12-20 05:00:00+00:00,1.860159993171692,1.862470030784607,1.859410047531128,1.8606499433517456
2021-12-20 06:00:00+00:00,1.8607200384140008,1.863549947738648,1.860010027885437,1.8631199598312376
2021-12-20 07:00:00+00:00,1.8631199598312376,1.8646600246429443,1.861240029335022,1.862939953804016
2021-12-20 08:00:00+00:00,1.8628900051116943,1.86312997341156,1.8595900535583496,1.8603999614715576
2021-12-20 09:00:00+00:00,1.86054003238678,1.86343002319336,1.8576500415802,1.858970046043396
2021-12-20 10:00:00+00:00,1.8589600324630733,1.8589999675750728,1.854949951171875,1.856619954109192
2021-12-20 11:00:00+00:00,1.8566800355911253,1.857319951057434,1.854269981384277,1.8566499948501587
2021-12-20 12:00:00+00:00,1.8567099571228027,1.860599994659424,1.8557300567626955,1.8595000505447388
2021-12-20 13:00:00+00:00,1.8598099946975708,1.861289978027344,1.8584799766540527,1.8598599433898928
2021-12-20 14:00:00+00:00,1.85985004901886,1.860100030899048,1.8567800521850584,1.857800006866455
2021-12-20 15:00:00+00:00,1.857800006866455,1.8604300022125244,1.85493004322052,1.859760046005249
2021-12-20 16:00:00+00:00,1.859760046005249,1.860290050506592,1.856660008430481,1.8577500581741333
2021-12-20 17:00:00+00:00,1.857759952545166,1.8582899570465088,1.855810046195984,1.8564200401306152
2021-12-20 18:00:00+00:00,1.8564200401306152,1.8572100400924685,1.854519963264465,1.8559199571609497
2021-12-20 19:00:00+00:00,1.8559800386428835,1.857380032539368,1.854910016059876,1.856600046157837
2021-12-20 20:00:00+00:00,1.856619954109192,1.8579100370407104,1.8555200099945068,1.8578599691390991
2021-12-20 21:00:00+00:00,1.857800006866455,1.858299970626831,1.856029987335205,1.856660008430481
2021-12-20 22:00:00+00:00,1.8565900325775144,1.8590099811553955,1.855430006980896,1.8586100339889529
2021-12-20 23:00:00+00:00,1.858489990234375,1.8590999841690063,1.8570499420166016,1.8576500415802
2021-12-21 00:00:00+00:00,1.8579100370407104,1.8593100309371948,1.8566499948501587,1.8575799465179443
2021-12-21 01:00:00+00:00,1.8575799465179443,1.859380006790161,1.8551100492477417,1.8558199405670168
2021-12-21 02:00:00+00:00,1.855870008468628,1.8583699464797967,1.8555200099945068,1.8574700355529783
2021-12-21 03:00:00+00:00,1.8575899600982664,1.8587100505828853,1.856410026550293,1.857550024986267
2021-12-21 04:00:00+00:00,1.8575899600982664,1.8581199645996087,1.8564399480819704,1.857200026512146
2021-12-21 05:00:00+00:00,1.85725998878479,1.8576899766922,1.8563599586486816,1.857409954071045
2021-12-21 06:00:00+00:00,1.857380032539368,1.8574700355529783,1.8550599813461304,1.856559991836548
2021-12-21 07:00:00+00:00,1.8565900325775144,1.85903000831604,1.8555899858474727,1.8589099645614624
2021-12-21 08:00:00+00:00,1.858870029449463,1.860700011253357,1.858090043067932,1.8592100143432613
2021-12-21 09:00:00+00:00,1.8592300415039065,1.8598699569702148,1.857380032539368,1.8586399555206297
2021-12-21 10:00:00+00:00,1.8586399555206297,1.859410047531128,1.8565800189971924,1.856809973716736
2021-12-21 11:00:00+00:00,1.856750011444092,1.858399987220764,1.8562599420547483,1.8566499948501587
2021-12-21 12:00:00+00:00,1.8566700220108032,1.858070015907288,1.8547500371932983,1.8576899766922
2021-12-21 13:00:00+00:00,1.8576799631118768,1.859339952468872,1.8564499616622925,1.859279990196228
2021-12-21 14:00:00+00:00,1.8592100143432613,1.860610008239746,1.856089949607849,1.8565900325775144
2021-12-21 15:00:00+00:00,1.8566700220108032,1.856879949569702,1.853800058364868,1.8552299737930296
2021-12-21 16:00:00+00:00,1.8552299737930296,1.857710003852844,1.854009985923767,1.8557699918746948
2021-12-21 17:00:00+00:00,1.85579001903534,1.8562599420547483,1.853760004043579,1.8542900085449217
2021-12-21 18:00:00+00:00,1.854359984397888,1.854889988899231,1.8531399965286253,1.853790044784546
2021-12-21 19:00:00+00:00,1.8537499904632568,1.854910016059876,1.8533300161361688,1.8540600538253784
2021-12-21 20:00:00+00:00,1.8541100025177,1.8552099466323853,1.8530100584030151,1.8542399406433103
2021-12-21 21:00:00+00:00,1.854200005531311,1.85510003566742,1.8517600297927856,1.852120041847229
2021-12-21 22:00:00+00:00,1.8518199920654297,1.8563599586486816,1.8506499528884888,1.855029940605164
2021-12-21 23:00:00+00:00,1.8550599813461304,1.8568600416183472,1.8534200191497805,1.8561400175094604
2021-12-22 00:00:00+00:00,1.8561999797821045,1.8575199842453003,1.854850053787232,1.8550200462341309
2021-12-22 01:00:00+00:00,1.8553400039672847,1.8568400144577024,1.8544000387191768,1.85657000541687
2021-12-22 02:00:00+00:00,1.8562599420547483,1.8576699495315552,1.8552600145339968,1.85713005065918
2021-12-22 03:00:00+00:00,1.8572200536727903,1.859140038490296,1.8567899465560915,1.8587100505828853
2021-12-22 04:00:00+00:00,1.8587499856948853,1.8592900037765503,1.85699999332428,1.8580299615859983
2021-12-22 05:00:00+00:00,1.8580199480056765,1.860689997673035,1.8576600551605225,1.858870029449463
2021-12-22 06:00:00+00:00,1.8589400053024288,1.8594800233840945,1.857300043106079,1.8594199419021609
2021-12-22 07:00:00+00:00,1.8592499494552608,1.8595000505447388,1.85634994506836,1.8588500022888184
2021-12-22 08:00:00+00:00,1.858890056610108,1.8597999811172483,1.856809973716736,1.856899976730347
2021-12-22 09:00:00+00:00,1.8569300174713133,1.8576500415802,1.854699969291687,1.857010006904602
2021-12-22 10:00:00+00:00,1.857010006904602,1.8594399690628047,1.8561099767684937,1.858989953994751
2021-12-22 11:00:00+00:00,1.85906994342804,1.8601200580596924,1.8573700189590447,1.858629941940308
2021-12-22 12:00:00+00:00,1.858629941940308,1.858629941940308,1.855049967765808,1.8558199405670168
2021-12-22 13:00:00+00:00,1.8558199405670168,1.8567899465560915,1.853860020637512,1.8542799949646
2021-12-22 14:00:00+00:00,1.8542799949646,1.85479998588562,1.8512200117111208,1.853970050811768
2021-12-22 15:00:00+00:00,1.8538700342178345,1.8541200160980225,1.84906005859375,1.8525999784469604
2021-12-22 16:00:00+00:00,1.852560043334961,1.853360056877136,1.8492300510406487,1.8497300148010247
2021-12-22 17:00:00+00:00,1.84975004196167,1.8507699966430664,1.84853994846344,1.8502800464630127
2021-12-22 18:00:00+00:00,1.8503400087356567,1.850819945335388,1.849570035934448,1.8504799604415887
2021-12-22 19:00:00+00:00,1.8504999876022337,1.8521599769592283,1.849850058555603,1.851430058479309
2021-12-22 20:00:00+00:00,1.8515199422836304,1.851770043373108,1.8502099514007568,1.8508000373840328
2021-12-22 21:00:00+00:00,1.8508000373840328,1.851740002632141,1.8494399785995483,1.8503600358963013
2021-12-22 22:00:00+00:00,1.849609971046448,1.8544600009918213,1.848289966583252,1.8521300554275515
2021-12-22 23:00:00+00:00,1.8521499633789065,1.8528399467468264,1.850489974021912,1.8511600494384768
2021-12-23 00:00:00+00:00,1.851060032844544,1.8519400358200075,1.8499599695205688,1.8516600131988523
2021-12-23 01:00:00+00:00,1.85169005393982,1.8535100221633911,1.850950002670288,1.852139949798584
2021-12-23 02:00:00+00:00,1.852139949798584,1.8545000553131104,1.8517099618911743,1.85207998752594
2021-12-23 03:00:00+00:00,1.8522000312805176,1.853780031204224,1.85169005393982,1.852550029754639
2021-12-23 04:00:00+00:00,1.852650046348572,1.8527400493621824,1.851130008697509,1.8514800071716309
2021-12-23 05:00:00+00:00,1.8514100313186648,1.851539969444275,1.84906005859375,1.84961998462677
2021-12-23 06:00:00+00:00,1.8499000072479248,1.8507000207901,1.8492900133132928,1.8499000072479248
2021-12-23 07:00:00+00:00,1.849910020828247,1.8505899906158447,1.847350001335144,1.850350022315979
2021-12-23 08:00:00+00:00,1.850430011749268,1.850780010223389,1.8477200269699097,1.849679946899414
2021-12-23 09:00:00+00:00,1.8496299982070925,1.8512300252914429,1.8485499620437624,1.8509700298309328
2021-12-23 10:00:00+00:00,1.850890040397644,1.854220032691956,1.8502700328826904,1.8525099754333496
2021-12-23 11:00:00+00:00,1.852499961853028,1.8555200099945068,1.8520400524139404,1.855389952659607
2021-12-23 12:00:00+00:00,1.855329990386963,1.8566299676895144,1.8531399965286253,1.856529951095581
2021-12-23 13:00:00+00:00,1.8564499616622925,1.8576899766922,1.854779958724976,1.8557000160217283
2021-12-23 14:00:00+00:00,1.8557699918746948,1.8561500310897827,1.8517999649047847,1.8559199571609497
2021-12-23 15:00:00+00:00,1.855970025062561,1.8574899435043333,1.8508700132369995,1.8512699604034424
2021-12-23 16:00:00+00:00,1.85125994682312,1.8534499406814573,1.850950002670288,1.8519400358200075
2021-12-23 17:00:00+00:00,1.8519500494003296,1.852329969406128,1.8498300313949585,1.8507000207901
2021-12-23 18:00:00+00:00,1.850679993629456,1.8509399890899656,1.8494700193405151,1.850810050964356
2021-12-23 19:00:00+00:00,1.8508399724960327,1.8520699739456177,1.8502899408340447,1.8511799573898315
2021-12-23 20:00:00+00:00,1.851140022277832,1.8516499996185305,1.8499799966812127,1.8515199422836304
2021-12-23 21:00:00+00:00,1.8515199422836304,1.852309942245484,1.849740028381348,1.850450038909912
2021-12-23 22:00:00+00:00,1.85018002986908,1.8529399633407595,1.8485000133514404,1.851999998092652
2021-12-23 23:00:00+00:00,1.8518600463867188,1.854390025138855,1.8499599695205688,1.8530700206756592
2021-12-24 00:00:00+00:00,1.8532600402832031,1.854470014572144,1.8511899709701536,1.8520400524139404
2021-12-24 01:00:00+00:00,1.8520100116729736,1.8545900583267207,1.8510199785232544,1.8531299829483032
2021-12-24 02:00:00+00:00,1.853119969367981,1.8533899784088133,1.851349949836731,1.853209972381592
2021-12-24 03:00:00+00:00,1.853219985961914,1.8548799753189087,1.8521699905395508,1.854359984397888
2021-12-24 04:00:00+00:00,1.854419946670532,1.8548699617385864,1.852910041809082,1.853350043296814
2021-12-24 05:00:00+00:00,1.853360056877136,1.8540400266647337,1.8505200147628784,1.8509399890899656
2021-12-24 06:00:00+00:00,1.8508800268173216,1.853209972381592,1.8501100540161133,1.851789951324463
2021-12-24 07:00:00+00:00,1.851789951324463,1.8540799617767327,1.850640058517456,1.85302996635437
2021-12-24 08:00:00+00:00,1.8528800010681152,1.853839993476868,1.8497300148010247,1.8509000539779663
2021-12-24 09:00:00+00:00,1.8509000539779663,1.852519989013672,1.8499599695205688,1.851199984550476
2021-12-24 10:00:00+00:00,1.8511799573898315,1.852620005607605,1.850219964981079,1.8523499965667725
2021-12-24 11:00:00+00:00,1.8523499965667725,1.8542499542236328,1.8514800071716309,1.8534499406814573
2021-12-24 12:00:00+00:00,1.8534899950027464,1.8555899858474727,1.852579951286316,1.8550200462341309
2021-12-24 13:00:00+00:00,1.855029940605164,1.855239987373352,1.8515900373458865,1.8526599407196045
2021-12-24 14:00:00+00:00,1.8526999950408936,1.855679988861084,1.851289987564087,1.8544299602508545
2021-12-24 15:00:00+00:00,1.854050040245056,1.8556699752807613,1.8528900146484373,1.853469967842102
2021-12-24 16:00:00+00:00,1.8534799814224243,1.8562999963760376,1.851889967918396,1.8531700372695925
2021-12-24 17:00:00+00:00,1.85345995426178,1.8560500144958496,1.851989984512329,1.85479998588562
2021-12-24 18:00:00+00:00,1.85479998588562,1.855540037155152,1.8514100313186648,1.852929949760437
2021-12-24 19:00:00+00:00,1.85276997089386,1.85548996925354,1.8495800495147705,1.851330041885376
2021-12-24 20:00:00+00:00,1.8513799905776973,1.854470014572144,1.8494499921798704,1.8532700538635247
2021-12-24 21:00:00+00:00,1.8533300161361688,1.8553999662399288,1.8492000102996824,1.851770043373108
2021-12-24 22:00:00+00:00,1.8528200387954712,1.8528200387954712,1.8528200387954712,1.8528200387954712
2021-12-27 00:00:00+00:00,1.8536200523376465,1.8537700176239007,1.851539969444275,1.852560043334961
2021-12-27 01:00:00+00:00,1.852489948272705,1.8533200025558472,1.851740002632141,1.85247004032135
2021-12-27 02:00:00+00:00,1.852560043334961,1.8530100584030151,1.8515700101852417,1.852429986000061
2021-12-27 03:00:00+00:00,1.8524800539016724,1.8532700538635247,1.8518400192260744,1.852560043334961
2021-12-27 04:00:00+00:00,1.853019952774048,1.8535399436950684,1.85207998752594,1.8534400463104248
2021-12-27 05:00:00+00:00,1.8534799814224243,1.854339957237244,1.852550029754639,1.854220032691956
2021-12-27 06:00:00+00:00,1.8541799783706665,1.8545600175857544,1.8531299829483032,1.8541100025177
2021-12-27 07:00:00+00:00,1.854200005531311,1.8557000160217283,1.853150010108948,1.855299949645996
2021-12-27 08:00:00+00:00,1.8553099632263184,1.8579699993133545,1.8543100357055664,1.8559999465942385
2021-12-27 09:00:00+00:00,1.8560099601745603,1.8592400550842283,1.8558900356292725,1.8589099645614624
2021-12-27 10:00:00+00:00,1.858890056610108,1.8591500520706177,1.857439994812012,1.858010053634644
2021-12-27 11:00:00+00:00,1.8580800294876096,1.8584400415420528,1.8564499616622925,1.8574700355529783
2021-12-27 12:00:00+00:00,1.8574199676513672,1.859339952468872,1.8559499979019165,1.8590099811553955
2021-12-27 13:00:00+00:00,1.8590400218963623,1.860659956932068,1.85631000995636,1.85657000541687
2021-12-27 14:00:00+00:00,1.8568899631500244,1.8582199811935425,1.856279969215393,1.857149958610535
2021-12-27 15:00:00+00:00,1.857149958610535,1.8573100566864007,1.8517800569534304,1.8534499406814573
2021-12-27 16:00:00+00:00,1.853610038757324,1.856819987297058,1.852959990501404,1.8564599752426147
2021-12-27 17:00:00+00:00,1.856469988822937,1.858299970626831,1.856060028076172,1.8575400114059448
2021-12-27 18:00:00+00:00,1.8575299978256223,1.8580000400543213,1.8553999662399288,1.8556499481201167
2021-12-27 19:00:00+00:00,1.8557000160217283,1.8570499420166016,1.855180025100708,1.85634994506836
2021-12-27 20:00:00+00:00,1.8563400506973269,1.8573700189590447,1.8550200462341309,1.85699999332428
2021-12-27 21:00:00+00:00,1.8570200204849243,1.8578300476074217,1.8554699420928955,1.8562099933624268
2021-12-27 22:00:00+00:00,1.8558599948883057,1.8578499555587769,1.8548699617385864,1.8565800189971924
2021-12-27 23:00:00+00:00,1.8566800355911253,1.8583699464797967,1.85562002658844,1.857570052146912
2021-12-28 00:00:00+00:00,1.8574899435043333,1.8577200174331665,1.8555699586868288,1.8560199737548828
2021-12-28 01:00:00+00:00,1.8560500144958496,1.857900023460388,1.8557699918746948,1.8574800491333008
2021-12-28 02:00:00+00:00,1.8575400114059448,1.857759952545166,1.855389952659607,1.856279969215393
2021-12-28 03:00:00+00:00,1.8562599420547483,1.8567999601364136,1.8555599451065063,1.8562999963760376
2021-12-28 04:00:00+00:00,1.85634994506836,1.856369972229004,1.8548400402069087,1.85562002658844
2021-12-28 05:00:00+00:00,1.8555699586868288,1.8560199737548828,1.8544600009918213,1.8550699949264529
2021-12-28 06:00:00+00:00,1.8550599813461304,1.8555099964141848,1.8538199663162231,1.854349970817566
2021-12-28 07:00:00+00:00,1.8543800115585327,1.8564300537109373,1.853909969329834,1.8561099767684937
2021-12-28 08:00:00+00:00,1.856119990348816,1.8572800159454343,1.8546199798583984,1.8561700582504272
2021-12-28 09:00:00+00:00,1.8561700582504272,1.8565200567245483,1.8534499406814573,1.854740023612976
2021-12-28 10:00:00+00:00,1.854359984397888,1.8556900024414065,1.854200005531311,1.8550200462341309
2021-12-28 11:00:00+00:00,1.8550100326538088,1.856250047683716,1.8547099828720093,1.8552700281143188
2021-12-28 12:00:00+00:00,1.855290055274964,1.855430006980896,1.8522299528121948,1.85316002368927
2021-12-28 13:00:00+00:00,1.8531999588012693,1.854910016059876,1.8514000177383425,1.854699969291687
2021-12-28 14:00:00+00:00,1.854830026626587,1.856660008430481,1.8539799451828003,1.855849981307984
2021-12-28 15:00:00+00:00,1.855929970741272,1.8587100505828853,1.855299949645996,1.856969952583313
2021-12-28 16:00:00+00:00,1.856969952583313,1.8581000566482544,1.8562999963760376,1.85699999332428
2021-12-28 17:00:00+00:00,1.857059955596924,1.85933005809784,1.8563899993896484,1.858970046043396
2021-12-28 18:00:00+00:00,1.858950018882752,1.8597700595855715,1.8581700325012207,1.8587499856948853
2021-12-28 19:00:00+00:00,1.8587299585342407,1.858970046043396,1.8564800024032595,1.8566800355911253
2021-12-28 20:00:00+00:00,1.8566999435424805,1.858669996261597,1.8559499979019165,1.8581199645996087
2021-12-28 21:00:00+00:00,1.858139991760254,1.8583500385284424,1.8561999797821045,1.8569899797439573
2021-12-28 22:00:00+00:00,1.8572200536727903,1.859949946403504,1.855280041694641,1.85834002494812
2021-12-28 23:00:00+00:00,1.85834002494812,1.8591500520706177,1.856729984283448,1.857059955596924
2021-12-29 00:00:00+00:00,1.8573399782180784,1.8577300310134888,1.8561899662017824,1.857460021972656
2021-12-29 01:00:00+00:00,1.8575299978256223,1.860759973526001,1.8565499782562256,1.8598699569702148
2021-12-29 02:00:00+00:00,1.8598699569702148,1.8607399463653564,1.85834002494812,1.859470009803772
2021-12-29 03:00:00+00:00,1.859529972076416,1.860319972038269,1.857100009918213,1.857190012931824
2021-12-29 04:00:00+00:00,1.8575600385665887,1.857800006866455,1.8564200401306152,1.857100009918213
2021-12-29 05:00:00+00:00,1.8568899631500244,1.8582799434661863,1.8563899993896484,1.857300043106079
2021-12-29 06:00:00+00:00,1.8573499917984009,1.8595900535583496,1.8565800189971924,1.8589400053024288
2021-12-29 07:00:00+00:00,1.8590400218963623,1.8592100143432613,1.8558599948883057,1.85634994506836
2021-12-29 08:00:00+00:00,1.8563599586486816,1.857069969177246,1.854220032691956,1.856040000915528
2021-12-29 09:00:00+00:00,1.8559199571609497,1.8593499660491943,1.8550100326538088,1.8582799434661863
2021-12-29 10:00:00+00:00,1.8583300113677976,1.8593699932098389,1.8572900295257568,1.8592499494552608
2021-12-29 11:00:00+00:00,1.85933005809784,1.860389947891236,1.8575600385665887,1.8597099781036377
2021-12-29 12:00:00+00:00,1.8597099781036377,1.860139966011048,1.8574800491333008,1.8578300476074217
2021-12-29 13:00:00+00:00,1.857810020446777,1.8612799644470213,1.8571100234985352,1.86080002784729
2021-12-29 14:00:00+00:00,1.860790014266968,1.861850023269653,1.8581700325012207,1.860350012779236
2021-12-29 15:00:00+00:00,1.860219955444336,1.8605600595474243,1.855849981307984,1.8575299978256223
2021-12-29 16:00:00+00:00,1.857499957084656,1.8616299629211424,1.856320023536682,1.860849976539612
2021-12-29 17:00:00+00:00,1.860919952392578,1.8615200519561768,1.859570026397705,1.860659956932068
2021-12-29 18:00:00+00:00,1.860659956932068,1.860919952392578,1.8593499660491943,1.860350012779236
2021-12-29 19:00:00+00:00,1.8603800535202024,1.860610008239746,1.8590199947357176,1.8599599599838257
2021-12-29 20:00:00+00:00,1.8600499629974363,1.860419988632202,1.858489990234375,1.859320044517517
2021-12-29 21:00:00+00:00,1.8592499494552608,1.860859990119934,1.8578699827194207,1.858780026435852
2021-12-29 22:00:00+00:00,1.858549952507019,1.8615299463272093,1.8567999601364136,1.859879970550537
2021-12-29 23:00:00+00:00,1.85971999168396,1.8604700565338133,1.8585799932479856,1.85920000076294
2021-12-30 00:00:00+00:00,1.8593599796295168,1.86080002784729,1.8585000038146973,1.860159993171692
2021-12-30 01:00:00+00:00,1.8602999448776243,1.8614699840545648,1.8579200506210327,1.8582199811935425
2021-12-30 02:00:00+00:00,1.858180046081543,1.860010027885437,1.8577799797058103,1.85889995098114
2021-12-30 03:00:00+00:00,1.858919978141785,1.859279990196228,1.8576799631118768,1.85820996761322
2021-12-30 04:00:00+00:00,1.8582600355148315,1.858530044555664,1.8574299812316888,1.8582299947738647
2021-12-30 05:00:00+00:00,1.858180046081543,1.85988998413086,1.8573499917984009,1.859449982643128
2021-12-30 06:00:00+00:00,1.8594800233840945,1.859949946403504,1.857900023460388,1.8585799932479856
2021-12-30 07:00:00+00:00,1.858569979667664,1.859339952468872,1.8558599948883057,1.856809973716736
2021-12-30 08:00:00+00:00,1.8567800521850584,1.8567899465560915,1.8540600538253784,1.8559199571609497
2021-12-30 09:00:00+00:00,1.855929970741272,1.8561899662017824,1.853780031204224,1.8545900583267207
2021-12-30 10:00:00+00:00,1.854580044746399,1.8573600053787231,1.854359984397888,1.8562400341033936
2021-12-30 11:00:00+00:00,1.8562999963760376,1.857249975204468,1.8550699949264529,1.8563599586486816
2021-12-30 12:00:00+00:00,1.8563799858093264,1.8586900234222408,1.8554699420928955,1.858010053634644
2021-12-30 13:00:00+00:00,1.858049988746643,1.8595000505447388,1.856850028038025,1.8574299812316888
2021-12-30 14:00:00+00:00,1.8573399782180784,1.859629988670349,1.8570200204849243,1.858919978141785
2021-12-30 15:00:00+00:00,1.858919978141785,1.8608200550079343,1.8574299812316888,1.8606300354003904
2021-12-30 16:00:00+00:00,1.8606200218200684,1.8608299493789675,1.8582799434661863,1.8591699600219729
2021-12-30 17:00:00+00:00,1.8595499992370603,1.8611199855804443,1.8582799434661863,1.8595600128173828
2021-12-30 18:00:00+00:00,1.8595199584960933,1.8618299961090088,1.8591599464416504,1.8609000444412231
2021-12-30 19:00:00+00:00,1.860919952392578,1.8617600202560425,1.8597400188446045,1.861729979515076
2021-12-30 20:00:00+00:00,1.861739993095398,1.8623199462890625,1.860129952430725,1.8613300323486328
2021-12-30 21:00:00+00:00,1.8613200187683103,1.8624500036239624,1.857959985733032,1.8598999977111816
2021-12-30 22:00:00+00:00,1.861250042915344,1.8632899522781368,1.8575799465179443,1.8620699644088743
2021-12-30 23:00:00+00:00,1.86191999912262,1.863219976425171,1.8610999584198,1.861590027809143
2021-12-31 00:00:00+00:00,1.8616399765014648,1.8624500036239624,1.8611899614334104,1.861479997634888
2021-12-31 01:00:00+00:00,1.8616299629211424,1.8625400066375728,1.860550045967102,1.8611600399017327
2021-12-31 02:00:00+00:00,1.8610600233078003,1.862229943275452,1.860550045967102,1.8610299825668333
2021-12-31 03:00:00+00:00,1.861089944839477,1.8625600337982176,1.8600200414657595,1.860919952392578
2021-12-31 04:00:00+00:00,1.860919952392578,1.8614699840545648,1.8597500324249268,1.8602099418640137
2021-12-31 05:00:00+00:00,1.8601499795913696,1.8606799840927124,1.8591099977493288,1.8595199584960933
2021-12-31 06:00:00+00:00,1.859529972076416,1.860159993171692,1.858629941940308,1.860159993171692
2021-12-31 07:00:00+00:00,1.860129952430725,1.8609700202941888,1.8592599630355835,1.8603800535202024
2021-12-31 08:00:00+00:00,1.8603800535202024,1.860919952392578,1.8586900234222408,1.8603700399398804
2021-12-31 09:00:00+00:00,1.8603700399398804,1.8604799509048464,1.857059955596924,1.8588500022888184
2021-12-31 10:00:00+00:00,1.8588500022888184,1.859429955482483,1.857409954071045,1.8584100008010864
2021-12-31 11:00:00+00:00,1.858450055122376,1.8588800430297847,1.8565200567245483,1.858549952507019
2021-12-31 12:00:00+00:00,1.8586000204086304,1.860520005226136,1.8572900295257568,1.860360026359558
2021-12-31 13:00:00+00:00,1.8603700399398804,1.860790014266968,1.8566499948501587,1.860440015792847
2021-12-31 14:00:00+00:00,1.860550045967102,1.8629499673843384,1.8590199947357176,1.8608900308609009
2021-12-31 15:00:00+00:00,1.8609299659729004,1.865820050239563,1.860010027885437,1.8630000352859497
2021-12-31 16:00:00+00:00,1.8630000352859497,1.865020036697388,1.860419988632202,1.8629499673843384
2021-12-31 17:00:00+00:00,1.8628699779510496,1.8634400367736816,1.859660029411316,1.859830021858216
2021-12-31 18:00:00+00:00,1.859830021858216,1.8614699840545648,1.8596500158309937,1.861199975013733
2021-12-31 19:00:00+00:00,1.8612099885940552,1.861549973487854,1.859820008277893,1.8611400127410889
2021-12-31 20:00:00+00:00,1.8611299991607664,1.861479997634888,1.8602399826049805,1.8610600233078003
2021-12-31 21:00:00+00:00,1.8610199689865112,1.8641899824142456,1.8587700128555296,1.8621799945831297
2021-12-31 22:00:00+00:00,1.8622599840164185,1.86395001411438,1.8622599840164185,1.8635400533676147
2022-01-03 00:00:00+00:00,1.860450029373169,1.8609999418258667,1.8588099479675293,1.860319972038269
2022-01-03 01:00:00+00:00,1.8603700399398804,1.863450050354004,1.858450055122376,1.862879991531372
2022-01-03 02:00:00+00:00,1.8627699613571167,1.864109992980957,1.861250042915344,1.862030029296875
2022-01-03 03:00:00+00:00,1.862030029296875,1.864169955253601,1.861050009727478,1.862229943275452
2022-01-03 04:00:00+00:00,1.8622900247573853,1.862720012664795,1.861500024795532,1.861860036849976
2022-01-03 05:00:00+00:00,1.86191999912262,1.863029956817627,1.861350059509277,1.862779974937439
2022-01-03 06:00:00+00:00,1.862930059432984,1.86329996585846,1.861590027809143,1.86191999912262
2022-01-03 07:00:00+00:00,1.861940026283264,1.862529993057251,1.8601800203323364,1.8610199689865112
2022-01-03 08:00:00+00:00,1.8610199689865112,1.862470030784607,1.859910011291504,1.862380027770996
2022-01-03 09:00:00+00:00,1.8623700141906736,1.8637900352478027,1.861600041389465,1.863070011138916
2022-01-03 10:00:00+00:00,1.863010048866272,1.864179968833924,1.861840009689331,1.863569974899292
2022-01-03 11:00:00+00:00,1.8636200428009035,1.865020036697388,1.863070011138916,1.8635300397872925
2022-01-03 12:00:00+00:00,1.863919973373413,1.8653700351715088,1.863489985466004,1.864240050315857
2022-01-03 13:00:00+00:00,1.864300012588501,1.8676600456237795,1.863489985466004,1.8672300577163696
2022-01-03 14:00:00+00:00,1.8672300577163696,1.8717199563980105,1.8670599460601809,1.8702399730682373
2022-01-03 15:00:00+00:00,1.87024998664856,1.8714599609375,1.8680200576782229,1.871129989624024
2022-01-03 16:00:00+00:00,1.8710399866104128,1.8724299669265747,1.8690199851989744,1.8719099760055544
2022-01-03 17:00:00+00:00,1.8719099760055544,1.8735500574111936,1.8707799911499023,1.871649980545044
2022-01-03 18:00:00+00:00,1.8718899488449097,1.872660040855408,1.87107002735138,1.872099995613098
2022-01-03 19:00:00+00:00,1.872089982032776,1.875309944152832,1.8718600273132324,1.8751699924469
2022-01-03 20:00:00+00:00,1.8751800060272217,1.8757599592208865,1.873829960823059,1.8752199411392207
2022-01-03 21:00:00+00:00,1.875249981880188,1.875830054283142,1.872130036354065,1.8737800121307373
2022-01-03 22:00:00+00:00,1.873769998550415,1.875570058822632,1.8713300228118896,1.87379002571106
2022-01-03 23:00:00+00:00,1.8737599849700928,1.8751499652862549,1.8724000453948968,1.87336003780365
2022-01-04 00:00:00+00:00,1.8735599517822263,1.8738000392913816,1.871809959411621,1.872339963912964
2022-01-04 01:00:00+00:00,1.8724499940872192,1.8728400468826287,1.8703900575637813,1.872189998626709
2022-01-04 02:00:00+00:00,1.8721400499343872,1.87296998500824,1.8705300092697144,1.8714599609375
2022-01-04 03:00:00+00:00,1.8714599609375,1.8718600273132324,1.868559956550598,1.869250059127808
2022-01-04 04:00:00+00:00,1.8691600561141968,1.8692599534988403,1.866420030593872,1.867779970169068
2022-01-04 05:00:00+00:00,1.867740035057068,1.8687599897384644,1.866269946098328,1.867069959640503
2022-01-04 06:00:00+00:00,1.8671200275421145,1.8685699701309204,1.8663100004196167,1.8675600290298464
2022-01-04 07:00:00+00:00,1.8675800561904907,1.871260046958924,1.8669400215148928,1.871260046958924
2022-01-04 08:00:00+00:00,1.871260046958924,1.872470021247864,1.869809985160828,1.871569991111756
2022-01-04 09:00:00+00:00,1.871500015258789,1.873810052871704,1.8702000379562376,1.873430013656616
2022-01-04 10:00:00+00:00,1.8734400272369385,1.8739999532699585,1.87076997756958,1.8733400106430047
2022-01-04 11:00:00+00:00,1.873270034790039,1.8747600317001345,1.8719099760055544,1.8747199773788448
2022-01-04 12:00:00+00:00,1.8746399879455569,1.8764300346374512,1.8724499940872192,1.875599980354309
2022-01-04 13:00:00+00:00,1.8755600452423096,1.8759299516677856,1.8738800287246704,1.8748300075531008
2022-01-04 14:00:00+00:00,1.874850034713745,1.8761500120162964,1.8727500438690183,1.87336003780365
2022-01-04 15:00:00+00:00,1.8729499578475952,1.8743300437927248,1.8696999549865725,1.8702399730682373
2022-01-04 16:00:00+00:00,1.8702900409698489,1.8723700046539309,1.8693499565124512,1.869979977607727
2022-01-04 17:00:00+00:00,1.869920015335083,1.8707799911499023,1.868839979171753,1.8694100379943848
2022-01-04 18:00:00+00:00,1.8694499731063845,1.870169997215271,1.868250012397766,1.8697600364685056
2022-01-04 19:00:00+00:00,1.8697999715805047,1.8701200485229488,1.8684600591659544,1.8687200546264648
2022-01-04 20:00:00+00:00,1.8687299489974976,1.8691099882125848,1.8670799732208248,1.868549942970276
2022-01-04 21:00:00+00:00,1.8686000108718872,1.8700100183486936,1.8672699928283687,1.8690099716186523
2022-01-04 22:00:00+00:00,1.868409991264344,1.8703999519348145,1.86584997177124,1.8687200546264648
2022-01-04 23:00:00+00:00,1.8687200546264648,1.8696999549865725,1.8671499490737915,1.8687700033187864
2022-01-05 00:00:00+00:00,1.8690799474716189,1.869809985160828,1.8671799898147583,1.869120001792908
2022-01-05 01:00:00+00:00,1.8691699504852293,1.871870040893555,1.8681000471115112,1.871649980545044
2022-01-05 02:00:00+00:00,1.8716299533844,1.871899962425232,1.869070053100586,1.87076997756958
2022-01-05 03:00:00+00:00,1.8708100318908687,1.872230052947998,1.8697199821472168,1.8703199625015257
2022-01-05 04:00:00+00:00,1.8703399896621704,1.8707400560379028,1.8692799806594849,1.870020031929016
2022-01-05 05:00:00+00:00,1.8700900077819824,1.872380018234253,1.8694599866867063,1.8721100091934204
2022-01-05 06:00:00+00:00,1.8720500469207764,1.872499942779541,1.870169997215271,1.8712999820709229
2022-01-05 07:00:00+00:00,1.8712899684906008,1.872069954872132,1.8691699504852293,1.870959997177124
2022-01-05 08:00:00+00:00,1.8709100484848025,1.872910022735596,1.8697199821472168,1.871379971504212
2022-01-05 09:00:00+00:00,1.871440052986145,1.871510028839112,1.8665800094604488,1.8670400381088257
2022-01-05 10:00:00+00:00,1.867210030555725,1.86899995803833,1.865520000457764,1.8666399717330933
2022-01-05 11:00:00+00:00,1.8666399717330933,1.8676899671554563,1.8653500080108645,1.865820050239563
2022-01-05 12:00:00+00:00,1.865820050239563,1.8675700426101685,1.865090012550354,1.8675700426101685
2022-01-05 13:00:00+00:00,1.8675600290298464,1.867840051651001,1.8652199506759644,1.8667500019073489
2022-01-05 14:00:00+00:00,1.8667399883270264,1.8683600425720213,1.8640999794006348,1.8648200035095213
2022-01-05 15:00:00+00:00,1.8648500442504885,1.8670099973678589,1.8636900186538696,1.865839958190918
2022-01-05 16:00:00+00:00,1.865820050239563,1.8699699640274048,1.8652399778366089,1.869339942932129
2022-01-05 17:00:00+00:00,1.8693499565124512,1.8711600303649905,1.8678499460220337,1.8709299564361568
2022-01-05 18:00:00+00:00,1.87107002735138,1.87228000164032,1.8703700304031368,1.870949983596801
2022-01-05 19:00:00+00:00,1.87107002735138,1.8778599500656128,1.8702000379562376,1.8772300481796265
2022-01-05 20:00:00+00:00,1.8772499561309808,1.877660036087036,1.8757200241088867,1.876520037651062
2022-01-05 21:00:00+00:00,1.876539945602417,1.877699971199036,1.8755799531936648,1.876960039138794
2022-01-05 22:00:00+00:00,1.8768800497055047,1.877969980239868,1.8759000301361084,1.87663996219635
2022-01-05 23:00:00+00:00,1.8763999938964844,1.8786900043487549,1.875849962234497,1.87706995010376
2022-01-06 00:00:00+00:00,1.877120018005371,1.8780499696731567,1.876539945602417,1.8774800300598145
2022-01-06 01:00:00+00:00,1.877500057220459,1.8795000314712524,1.8770899772644043,1.8782999515533447
2022-01-06 02:00:00+00:00,1.8783299922943115,1.880990028381348,1.8780499696731567,1.880489945411682
2022-01-06 03:00:00+00:00,1.880489945411682,1.8827099800109863,1.879699945449829,1.8824000358581543
2022-01-06 04:00:00+00:00,1.8824399709701536,1.885699987411499,1.8816100358963013,1.8846999406814573
2022-01-06 05:00:00+00:00,1.8846999406814573,1.8865900039672847,1.8845700025558472,1.8859699964523315
2022-01-06 06:00:00+00:00,1.8859699964523315,1.8876999616622925,1.8855400085449217,1.886849999427796
2022-01-06 07:00:00+00:00,1.886849999427796,1.888260006904602,1.885740041732788,1.8862299919128416
2022-01-06 08:00:00+00:00,1.8862299919128416,1.8898299932479856,1.884909987449646,1.8878400325775144
2022-01-06 09:00:00+00:00,1.887869954109192,1.8895200490951536,1.8868999481201167,1.888059973716736
2022-01-06 10:00:00+00:00,1.8880200386047363,1.8884700536727903,1.8848299980163568,1.886029958724976
2022-01-06 11:00:00+00:00,1.886019945144653,1.889189958572388,1.885599970817566,1.8883299827575684
2022-01-06 12:00:00+00:00,1.8883899450302124,1.8895299434661863,1.8868099451065063,1.8883600234985352
2022-01-06 13:00:00+00:00,1.8883600234985352,1.889799952507019,1.886489987373352,1.889709949493408
2022-01-06 14:00:00+00:00,1.8897900581359863,1.890879988670349,1.8870699405670168,1.8897199630737305
2022-01-06 15:00:00+00:00,1.889799952507019,1.891129970550537,1.8867000341415403,1.8897600173950195
2022-01-06 16:00:00+00:00,1.889709949493408,1.890390038490296,1.887719988822937,1.8889100551605225
2022-01-06 17:00:00+00:00,1.8889000415802,1.889569997787476,1.886540055274964,1.887910008430481
2022-01-06 18:00:00+00:00,1.888010025024414,1.8888499736785889,1.887120008468628,1.8878400325775144
2022-01-06 19:00:00+00:00,1.8878300189971924,1.8887300491333008,1.8870799541473389,1.8877099752426147
2022-01-06 20:00:00+00:00,1.8876399993896484,1.8896600008010864,1.8867599964141848,1.8885999917984009
2022-01-06 21:00:00+00:00,1.8885999917984009,1.8897700309753416,1.8868299722671509,1.88864004611969
2022-01-06 22:00:00+00:00,1.8886100053787231,1.889870047569275,1.885419964790344,1.889320015907288
2022-01-06 23:00:00+00:00,1.88919997215271,1.889879941940308,1.888069987297058,1.8890899419784544
2022-01-07 00:00:00+00:00,1.8893500566482544,1.88945996761322,1.8866900205612185,1.8878599405288696
2022-01-07 01:00:00+00:00,1.8877700567245483,1.8896100521087649,1.8867599964141848,1.889320015907288
2022-01-07 02:00:00+00:00,1.88919997215271,1.8909300565719604,1.8886699676513672,1.889189958572388
2022-01-07 03:00:00+00:00,1.889189958572388,1.890779972076416,1.888440012931824,1.8904900550842283
2022-01-07 04:00:00+00:00,1.8904900550842283,1.8923699855804443,1.889950037002564,1.8918299674987795
2022-01-07 05:00:00+00:00,1.8918299674987795,1.892289996147156,1.8904000520706177,1.8906099796295168
2022-01-07 06:00:00+00:00,1.8905400037765503,1.8927600383758545,1.890529990196228,1.8922200202941888
2022-01-07 07:00:00+00:00,1.8922100067138672,1.8928699493408203,1.8910200595855715,1.8924100399017327
2022-01-07 08:00:00+00:00,1.8924599885940552,1.895509958267212,1.8912700414657595,1.8943899869918823
2022-01-07 09:00:00+00:00,1.894420027732849,1.895140051841736,1.8926500082015991,1.8943099975585933
2022-01-07 10:00:00+00:00,1.894320011138916,1.89468002319336,1.891350030899048,1.892169952392578
2022-01-07 11:00:00+00:00,1.892169952392578,1.89451003074646,1.891950011253357,1.893740057945252
2022-01-07 12:00:00+00:00,1.893720030784607,1.89437997341156,1.8927799463272093,1.894029974937439
2022-01-07 13:00:00+00:00,1.8940500020980835,1.8979500532150269,1.891610026359558,1.8963099718093872
2022-01-07 14:00:00+00:00,1.8963700532913208,1.896389961242676,1.890820026397705,1.8921400308609009
2022-01-07 15:00:00+00:00,1.8921400308609009,1.896399974822998,1.890820026397705,1.8943300247192385
2022-01-07 16:00:00+00:00,1.8943099975585933,1.894490003585816,1.8896199464797967,1.8901900053024288
2022-01-07 17:00:00+00:00,1.8902900218963623,1.8923100233078003,1.8896000385284424,1.891700029373169
2022-01-07 18:00:00+00:00,1.8917399644851685,1.892339944839477,1.890519976615905,1.8913300037384035
2022-01-07 19:00:00+00:00,1.8912899494171145,1.8926299810409544,1.890699982643128,1.8922799825668333
2022-01-07 20:00:00+00:00,1.892240047454834,1.8933000564575195,1.8916300535202024,1.8929599523544312
2022-01-07 21:00:00+00:00,1.892979979515076,1.893779993057251,1.890630006790161,1.891520023345948
2022-01-07 22:00:00+00:00,1.891819953918457,1.8926199674606323,1.891819953918457,1.892099976539612
2022-01-10 00:00:00+00:00,1.8933000564575195,1.893399953842163,1.890949964523316,1.892040014266968
2022-01-10 01:00:00+00:00,1.8920899629592896,1.8924100399017327,1.889389991760254,1.890120029449463
2022-01-10 02:00:00+00:00,1.890089988708496,1.890120029449463,1.8885300159454343,1.8891199827194207
2022-01-10 03:00:00+00:00,1.8891199827194207,1.889549970626831,1.888350009918213,1.88919997215271
2022-01-10 04:00:00+00:00,1.88919997215271,1.8892500400543213,1.887349963188172,1.8886499404907229
2022-01-10 05:00:00+00:00,1.888659954071045,1.889310002326965,1.8875099420547483,1.888960003852844
2022-01-10 06:00:00+00:00,1.8889000415802,1.8895399570465088,1.8875099420547483,1.8878799676895144
2022-01-10 07:00:00+00:00,1.887979984283448,1.8889800310134888,1.886680006980896,1.8877300024032595
2022-01-10 08:00:00+00:00,1.887719988822937,1.8921500444412231,1.887060046195984,1.8904900550842283
2022-01-10 09:00:00+00:00,1.8904399871826167,1.89110004901886,1.888190031051636,1.889189958572388
2022-01-10 10:00:00+00:00,1.8891199827194207,1.8893500566482544,1.8860399723052976,1.8878400325775144
2022-01-10 11:00:00+00:00,1.8878599405288696,1.889559984207153,1.8870500326156616,1.888820052146912
2022-01-10 12:00:00+00:00,1.888710021972656,1.8909300565719604,1.8880900144577024,1.8907500505447388
2022-01-10 13:00:00+00:00,1.8907999992370603,1.8918100595474243,1.8887200355529783,1.889879941940308
2022-01-10 14:00:00+00:00,1.889879941940308,1.891759991645813,1.8877899646759035,1.891520023345948
2022-01-10 15:00:00+00:00,1.891510009765625,1.895990014076233,1.890820026397705,1.893610000610352
2022-01-10 16:00:00+00:00,1.8935099840164185,1.8941999673843384,1.89096999168396,1.891759991645813
2022-01-10 17:00:00+00:00,1.891800045967102,1.8932199478149407,1.8912400007247925,1.892590045928955
2022-01-10 18:00:00+00:00,1.892590045928955,1.8935600519180296,1.891759991645813,1.8924299478530884
2022-01-10 19:00:00+00:00,1.8924299478530884,1.8940500020980835,1.8917200565338133,1.892590045928955
2022-01-10 20:00:00+00:00,1.8925600051879885,1.893589973449707,1.8915300369262693,1.891909956932068
2022-01-10 21:00:00+00:00,1.8918999433517456,1.893409967422485,1.8883600234985352,1.8929500579833984
2022-01-10 22:00:00+00:00,1.893419981002808,1.8940900564193728,1.889320015907288,1.892590045928955
2022-01-10 23:00:00+00:00,1.892590045928955,1.8932199478149407,1.8906500339508057,1.8911700248718264
2022-01-11 00:00:00+00:00,1.891199946403504,1.891860008239746,1.889209985733032,1.890200018882752
2022-01-11 01:00:00+00:00,1.8903000354766848,1.892850041389465,1.8899600505828853,1.891890048980713
2022-01-11 02:00:00+00:00,1.891950011253357,1.8927799463272093,1.890069961547852,1.890519976615905
2022-01-11 03:00:00+00:00,1.890519976615905,1.8907500505447388,1.888800024986267,1.890470027923584
2022-01-11 04:00:00+00:00,1.8904900550842283,1.8914999961853027,1.889709949493408,1.891319990158081
2022-01-11 05:00:00+00:00,1.891319990158081,1.8919299840927124,1.8899400234222408,1.8908400535583496
2022-01-11 06:00:00+00:00,1.8908599615097048,1.8946900367736816,1.8900599479675293,1.893720030784607
2022-01-11 07:00:00+00:00,1.893610000610352,1.8940900564193728,1.89031994342804,1.891319990158081
2022-01-11 08:00:00+00:00,1.891319990158081,1.8955299854278564,1.8904099464416504,1.8947900533676147
2022-01-11 09:00:00+00:00,1.8947800397872925,1.8951599597930908,1.8924100399017327,1.894180059432984
2022-01-11 10:00:00+00:00,1.894170045852661,1.895580053329468,1.892850041389465,1.8945900201797483
2022-01-11 11:00:00+00:00,1.8945900201797483,1.895210027694702,1.8915599584579468,1.8924800157547
2022-01-11 12:00:00+00:00,1.8924599885940552,1.8946499824523928,1.8912299871444704,1.89300000667572
2022-01-11 13:00:00+00:00,1.892940044403076,1.894610047340393,1.8918399810791016,1.8943400382995603
2022-01-11 14:00:00+00:00,1.8943400382995603,1.8962199687957764,1.8935199975967407,1.8946599960327148
2022-01-11 15:00:00+00:00,1.8947499990463257,1.895400047302246,1.8924800157547,1.894739985466004
2022-01-11 16:00:00+00:00,1.894760012626648,1.89520001411438,1.891890048980713,1.892729997634888
2022-01-11 17:00:00+00:00,1.892789959907532,1.8932100534439087,1.8910399675369265,1.8918399810791016
2022-01-11 18:00:00+00:00,1.8918299674987795,1.891980051994324,1.8882700204849243,1.888569951057434
2022-01-11 19:00:00+00:00,1.8885300159454343,1.890630006790161,1.88838005065918,1.8905400037765503
2022-01-11 20:00:00+00:00,1.890519976615905,1.8907500505447388,1.8894100189208984,1.8902900218963623
2022-01-11 21:00:00+00:00,1.8902599811553955,1.8914300203323364,1.889649987220764,1.890830039978028
2022-01-11 22:00:00+00:00,1.89110004901886,1.8915300369262693,1.888890027999878,1.8905500173568728
2022-01-11 23:00:00+00:00,1.8904600143432613,1.8912700414657595,1.8880200386047363,1.8907999992370603
2022-01-12 00:00:00+00:00,1.8907099962234497,1.8917200565338133,1.889709949493408,1.8902699947357176
2022-01-12 01:00:00+00:00,1.8902900218963623,1.892009973526001,1.8895200490951536,1.891010046005249
2022-01-12 02:00:00+00:00,1.891010046005249,1.8921799659729004,1.890239953994751,1.8907500505447388
2022-01-12 03:00:00+00:00,1.89110004901886,1.8914400339126587,1.88959002494812,1.88959002494812
2022-01-12 04:00:00+00:00,1.8899799585342407,1.8904199600219729,1.8884199857711792,1.889439940452576
2022-01-12 05:00:00+00:00,1.8895299434661863,1.8908499479293823,1.889060020446777,1.8899600505828853
2022-01-12 06:00:00+00:00,1.8900200128555296,1.8905600309371948,1.8884299993515008,1.8896600008010864
2022-01-12 07:00:00+00:00,1.889709949493408,1.8923300504684448,1.8889100551605225,1.891639947891236
2022-01-12 08:00:00+00:00,1.8916200399398804,1.892930030822754,1.8903100490570068,1.8916499614715576
2022-01-12 09:00:00+00:00,1.891540050506592,1.8921799659729004,1.8889399766922,1.8895000219345093
2022-01-12 10:00:00+00:00,1.8895000219345093,1.890470027923584,1.8887200355529783,1.8899999856948853
2022-01-12 11:00:00+00:00,1.8900799751281736,1.8913300037384035,1.889389991760254,1.8908599615097048
2022-01-12 12:00:00+00:00,1.890830039978028,1.891819953918457,1.8896600008010864,1.8904600143432613
2022-01-12 13:00:00+00:00,1.8904800415039065,1.8919700384140008,1.8859399557113647,1.886540055274964
2022-01-12 14:00:00+00:00,1.8865200281143188,1.887369990348816,1.883020043373108,1.8842600584030151
2022-01-12 15:00:00+00:00,1.8842400312423704,1.8848299980163568,1.8805299997329712,1.8828799724578853
2022-01-12 16:00:00+00:00,1.8828799724578853,1.8840500116348269,1.881319999694824,1.881979942321777
2022-01-12 17:00:00+00:00,1.8817700147628784,1.8833199739456177,1.8805899620056152,1.881780028343201
2022-01-12 18:00:00+00:00,1.881780028343201,1.882740020751953,1.881369948387146,1.8822699785232544
2022-01-12 19:00:00+00:00,1.8823000192642207,1.882560014724732,1.8795599937438965,1.8804800510406487
2022-01-12 20:00:00+00:00,1.880360007286072,1.8816399574279783,1.879979968070984,1.88074004650116
2022-01-12 21:00:00+00:00,1.880679965019226,1.881680011749268,1.8790899515151973,1.8803900480270384
2022-01-12 22:00:00+00:00,1.8786799907684328,1.882140040397644,1.8786799907684328,1.8813999891281128
2022-01-12 23:00:00+00:00,1.881469964981079,1.882310032844544,1.880239963531494,1.882159948348999
2022-01-13 00:00:00+00:00,1.8820899724960327,1.8832900524139404,1.881250023841858,1.8822100162506104
2022-01-13 01:00:00+00:00,1.8822499513626096,1.8839800357818604,1.881309986114502,1.883679986000061
2022-01-13 02:00:00+00:00,1.883769989013672,1.884590029716492,1.8817299604415887,1.8822699785232544
2022-01-13 03:00:00+00:00,1.8822699785232544,1.883370041847229,1.8807200193405151,1.8811399936676023
2022-01-13 04:00:00+00:00,1.8812099695205688,1.8821500539779663,1.8802000284194944,1.881010055541992
2022-01-13 05:00:00+00:00,1.881119966506958,1.883389949798584,1.8804099559783936,1.8827799558639529
2022-01-13 06:00:00+00:00,1.8827099800109863,1.882830023765564,1.880910038948059,1.8820500373840328
2022-01-13 07:00:00+00:00,1.882040023803711,1.8826099634170528,1.879449963569641,1.880669951438904
2022-01-13 08:00:00+00:00,1.8806899785995483,1.881309986114502,1.878159999847412,1.880010008811951
2022-01-13 09:00:00+00:00,1.8799899816513064,1.8818299770355225,1.8785400390625,1.87923002243042
2022-01-13 10:00:00+00:00,1.8791300058364868,1.880929946899414,1.878520011901856,1.880859971046448
2022-01-13 11:00:00+00:00,1.880820035934448,1.881890058517456,1.879539966583252,1.8804099559783936
2022-01-13 12:00:00+00:00,1.8804099559783936,1.8815200328826904,1.879150032997132,1.8803900480270384
2022-01-13 13:00:00+00:00,1.8802800178527832,1.8804999589920044,1.878029942512512,1.880239963531494
2022-01-13 14:00:00+00:00,1.880210041999817,1.8809700012207031,1.8783700466156008,1.8808900117874143
2022-01-13 15:00:00+00:00,1.880910038948059,1.8837300539016724,1.8804700374603271,1.881739974021912
2022-01-13 16:00:00+00:00,1.881569981575012,1.8825500011444087,1.87978994846344,1.8801000118255613
2022-01-13 17:00:00+00:00,1.8801599740982056,1.8828999996185305,1.879889965057373,1.880920052528381
2022-01-13 18:00:00+00:00,1.880920052528381,1.882200002670288,1.880579948425293,1.881180047988892
2022-01-13 19:00:00+00:00,1.8811399936676023,1.882619976997376,1.8803399801254272,1.8818299770355225
2022-01-13 20:00:00+00:00,1.8817700147628784,1.8836499452590945,1.8812899589538568,1.883119940757752
2022-01-13 21:00:00+00:00,1.8830900192260744,1.883579969406128,1.8796900510787964,1.8808300495147705
2022-01-13 22:00:00+00:00,1.8816399574279783,1.883999943733216,1.8799500465393064,1.8824599981307983
2022-01-13 23:00:00+00:00,1.8824900388717647,1.8839800357818604,1.8821699619293213,1.8831900358200075
2022-01-14 00:00:00+00:00,1.8832800388336184,1.885210037231445,1.882889986038208,1.88401997089386
2022-01-14 01:00:00+00:00,1.883999943733216,1.8873800039291384,1.8834799528121948,1.886639952659607
2022-01-14 02:00:00+00:00,1.8866300582885744,1.8881700038909912,1.885609984397888,1.886379957199097
2022-01-14 03:00:00+00:00,1.886430025100708,1.8880900144577024,1.8861500024795528,1.8867299556732176
2022-01-14 04:00:00+00:00,1.886790037155152,1.8868000507354736,1.8845000267028809,1.8849300146102903
2022-01-14 05:00:00+00:00,1.884860038757324,1.8861700296401973,1.884209990501404,1.8844300508499143
2022-01-14 06:00:00+00:00,1.8844799995422363,1.884909987449646,1.883020043373108,1.88470995426178
2022-01-14 07:00:00+00:00,1.884719967842102,1.885570049285889,1.883059978485108,1.884860038757324
2022-01-14 08:00:00+00:00,1.884899973869324,1.8870099782943728,1.8826600313186648,1.8868000507354736
2022-01-14 09:00:00+00:00,1.8867599964141848,1.889299988746643,1.886080026626587,1.888569951057434
2022-01-14 10:00:00+00:00,1.8885200023651123,1.8893500566482544,1.8871500492095947,1.889009952545166
2022-01-14 11:00:00+00:00,1.889009952545166,1.889569997787476,1.8873300552368164,1.8891199827194207
2022-01-14 12:00:00+00:00,1.889150023460388,1.8917100429534912,1.8886100053787231,1.8915499448776243
2022-01-14 13:00:00+00:00,1.8915599584579468,1.8945200443267824,1.8910399675369265,1.8928799629211424
2022-01-14 14:00:00+00:00,1.892860054969788,1.8932100534439087,1.887410044670105,1.887850046157837
2022-01-14 15:00:00+00:00,1.8878400325775144,1.8925299644470213,1.8873599767684937,1.8918399810791016
2022-01-14 16:00:00+00:00,1.8918700218200684,1.89300000667572,1.890910029411316,1.8924399614334104
2022-01-14 17:00:00+00:00,1.8924599885940552,1.8961000442504885,1.891980051994324,1.8959300518035889
2022-01-14 18:00:00+00:00,1.895949959754944,1.8981300592422483,1.895509958267212,1.89752995967865
2022-01-14 19:00:00+00:00,1.8975499868392944,1.898169994354248,1.89683997631073,1.8973900079727173
2022-01-14 20:00:00+00:00,1.8973599672317505,1.8976099491119385,1.8952499628067017,1.895609974861145
2022-01-14 21:00:00+00:00,1.895550012588501,1.897629976272583,1.8941400051116943,1.8954700231552124
2022-01-14 22:00:00+00:00,1.897349953651428,1.897349953651428,1.897349953651428,1.897349953651428
2022-01-17 00:00:00+00:00,1.894670009613037,1.897089958190918,1.894299983978272,1.896649956703186
2022-01-17 01:00:00+00:00,1.8967299461364744,1.8991700410842896,1.896139979362488,1.8988900184631348
2022-01-17 02:00:00+00:00,1.8989299535751345,1.8989299535751345,1.895699977874756,1.8962199687957764
2022-01-17 03:00:00+00:00,1.896289944648743,1.897289991378784,1.8957500457763672,1.8967499732971191
2022-01-17 04:00:00+00:00,1.8967499732971191,1.8981499671936035,1.8960700035095213,1.897860050201416
2022-01-17 05:00:00+00:00,1.89795994758606,1.8983999490737915,1.8970099687576287,1.8980400562286377
2022-01-17 06:00:00+00:00,1.8980499505996704,1.8987499475479128,1.8968199491500848,1.898169994354248
2022-01-17 07:00:00+00:00,1.898169994354248,1.8985999822616573,1.8955299854278564,1.895900011062622
2022-01-17 08:00:00+00:00,1.8959300518035889,1.897420048713684,1.8945300579071045,1.8948899507522583
2022-01-17 09:00:00+00:00,1.8949099779129028,1.8960599899291992,1.8939100503921509,1.895609974861145
2022-01-17 10:00:00+00:00,1.895640015602112,1.895830035209656,1.8934500217437744,1.8941600322723389
2022-01-17 11:00:00+00:00,1.8941099643707275,1.8943599462509155,1.8912099599838257,1.8920199871063232
2022-01-17 12:00:00+00:00,1.892040014266968,1.8923799991607664,1.889340043067932,1.892199993133545
2022-01-17 13:00:00+00:00,1.892199993133545,1.893239974975586,1.8914200067520144,1.89260995388031
2022-01-17 14:00:00+00:00,1.8926199674606323,1.8935099840164185,1.8918999433517456,1.8928899765014648
2022-01-17 15:00:00+00:00,1.8928699493408203,1.893749952316284,1.8909000158309937,1.8924000263214111
2022-01-17 16:00:00+00:00,1.8926500082015991,1.893740057945252,1.892199993133545,1.8930100202560425
2022-01-17 17:00:00+00:00,1.8930200338363647,1.8939499855041504,1.89179003238678,1.892109990119934
2022-01-17 18:00:00+00:00,1.8921500444412231,1.8924800157547,1.891389966011048,1.8920300006866453
2022-01-17 19:00:00+00:00,1.8920600414276123,1.8923699855804443,1.891450047492981,1.8922100067138672
2022-01-17 20:00:00+00:00,1.8922200202941888,1.892500042915344,1.891389966011048,1.8923200368881223
2022-01-17 21:00:00+00:00,1.8923100233078003,1.8926199674606323,1.889870047569275,1.8902699947357176
2022-01-17 22:00:00+00:00,1.8916800022125244,1.8930699825286863,1.8896600008010864,1.892789959907532
2022-01-17 23:00:00+00:00,1.892359972000122,1.893460035324097,1.890570044517517,1.8924399614334104
2022-01-18 00:00:00+00:00,1.8923799991607664,1.8933000564575195,1.891080021858216,1.891819953918457
2022-01-18 01:00:00+00:00,1.891849994659424,1.8924100399017327,1.8895399570465088,1.8903800249099727
2022-01-18 02:00:00+00:00,1.890390038490296,1.8917100429534912,1.8899600505828853,1.8907699584960933
2022-01-18 03:00:00+00:00,1.8908400535583496,1.89723002910614,1.890200018882752,1.89654004573822
2022-01-18 04:00:00+00:00,1.8964200019836424,1.8989100456237795,1.8952900171279907,1.895679950714112
2022-01-18 05:00:00+00:00,1.895709991455078,1.8968000411987305,1.894860029220581,1.8957600593566888
2022-01-18 06:00:00+00:00,1.8957600593566888,1.895900011062622,1.8932900428771973,1.893720030784607
2022-01-18 07:00:00+00:00,1.8937699794769287,1.89614999294281,1.893499970436096,1.8943699598312376
2022-01-18 08:00:00+00:00,1.8944000005722048,1.8974699974060056,1.894240021705628,1.8963099718093872
2022-01-18 09:00:00+00:00,1.8963099718093872,1.897289991378784,1.8948700428009035,1.895300030708313
2022-01-18 10:00:00+00:00,1.895359992980957,1.895509958267212,1.8933000564575195,1.8943899869918823
2022-01-18 11:00:00+00:00,1.8943599462509155,1.89468002319336,1.8923799991607664,1.892840027809143
2022-01-18 12:00:00+00:00,1.892799973487854,1.893030047416687,1.8902900218963623,1.8908400535583496
2022-01-18 13:00:00+00:00,1.8908499479293823,1.893030047416687,1.8896700143814087,1.8919600248336792
2022-01-18 14:00:00+00:00,1.8919600248336792,1.8922499418258667,1.8902100324630733,1.8913099765777588
2022-01-18 15:00:00+00:00,1.891319990158081,1.8915599584579468,1.8876500129699707,1.889449954032898
2022-01-18 16:00:00+00:00,1.8894699811935425,1.8918800354003904,1.888689994812012,1.8901900053024288
2022-01-18 17:00:00+00:00,1.890239953994751,1.893149971961975,1.8899099826812744,1.8923100233078003
2022-01-18 18:00:00+00:00,1.8924100399017327,1.893610000610352,1.8916300535202024,1.892109990119934
2022-01-18 19:00:00+00:00,1.8921200037002563,1.89274001121521,1.8912299871444704,1.8921600580215447
2022-01-18 20:00:00+00:00,1.8921600580215447,1.8933000564575195,1.8915599584579468,1.8924700021743768
2022-01-18 21:00:00+00:00,1.892449975013733,1.8932199478149407,1.8914799690246584,1.8921899795532229
2022-01-18 22:00:00+00:00,1.8915599584579468,1.893229961395264,1.8904900550842283,1.892670035362244
2022-01-18 23:00:00+00:00,1.8925199508666992,1.892920017242432,1.8910499811172483,1.892420053482056
2022-01-19 00:00:00+00:00,1.8920700550079343,1.893419981002808,1.8910000324249268,1.8921500444412231
2022-01-19 01:00:00+00:00,1.8922200202941888,1.8928300142288208,1.8903700113296509,1.8923799991607664
2022-01-19 02:00:00+00:00,1.8924000263214111,1.8924599885940552,1.8905999660491943,1.891469955444336
2022-01-19 03:00:00+00:00,1.8915300369262693,1.8939599990844729,1.8910000324249268,1.8925199508666992
2022-01-19 04:00:00+00:00,1.892590045928955,1.893479943275452,1.8904999494552608,1.8930799961090088
2022-01-19 05:00:00+00:00,1.893030047416687,1.893589973449707,1.89191997051239,1.8925100564956665
2022-01-19 06:00:00+00:00,1.892500042915344,1.892979979515076,1.89031994342804,1.890949964523316
2022-01-19 07:00:00+00:00,1.8910000324249268,1.893030047416687,1.890660047531128,1.8925600051879885
2022-01-19 08:00:00+00:00,1.892539978027344,1.8935500383377075,1.8900099992752075,1.8903100490570068
2022-01-19 09:00:00+00:00,1.890570044517517,1.8918399810791016,1.889060020446777,1.890089988708496
2022-01-19 10:00:00+00:00,1.8900799751281736,1.890640020370484,1.888499975204468,1.8894100189208984
2022-01-19 11:00:00+00:00,1.889400005340576,1.8920899629592896,1.8886200189590447,1.8898600339889529
2022-01-19 12:00:00+00:00,1.889989972114563,1.8906099796295168,1.8889399766922,1.889709949493408
2022-01-19 13:00:00+00:00,1.8897500038146973,1.889899969100952,1.885740041732788,1.886430025100708
2022-01-19 14:00:00+00:00,1.886530041694641,1.887940049171448,1.884529948234558,1.8861900568008425
2022-01-19 15:00:00+00:00,1.886109948158264,1.888100028038025,1.8856600522994995,1.8871999979019165
2022-01-19 16:00:00+00:00,1.887220025062561,1.888100028038025,1.884610056877136,1.885699987411499
2022-01-19 17:00:00+00:00,1.8857300281524656,1.886430025100708,1.8840399980545044,1.8845399618148804
2022-01-19 18:00:00+00:00,1.8845399618148804,1.8859599828720093,1.883970022201538,1.8853299617767327
2022-01-19 19:00:00+00:00,1.885349988937378,1.8864799737930296,1.88484001159668,1.885949969291687
2022-01-19 20:00:00+00:00,1.8859699964523315,1.8874599933624268,1.8849999904632568,1.886989951133728
2022-01-19 21:00:00+00:00,1.886970043182373,1.888010025024414,1.886409997940064,1.8871899843215945
2022-01-19 22:00:00+00:00,1.8872499465942385,1.8885899782180784,1.8854600191116333,1.887159943580628
2022-01-19 23:00:00+00:00,1.8871899843215945,1.8879200220108032,1.8847700357437127,1.8857500553131104
2022-01-20 00:00:00+00:00,1.8857500553131104,1.886080026626587,1.8818299770355225,1.882349967956543
2022-01-20 01:00:00+00:00,1.8824000358581543,1.88332998752594,1.879770040512085,1.88264000415802
2022-01-20 02:00:00+00:00,1.8827999830245967,1.88441002368927,1.8820899724960327,1.8828200101852417
2022-01-20 03:00:00+00:00,1.882869958877564,1.883970022201538,1.8814400434494016,1.8832600116729736
2022-01-20 04:00:00+00:00,1.8832000494003296,1.8836100101470947,1.881979942321777,1.8828500509262085
2022-01-20 05:00:00+00:00,1.8829200267791748,1.886240005493164,1.882060050964356,1.8855799436569207
2022-01-20 06:00:00+00:00,1.8855799436569207,1.885740041732788,1.8840700387954712,1.8847600221633911
2022-01-20 07:00:00+00:00,1.8847700357437127,1.88510000705719,1.8823299407958984,1.8836499452590945
2022-01-20 08:00:00+00:00,1.883710026741028,1.884649991989136,1.8824599981307983,1.883810043334961
2022-01-20 09:00:00+00:00,1.883810043334961,1.885419964790344,1.882680058479309,1.8844900131225584
2022-01-20 10:00:00+00:00,1.8844499588012693,1.8845399618148804,1.8808499574661253,1.8820199966430664
2022-01-20 11:00:00+00:00,1.882009983062744,1.882040023803711,1.8786900043487549,1.8792200088500977
2022-01-20 12:00:00+00:00,1.879199981689453,1.8812099695205688,1.8782000541687007,1.8803499937057493
2022-01-20 13:00:00+00:00,1.8803499937057493,1.8810900449752808,1.8766499757766724,1.8782600164413448
2022-01-20 14:00:00+00:00,1.8782299757003784,1.880010008811951,1.877750039100647,1.8785400390625
2022-01-20 15:00:00+00:00,1.8785400390625,1.879539966583252,1.876270055770874,1.8776799440383911
2022-01-20 16:00:00+00:00,1.877660036087036,1.8788100481033323,1.8768399953842163,1.8775899410247805
2022-01-20 17:00:00+00:00,1.877629995346069,1.877940058708191,1.875659942626953,1.877120018005371
2022-01-20 18:00:00+00:00,1.8771599531173704,1.8791099786758425,1.876760005950928,1.878890037536621
2022-01-20 19:00:00+00:00,1.878890037536621,1.8809800148010247,1.8778400421142576,1.879580020904541
2022-01-20 20:00:00+00:00,1.879600048065185,1.8824100494384768,1.8791199922561648,1.8815399408340447
2022-01-20 21:00:00+00:00,1.881510019302368,1.8823699951171875,1.880560040473938,1.8817299604415887
2022-01-20 22:00:00+00:00,1.8817100524902344,1.8825900554656985,1.878730058670044,1.8820899724960327
2022-01-20 23:00:00+00:00,1.8819899559021,1.8868099451065063,1.8806500434875488,1.8842300176620483
2022-01-21 00:00:00+00:00,1.883970022201538,1.8889199495315552,1.883749961853028,1.887809991836548
2022-01-21 01:00:00+00:00,1.8879899978637693,1.8909800052642824,1.8873900175094604,1.888309955596924
2022-01-21 02:00:00+00:00,1.8884199857711792,1.8902599811553955,1.8866900205612185,1.889009952545166
2022-01-21 03:00:00+00:00,1.889009952545166,1.8920600414276123,1.8885300159454343,1.8903299570083616
2022-01-21 04:00:00+00:00,1.8904099464416504,1.8918100595474243,1.889569997787476,1.8904800415039065
2022-01-21 05:00:00+00:00,1.8904199600219729,1.891280055046081,1.888350009918213,1.889060020446777
2022-01-21 06:00:00+00:00,1.8890999555587769,1.889989972114563,1.8874399662017824,1.8892699480056765
2022-01-21 07:00:00+00:00,1.8892500400543213,1.8897500038146973,1.8858200311660769,1.886160016059876
2022-01-21 08:00:00+00:00,1.8861199617385864,1.8873000144958496,1.8843899965286253,1.886379957199097
2022-01-21 09:00:00+00:00,1.8863999843597408,1.8890000581741333,1.8862500190734863,1.887369990348816
2022-01-21 10:00:00+00:00,1.887410044670105,1.8880900144577024,1.8823599815368648,1.882789969444275
2022-01-21 11:00:00+00:00,1.8828599452972408,1.8851200342178345,1.8824399709701536,1.8844200372695925
2022-01-21 12:00:00+00:00,1.884340047836304,1.8876999616622925,1.8838200569152832,1.886639952659607
2022-01-21 13:00:00+00:00,1.8867199420928955,1.8868900537490845,1.8812700510025024,1.882030010223389
2022-01-21 14:00:00+00:00,1.8819999694824217,1.8849400281906128,1.8805299997329712,1.8845200538635247
2022-01-21 15:00:00+00:00,1.8845100402832031,1.8855400085449217,1.8813600540161133,1.88264000415802
2022-01-21 16:00:00+00:00,1.88264000415802,1.884610056877136,1.8807599544525144,1.8833800554275515
2022-01-21 17:00:00+00:00,1.88349997997284,1.8859000205993648,1.8830699920654297,1.885390043258667
2022-01-21 18:00:00+00:00,1.8854800462722776,1.8869400024414065,1.8848700523376465,1.8864500522613523
2022-01-21 19:00:00+00:00,1.886409997940064,1.8891600370407104,1.8860399723052976,1.888710021972656
2022-01-21 20:00:00+00:00,1.8886699676513672,1.8894200325012207,1.887539982795716,1.8885300159454343
2022-01-21 21:00:00+00:00,1.8886100053787231,1.8896199464797967,1.884559988975525,1.8862299919128416
2022-01-21 22:00:00+00:00,1.88673996925354,1.8868600130081177,1.88673996925354,1.8868600130081177
2022-01-24 00:00:00+00:00,1.885890007019043,1.8881100416183472,1.8856799602508545,1.887570023536682
2022-01-24 01:00:00+00:00,1.8875800371170044,1.888569951057434,1.8862899541854856,1.887869954109192
2022-01-24 02:00:00+00:00,1.887869954109192,1.8896600008010864,1.8866300582885744,1.887760043144226
2022-01-24 03:00:00+00:00,1.8877700567245483,1.8885400295257568,1.8868800401687624,1.8877700567245483
2022-01-24 04:00:00+00:00,1.8877700567245483,1.888710021972656,1.8868199586868288,1.88838005065918
2022-01-24 05:00:00+00:00,1.8884899616241453,1.891860008239746,1.8875800371170044,1.890570044517517
2022-01-24 06:00:00+00:00,1.89058005809784,1.8921400308609009,1.889709949493408,1.891980051994324
2022-01-24 07:00:00+00:00,1.891980051994324,1.8928699493408203,1.8899099826812744,1.890720009803772
2022-01-24 08:00:00+00:00,1.890630006790161,1.8928200006484983,1.8894100189208984,1.892590045928955
2022-01-24 09:00:00+00:00,1.892549991607666,1.8928200006484983,1.8898899555206297,1.89031994342804
2022-01-24 10:00:00+00:00,1.89031994342804,1.8935199975967407,1.8901599645614624,1.8915899991989136
2022-01-24 11:00:00+00:00,1.891540050506592,1.8924100399017327,1.8904199600219729,1.8909800052642824
2022-01-24 12:00:00+00:00,1.891010046005249,1.893030047416687,1.8903000354766848,1.892789959907532
2022-01-24 13:00:00+00:00,1.892699956893921,1.8957500457763672,1.892549991607666,1.895210027694702
2022-01-24 14:00:00+00:00,1.895179986953736,1.896880030632019,1.8940900564193728,1.8968199491500848
2022-01-24 15:00:00+00:00,1.8968100547790527,1.8969899415969849,1.892490029335022,1.8940900564193728
2022-01-24 16:00:00+00:00,1.8939800262451167,1.89451003074646,1.8917299509048464,1.8933000564575195
2022-01-24 17:00:00+00:00,1.8933500051498413,1.895230054855347,1.891569972038269,1.8920700550079343
2022-01-24 18:00:00+00:00,1.8921300172805784,1.8930100202560425,1.890390038490296,1.8914799690246584
2022-01-24 19:00:00+00:00,1.8914300203323364,1.8928200006484983,1.8895800113677976,1.891280055046081
2022-01-24 20:00:00+00:00,1.8912999629974363,1.8913700580596924,1.8868800401687624,1.8885400295257568
2022-01-24 21:00:00+00:00,1.8885799646377563,1.8894100189208984,1.8867700099945068,1.8867700099945068
2022-01-24 22:00:00+00:00,1.887030005455017,1.88919997215271,1.8861700296401973,1.8876500129699707
2022-01-24 23:00:00+00:00,1.887410044670105,1.8878599405288696,1.884909987449646,1.8851200342178345
2022-01-25 00:00:00+00:00,1.885300040245056,1.8864699602127075,1.8774900436401367,1.8827099800109863
2022-01-25 01:00:00+00:00,1.8828200101852417,1.885779976844788,1.882290005683899,1.8847299814224243
2022-01-25 02:00:00+00:00,1.8848700523376465,1.8862600326538088,1.8840399980545044,1.885550022125244
2022-01-25 03:00:00+00:00,1.885669946670532,1.8875499963760376,1.8855400085449217,1.8863199949264529
2022-01-25 04:00:00+00:00,1.8863699436187744,1.8896600008010864,1.8860000371932983,1.8889800310134888
2022-01-25 05:00:00+00:00,1.8889700174331665,1.889389991760254,1.8859800100326536,1.88635003566742
2022-01-25 06:00:00+00:00,1.886330008506775,1.8882399797439573,1.8858799934387207,1.8877099752426147
2022-01-25 07:00:00+00:00,1.8876999616622925,1.889299988746643,1.8862700462341309,1.887570023536682
2022-01-25 08:00:00+00:00,1.8875900506973269,1.8889100551605225,1.886109948158264,1.8881200551986688
2022-01-25 09:00:00+00:00,1.8881100416183472,1.8892500400543213,1.885030031204224,1.8855799436569207
2022-01-25 10:00:00+00:00,1.8855799436569207,1.8874900341033936,1.8845100402832031,1.8873599767684937
2022-01-25 11:00:00+00:00,1.8873900175094604,1.887979984283448,1.8857300281524656,1.8863600492477417
2022-01-25 12:00:00+00:00,1.88635003566742,1.888319969177246,1.8851399421691888,1.888260006904602
2022-01-25 13:00:00+00:00,1.8882800340652464,1.8894200325012207,1.8870500326156616,1.8883399963378904
2022-01-25 14:00:00+00:00,1.8883600234985352,1.890239953994751,1.886659979820252,1.889400005340576
2022-01-25 15:00:00+00:00,1.889400005340576,1.890140056610108,1.8841400146484373,1.8884199857711792
2022-01-25 16:00:00+00:00,1.888450026512146,1.8908499479293823,1.8879300355911253,1.890570044517517
2022-01-25 17:00:00+00:00,1.8905400037765503,1.8911099433898928,1.8885899782180784,1.8889700174331665
2022-01-25 18:00:00+00:00,1.889060020446777,1.889569997787476,1.8854399919509888,1.8858100175857544
2022-01-25 19:00:00+00:00,1.885800004005432,1.8868000507354736,1.885169982910156,1.885509967803955
2022-01-25 20:00:00+00:00,1.885450005531311,1.887779951095581,1.88510000705719,1.8877700567245483
2022-01-25 21:00:00+00:00,1.8877300024032595,1.888550043106079,1.884269952774048,1.8862600326538088
2022-01-25 22:00:00+00:00,1.886389970779419,1.888960003852844,1.885390043258667,1.888000011444092
2022-01-25 23:00:00+00:00,1.888000011444092,1.8884600400924685,1.88618004322052,1.8872300386428835
2022-01-26 00:00:00+00:00,1.8871500492095947,1.8887399435043333,1.8866300582885744,1.888190031051636
2022-01-26 01:00:00+00:00,1.8883399963378904,1.889310002326965,1.88673996925354,1.8871500492095947
2022-01-26 02:00:00+00:00,1.8870500326156616,1.8884899616241453,1.8862600326538088,1.888000011444092
2022-01-26 03:00:00+00:00,1.8880300521850584,1.888129949569702,1.8867199420928955,1.8871400356292725
2022-01-26 04:00:00+00:00,1.887159943580628,1.8875499963760376,1.8861700296401973,1.8864599466323853
2022-01-26 05:00:00+00:00,1.8864599466323853,1.8878599405288696,1.8858699798583984,1.8862899541854856
2022-01-26 06:00:00+00:00,1.8862899541854856,1.887740015983581,1.8856899738311768,1.8872300386428835
2022-01-26 07:00:00+00:00,1.8872499465942385,1.8876099586486816,1.885699987411499,1.887290000915528
2022-01-26 08:00:00+00:00,1.887290000915528,1.887470006942749,1.884310007095337,1.885259985923767
2022-01-26 09:00:00+00:00,1.8852299451828003,1.8857300281524656,1.8824800252914429,1.8842899799346924
2022-01-26 10:00:00+00:00,1.8842999935150144,1.8846900463104248,1.88126003742218,1.8831100463867188
2022-01-26 11:00:00+00:00,1.8831499814987185,1.885589957237244,1.8824299573898315,1.8831100463867188
2022-01-26 12:00:00+00:00,1.8831100463867188,1.8847500085830688,1.8829200267791748,1.884179949760437
2022-01-26 13:00:00+00:00,1.88415002822876,1.8847700357437127,1.8824800252914429,1.88415002822876
2022-01-26 14:00:00+00:00,1.884119987487793,1.8859599828720093,1.882869958877564,1.883769989013672
2022-01-26 15:00:00+00:00,1.883800029754639,1.887320041656494,1.883489966392517,1.8868600130081177
2022-01-26 16:00:00+00:00,1.8868399858474727,1.887320041656494,1.885259985923767,1.885859966278076
2022-01-26 17:00:00+00:00,1.885800004005432,1.8871099948883057,1.8848899602890008,1.885769963264465
2022-01-26 18:00:00+00:00,1.8858799934387207,1.8871699571609497,1.884809970855713,1.88604998588562
2022-01-26 19:00:00+00:00,1.886279940605164,1.8924599885940552,1.882830023765564,1.8894799947738647
2022-01-26 20:00:00+00:00,1.889700055122376,1.895140051841736,1.889299988746643,1.8925700187683103
2022-01-26 21:00:00+00:00,1.892600059509277,1.8933199644088743,1.8903100490570068,1.891860008239746
2022-01-26 22:00:00+00:00,1.8918100595474243,1.892230033874512,1.889340043067932,1.8904600143432613
2022-01-26 23:00:00+00:00,1.890140056610108,1.8923699855804443,1.890140056610108,1.8909900188446045
2022-01-27 00:00:00+00:00,1.8909599781036377,1.8951300382614136,1.8906699419021609,1.894930005073548
2022-01-27 01:00:00+00:00,1.8949400186538696,1.899930000305176,1.894430041313172,1.899240016937256
2022-01-27 02:00:00+00:00,1.8991999626159668,1.9007899761199951,1.896780014038086,1.8985799551010127
2022-01-27 03:00:00+00:00,1.8985400199890137,1.899029970169068,1.896849989891052,1.8976199626922607
2022-01-27 04:00:00+00:00,1.897570013999939,1.8981000185012813,1.8964999914169312,1.897279977798462
2022-01-27 05:00:00+00:00,1.89726996421814,1.9001699686050413,1.8966799974441528,1.8988300561904907
2022-01-27 06:00:00+00:00,1.8989399671554563,1.9003499746322632,1.8977999687194824,1.8997900485992432
2022-01-27 07:00:00+00:00,1.8998600244522093,1.899870038032532,1.89657998085022,1.8973400592803955
2022-01-27 08:00:00+00:00,1.897519946098328,1.897699952125549,1.8935799598693848,1.8943599462509155
2022-01-27 09:00:00+00:00,1.894430041313172,1.8950300216674805,1.8923499584198,1.8931200504302976
2022-01-27 10:00:00+00:00,1.8931200504302976,1.8945300579071045,1.891389966011048,1.8944000005722048
2022-01-27 11:00:00+00:00,1.8943300247192385,1.894469976425171,1.8914300203323364,1.891950011253357
2022-01-27 12:00:00+00:00,1.89191997051239,1.8929100036621087,1.8902100324630733,1.892549991607666
2022-01-27 13:00:00+00:00,1.892549991607666,1.8931299448013303,1.8890000581741333,1.8898899555206297
2022-01-27 14:00:00+00:00,1.8899699449539185,1.8928300142288208,1.8897299766540527,1.8918100595474243
2022-01-27 15:00:00+00:00,1.89191997051239,1.89998996257782,1.8911900520324707,1.8991999626159668
2022-01-27 16:00:00+00:00,1.899209976196289,1.901419997215271,1.8979300260543823,1.8999700546264648
2022-01-27 17:00:00+00:00,1.8999799489974976,1.9017599821090696,1.8991400003433228,1.901020050048828
2022-01-27 18:00:00+00:00,1.9009499549865725,1.902940034866333,1.900619983673096,1.9026600122451784
2022-01-27 19:00:00+00:00,1.9026600122451784,1.9043200016021729,1.9013700485229488,1.9035700559616089
2022-01-27 20:00:00+00:00,1.9035799503326416,1.904530048370361,1.9020299911499023,1.903689980506897
2022-01-27 21:00:00+00:00,1.9036799669265747,1.9038300514221191,1.9011000394821167,1.9024200439453125
2022-01-27 22:00:00+00:00,1.902559995651245,1.9034500122070312,1.8997900485992432,1.9022599458694456
2022-01-27 23:00:00+00:00,1.9023300409317017,1.903069972991944,1.90093994140625,1.9027199745178225
2022-01-28 00:00:00+00:00,1.9028899669647217,1.904379963874817,1.901950001716613,1.9036200046539309
2022-01-28 01:00:00+00:00,1.9036200046539309,1.9036200046539309,1.901559948921204,1.901919960975647
2022-01-28 02:00:00+00:00,1.9019800424575808,1.9033000469207764,1.9013999700546265,1.9021199941635127
2022-01-28 03:00:00+00:00,1.9022200107574463,1.90435004234314,1.9017800092697144,1.903689980506897
2022-01-28 04:00:00+00:00,1.903540015220642,1.9076800346374512,1.903220057487488,1.9076600074768064
2022-01-28 05:00:00+00:00,1.9076600074768064,1.908959984779358,1.904659986495972,1.905769944190979
2022-01-28 06:00:00+00:00,1.9057600498199463,1.9062399864196773,1.904289960861206,1.905500054359436
2022-01-28 07:00:00+00:00,1.9055099487304688,1.9085899591445925,1.9048899412155151,1.907520055770874
2022-01-28 08:00:00+00:00,1.9074699878692627,1.9101799726486208,1.906100034713745,1.9088000059127808
2022-01-28 09:00:00+00:00,1.908720016479492,1.9113999605178835,1.907729983329773,1.911329984664917
2022-01-28 10:00:00+00:00,1.9114099740982056,1.9183000326156616,1.91048002243042,1.9181499481201167
2022-01-28 11:00:00+00:00,1.918099999427796,1.9207899570465088,1.917629957199097,1.9182599782943728
2022-01-28 12:00:00+00:00,1.918280005455017,1.918869972229004,1.915910005569458,1.918470025062561
2022-01-28 13:00:00+00:00,1.918540000915528,1.9210200309753416,1.916360020637512,1.9179199934005733
2022-01-28 14:00:00+00:00,1.9179600477218628,1.9221099615097048,1.916839957237244,1.91884994506836
2022-01-28 15:00:00+00:00,1.9188400506973269,1.919939994812012,1.9139100313186648,1.9172199964523315
2022-01-28 16:00:00+00:00,1.917240023612976,1.9191999435424805,1.914929986000061,1.9173200130462649
2022-01-28 17:00:00+00:00,1.9173099994659424,1.9179600477218628,1.91526997089386,1.915809988975525
2022-01-28 18:00:00+00:00,1.9159300327301023,1.916280031204224,1.9144599437713623,1.9148399829864504
2022-01-28 19:00:00+00:00,1.9148399829864504,1.9175900220870967,1.914270043373108,1.9169299602508545
2022-01-28 20:00:00+00:00,1.916990041732788,1.917080044746399,1.914330005645752,1.914430022239685
2022-01-28 21:00:00+00:00,1.914520025253296,1.9182300567626955,1.911139965057373,1.916280031204224
2022-01-28 22:00:00+00:00,1.917240023612976,1.917240023612976,1.915470004081726,1.915470004081726
2022-01-28 23:00:00+00:00,1.915470004081726,1.915470004081726,1.915470004081726,1.915470004081726
2022-01-31 00:00:00+00:00,1.915560007095337,1.916470050811768,1.91457998752594,1.9161200523376465
2022-01-31 01:00:00+00:00,1.9161299467086792,1.9163899421691888,1.91268002986908,1.9133700132369995
2022-01-31 02:00:00+00:00,1.9133700132369995,1.9139399528503416,1.911329984664917,1.911610007286072
2022-01-31 03:00:00+00:00,1.9116300344467163,1.914080023765564,1.9108599424362185,1.913640022277832
2022-01-31 04:00:00+00:00,1.913640022277832,1.9144400358200075,1.9125900268554688,1.9134600162506104
2022-01-31 05:00:00+00:00,1.9134399890899656,1.9136899709701536,1.9103599786758425,1.9109100103378296
2022-01-31 06:00:00+00:00,1.910949945449829,1.911110043525696,1.907230019569397,1.9087300300598145
2022-01-31 07:00:00+00:00,1.9087300300598145,1.909199953079224,1.9060100317001345,1.9072400331497192
2022-01-31 08:00:00+00:00,1.9072099924087524,1.908959984779358,1.9042400121688845,1.90556001663208
2022-01-31 09:00:00+00:00,1.9055399894714355,1.907140016555786,1.903349995613098,1.906360030174256
2022-01-31 10:00:00+00:00,1.906309962272644,1.9080400466918943,1.9054700136184688,1.906110048294068
2022-01-31 11:00:00+00:00,1.9061199426651,1.9066400527954104,1.9016599655151367,1.901829957962036
2022-01-31 12:00:00+00:00,1.901880025863648,1.904430031776428,1.9005299806594849,1.902809977531433
2022-01-31 13:00:00+00:00,1.9027999639511108,1.90378999710083,1.9002900123596191,1.9019399881362915
2022-01-31 14:00:00+00:00,1.9019800424575808,1.9020899534225464,1.8982499837875368,1.899659991264344
2022-01-31 15:00:00+00:00,1.899680018424988,1.9052000045776367,1.8992999792099,1.903290033340454
2022-01-31 16:00:00+00:00,1.903309941291809,1.9055099487304688,1.9020899534225464,1.902500033378601
2022-01-31 17:00:00+00:00,1.9024900197982788,1.902899980545044,1.8995399475097656,1.9024900197982788
2022-01-31 18:00:00+00:00,1.9024900197982788,1.903370022773743,1.9020500183105469,1.902459979057312
2022-01-31 19:00:00+00:00,1.902439951896668,1.9033299684524536,1.901950001716613,1.9023000001907349
2022-01-31 20:00:00+00:00,1.90232002735138,1.9039599895477293,1.9014300107955933,1.902310013771057
2022-01-31 21:00:00+00:00,1.902310013771057,1.9033299684524536,1.9011499881744385,1.902070045471192
2022-01-31 22:00:00+00:00,1.9022400379180908,1.903200030326844,1.899799942970276,1.9023900032043457
2022-01-31 23:00:00+00:00,1.902359962463379,1.9031599760055544,1.900439977645874,1.9020299911499023
2022-02-01 00:00:00+00:00,1.9020999670028689,1.9026000499725344,1.90093994140625,1.9011900424957275
2022-02-01 01:00:00+00:00,1.9011900424957275,1.9030100107192995,1.9003599882125848,1.9025399684906008
2022-02-01 02:00:00+00:00,1.9025499820709229,1.903069972991944,1.9003599882125848,1.9009000062942505
2022-02-01 03:00:00+00:00,1.900889992713928,1.9102799892425537,1.9004700183868408,1.9096599817276
2022-02-01 04:00:00+00:00,1.9096699953079224,1.9098299741744995,1.903380036354065,1.90378999710083
2022-02-01 05:00:00+00:00,1.903779983520508,1.9048099517822263,1.9028400182724,1.9036999940872192
2022-02-01 06:00:00+00:00,1.903689980506897,1.9063700437545776,1.9030499458312988,1.9037100076675413
2022-02-01 07:00:00+00:00,1.903630018234253,1.904539942741394,1.9018100500106807,1.902760028839112
2022-02-01 08:00:00+00:00,1.9027899503707888,1.903599977493286,1.9000200033187864,1.9028600454330444
2022-02-01 09:00:00+00:00,1.9027999639511108,1.9066499471664429,1.9010100364685056,1.9062700271606443
2022-02-01 10:00:00+00:00,1.9058899879455569,1.906630039215088,1.903849959373474,1.9045699834823608
2022-02-01 11:00:00+00:00,1.9045599699020384,1.9047000408172607,1.9002900123596191,1.900920033454895
2022-02-01 12:00:00+00:00,1.9009100198745728,1.901110053062439,1.89752995967865,1.8996100425720213
2022-02-01 13:00:00+00:00,1.899649977684021,1.9013400077819824,1.898800015449524,1.899829983711243
2022-02-01 14:00:00+00:00,1.8998600244522093,1.9036500453948968,1.8985400199890137,1.902690052986145
2022-02-01 15:00:00+00:00,1.902690052986145,1.9057199954986568,1.8983900547027588,1.899209976196289
2022-02-01 16:00:00+00:00,1.8992300033569336,1.90038001537323,1.8977700471878047,1.8993899822235107
2022-02-01 17:00:00+00:00,1.899359941482544,1.900629997253418,1.898470044136048,1.8989800214767456
2022-02-01 18:00:00+00:00,1.8989200592041016,1.899749994277954,1.8982700109481807,1.8994799852371216
2022-02-01 19:00:00+00:00,1.8995100259780884,1.9001400470733645,1.8988200426101685,1.899530053138733
2022-02-01 20:00:00+00:00,1.8995100259780884,1.8997600078582764,1.896690011024475,1.897079944610596
2022-02-01 21:00:00+00:00,1.897079944610596,1.898110032081604,1.8954399824142456,1.8965599536895752
2022-02-01 22:00:00+00:00,1.8956600427627563,1.8975499868392944,1.8914799690246584,1.8965599536895752
2022-02-01 23:00:00+00:00,1.896880030632019,1.8970600366592407,1.8940199613571167,1.895509958267212
2022-02-02 00:00:00+00:00,1.8957600593566888,1.8961000442504885,1.8931200504302976,1.8940800428390503
2022-02-02 01:00:00+00:00,1.894180059432984,1.89654004573822,1.8925299644470213,1.8957699537277224
2022-02-02 02:00:00+00:00,1.8957699537277224,1.8963799476623533,1.8926299810409544,1.8948800563812256
2022-02-02 03:00:00+00:00,1.8948800563812256,1.8969899415969849,1.893839955329895,1.895990014076233
2022-02-02 04:00:00+00:00,1.8960299491882324,1.896119952201844,1.8945399522781368,1.895259976387024
2022-02-02 05:00:00+00:00,1.8952499628067017,1.8960100412368768,1.893970012664795,1.8950999975204468
2022-02-02 06:00:00+00:00,1.8950899839401243,1.8959200382232664,1.8941500186920168,1.8952800035476685
2022-02-02 07:00:00+00:00,1.8953499794006348,1.896950006484985,1.8951200246810915,1.89614999294281
2022-02-02 08:00:00+00:00,1.8961600065231323,1.900480031967163,1.89520001411438,1.899399995803833
2022-02-02 09:00:00+00:00,1.899399995803833,1.8996299505233765,1.895709991455078,1.8959699869155884
2022-02-02 10:00:00+00:00,1.8960700035095213,1.8964500427246087,1.893460035324097,1.894569993019104
2022-02-02 11:00:00+00:00,1.894629955291748,1.897449970245361,1.8942500352859497,1.897279977798462
2022-02-02 12:00:00+00:00,1.8972599506378167,1.8980400562286377,1.8959699869155884,1.897379994392395
2022-02-02 13:00:00+00:00,1.8973699808120728,1.9004600048065183,1.896209955215454,1.900179982185364
2022-02-02 14:00:00+00:00,1.9002699851989744,1.9030200242996216,1.898360013961792,1.9014099836349487
2022-02-02 15:00:00+00:00,1.90149998664856,1.905329942703247,1.901119947433472,1.904279947280884
2022-02-02 16:00:00+00:00,1.904270052909851,1.904919981956482,1.9024900197982788,1.9039599895477293
2022-02-02 17:00:00+00:00,1.904019951820373,1.9044599533081048,1.9016900062561035,1.9020299911499023
2022-02-02 18:00:00+00:00,1.902209997177124,1.9028899669647217,1.9009100198745728,1.901579976081848
2022-02-02 19:00:00+00:00,1.901550054550171,1.9026199579238887,1.900750041007996,1.9011499881744385
2022-02-02 20:00:00+00:00,1.901110053062439,1.90132999420166,1.899440050125122,1.9008400440216064
2022-02-02 21:00:00+00:00,1.900869965553284,1.9027099609375,1.900189995765686,1.9017399549484253
2022-02-02 22:00:00+00:00,1.901550054550171,1.903349995613098,1.90024995803833,1.9021199941635127
2022-02-02 23:00:00+00:00,1.9021199941635127,1.9053200483322144,1.901859998703003,1.9046399593353271
2022-02-03 00:00:00+00:00,1.904850006103516,1.9055399894714355,1.903880000114441,1.9045900106430047
2022-02-03 01:00:00+00:00,1.9046299457550049,1.9053800106048584,1.903499960899353,1.9044599533081048
2022-02-03 02:00:00+00:00,1.90447998046875,1.9055299758911133,1.902269959449768,1.9032100439071653
2022-02-03 03:00:00+00:00,1.9032700061798096,1.9038100242614744,1.9019399881362915,1.9028500318527224
2022-02-03 04:00:00+00:00,1.9028400182724,1.9040100574493408,1.902250051498413,1.9039000272750848
2022-02-03 05:00:00+00:00,1.903880000114441,1.904229998588562,1.901350021362305,1.902130007743836
2022-02-03 06:00:00+00:00,1.90215003490448,1.9034899473190308,1.9016400575637813,1.9028700590133667
2022-02-03 07:00:00+00:00,1.9029799699783323,1.903249979019165,1.9009599685668943,1.90132999420166
2022-02-03 08:00:00+00:00,1.901419997215271,1.9039000272750848,1.900830030441284,1.902379989624024
2022-02-03 09:00:00+00:00,1.9023499488830569,1.90556001663208,1.9005299806594849,1.9053200483322144
2022-02-03 10:00:00+00:00,1.9053200483322144,1.905400037765503,1.901960015296936,1.90421998500824
2022-02-03 11:00:00+00:00,1.9042400121688845,1.906749963760376,1.9035099744796755,1.906209945678711
2022-02-03 12:00:00+00:00,1.906290054321289,1.914639949798584,1.903540015220642,1.9053200483322144
2022-02-03 13:00:00+00:00,1.905419945716858,1.906859993934632,1.9015300273895264,1.903910040855408
2022-02-03 14:00:00+00:00,1.9040499925613403,1.9045599699020384,1.898419976234436,1.904189944267273
2022-02-03 15:00:00+00:00,1.904170036315918,1.9048999547958367,1.9009699821472168,1.9036699533462524
2022-02-03 16:00:00+00:00,1.90366005897522,1.905349969863892,1.9022799730300903,1.904620051383972
2022-02-03 17:00:00+00:00,1.9045599699020384,1.9058400392532349,1.903779983520508,1.9054399728775024
2022-02-03 18:00:00+00:00,1.905519962310791,1.9063999652862549,1.9045499563217163,1.905060052871704
2022-02-03 19:00:00+00:00,1.905089974403381,1.9063299894332888,1.903540015220642,1.9049400091171265
2022-02-03 20:00:00+00:00,1.904960036277771,1.9069499969482424,1.904160022735596,1.9062700271606443
2022-02-03 21:00:00+00:00,1.9062700271606443,1.906309962272644,1.902629971504212,1.9036099910736084
2022-02-03 22:00:00+00:00,1.9032399654388428,1.905920028686524,1.9023699760437007,1.904680013656616
2022-02-03 23:00:00+00:00,1.9044400453567505,1.9049700498580933,1.9027400016784668,1.90378999710083
2022-02-04 00:00:00+00:00,1.9037100076675413,1.905850052833557,1.902780055999756,1.904770016670227
2022-02-04 01:00:00+00:00,1.9047399759292605,1.9076199531555176,1.9038599729537964,1.906610012054444
2022-02-04 02:00:00+00:00,1.906630039215088,1.9072699546813965,1.904170036315918,1.906190037727356
2022-02-04 03:00:00+00:00,1.9062800407409668,1.9062800407409668,1.904410004615784,1.9047499895095823
2022-02-04 04:00:00+00:00,1.9047499895095823,1.905269980430603,1.902459979057312,1.9029200077056885
2022-02-04 05:00:00+00:00,1.9029200077056885,1.903970003128052,1.9019800424575808,1.90366005897522
2022-02-04 06:00:00+00:00,1.903730034828186,1.9071199893951416,1.9027099609375,1.9063700437545776
2022-02-04 07:00:00+00:00,1.9064199924469,1.9097800254821773,1.905679941177368,1.90871000289917
2022-02-04 08:00:00+00:00,1.908630013465881,1.9106899499893188,1.907969951629639,1.908660054206848
2022-02-04 09:00:00+00:00,1.9086699485778809,1.9107400178909304,1.9072200059890747,1.9081100225448608
2022-02-04 10:00:00+00:00,1.9081000089645384,1.9109100103378296,1.906149983406067,1.9104299545288088
2022-02-04 11:00:00+00:00,1.91048002243042,1.9150999784469604,1.910249948501587,1.91419005393982
2022-02-04 12:00:00+00:00,1.9142800569534304,1.9150400161743164,1.9110900163650515,1.9117799997329712
2022-02-04 13:00:00+00:00,1.9117900133132928,1.9156299829483032,1.909119963645935,1.9150700569152832
2022-02-04 14:00:00+00:00,1.9150899648666384,1.9159400463104248,1.911520004272461,1.914770007133484
2022-02-04 15:00:00+00:00,1.9147900342941284,1.9177700281143188,1.9134999513626096,1.916769981384277
2022-02-04 16:00:00+00:00,1.916769981384277,1.9178600311279297,1.9156099557876587,1.916360020637512
2022-02-04 17:00:00+00:00,1.9163899421691888,1.916509985923767,1.9135799407958984,1.914929986000061
2022-02-04 18:00:00+00:00,1.914870023727417,1.9149099588394165,1.9127299785614007,1.9130200147628784
2022-02-04 19:00:00+00:00,1.9130200147628784,1.9136199951171875,1.9118399620056152,1.912050008773804
2022-02-04 20:00:00+00:00,1.912050008773804,1.9126499891281128,1.9107500314712524,1.912559986114502
2022-02-04 21:00:00+00:00,1.912569999694824,1.913930058479309,1.9090900421142576,1.912350058555603
2022-02-04 22:00:00+00:00,1.9110100269317627,1.9127700328826904,1.9109400510787964,1.9121299982070925
2022-02-07 00:00:00+00:00,1.9113999605178835,1.91389000415802,1.910979986190796,1.9125200510025024
2022-02-07 01:00:00+00:00,1.91251003742218,1.913630008697509,1.9102400541305544,1.91185998916626
2022-02-07 02:00:00+00:00,1.911810040473938,1.9122799634933472,1.9101200103759768,1.9108999967575075
2022-02-07 03:00:00+00:00,1.910920023918152,1.912919998168945,1.910249948501587,1.9111599922180176
2022-02-07 04:00:00+00:00,1.91117000579834,1.9114500284194944,1.9075000286102293,1.907979965209961
2022-02-07 05:00:00+00:00,1.907950043678284,1.908830046653748,1.907520055770874,1.908460021018982
2022-02-07 06:00:00+00:00,1.908460021018982,1.9088000059127808,1.9067800045013428,1.9080300331115725
2022-02-07 07:00:00+00:00,1.9079099893569944,1.9084199666976929,1.905740022659301,1.9063999652862549
2022-02-07 08:00:00+00:00,1.9064099788665767,1.9089900255203247,1.905679941177368,1.9063299894332888
2022-02-07 09:00:00+00:00,1.9063299894332888,1.9076199531555176,1.9042500257492063,1.9045000076293943
2022-02-07 10:00:00+00:00,1.904539942741394,1.9055700302124023,1.902310013771057,1.9036500453948968
2022-02-07 11:00:00+00:00,1.9036999940872192,1.9048199653625488,1.9027999639511108,1.903470039367676
2022-02-07 12:00:00+00:00,1.903470039367676,1.903630018234253,1.901119947433472,1.9018700122833248
2022-02-07 13:00:00+00:00,1.9019099473953247,1.902340054512024,1.8998500108718872,1.9018399715423584
2022-02-07 14:00:00+00:00,1.9018399715423584,1.902439951896668,1.898569941520691,1.8995699882507324
2022-02-07 15:00:00+00:00,1.8995599746704104,1.9017000198364256,1.8988100290298464,1.9011000394821167
2022-02-07 16:00:00+00:00,1.9011000394821167,1.903839945793152,1.900370001792908,1.902899980545044
2022-02-07 17:00:00+00:00,1.902899980545044,1.9036099910736084,1.9010100364685056,1.901610016822815
2022-02-07 18:00:00+00:00,1.901600003242493,1.901729941368103,1.8997700214385984,1.9002699851989744
2022-02-07 19:00:00+00:00,1.90024995803833,1.900589942932129,1.8980499505996704,1.898970007896424
2022-02-07 20:00:00+00:00,1.8989200592041016,1.9004100561141968,1.8980000019073489,1.9000999927520752
2022-02-07 21:00:00+00:00,1.9000500440597528,1.9002000093460083,1.8985799551010127,1.899399995803833
2022-02-07 22:00:00+00:00,1.899420022964477,1.8999799489974976,1.8951599597930908,1.8996700048446653
2022-02-07 23:00:00+00:00,1.8995200395584104,1.9005399942398071,1.896900057792664,1.8991299867630005
2022-02-08 00:00:00+00:00,1.8991899490356443,1.8999099731445312,1.8971199989318848,1.897539973258972
2022-02-08 01:00:00+00:00,1.8974900245666504,1.898769974708557,1.896080017089844,1.8964799642562864
2022-02-08 02:00:00+00:00,1.8964500427246087,1.8981399536132808,1.8960100412368768,1.897729992866516
2022-02-08 03:00:00+00:00,1.8977400064468384,1.8983099460601809,1.895879983901977,1.897199988365173
2022-02-08 04:00:00+00:00,1.89723002910614,1.8997000455856323,1.895859956741333,1.899049997329712
2022-02-08 05:00:00+00:00,1.899090051651001,1.90146005153656,1.8987300395965576,1.900320053100586
2022-02-08 06:00:00+00:00,1.900390028953552,1.901080012321472,1.8982700109481807,1.8994300365448
2022-02-08 07:00:00+00:00,1.8994499444961548,1.901000022888184,1.897459983825684,1.9000500440597528
2022-02-08 08:00:00+00:00,1.90024995803833,1.900580048561096,1.8968199491500848,1.899749994277954
2022-02-08 09:00:00+00:00,1.899749994277954,1.9010100364685056,1.8983999490737915,1.8991700410842896
2022-02-08 10:00:00+00:00,1.8991600275039675,1.902519941329956,1.8988800048828125,1.902400016784668
2022-02-08 11:00:00+00:00,1.9024300575256348,1.904979944229126,1.90132999420166,1.901769995689392
2022-02-08 12:00:00+00:00,1.9018700122833248,1.903689980506897,1.9004600048065183,1.9006600379943848
2022-02-08 13:00:00+00:00,1.9006500244140625,1.901610016822815,1.8983500003814693,1.9001100063323968
2022-02-08 14:00:00+00:00,1.9000999927520752,1.9009599685668943,1.898990035057068,1.9000099897384644
2022-02-08 15:00:00+00:00,1.9000200033187864,1.902130007743836,1.8982599973678589,1.9016400575637813
2022-02-08 16:00:00+00:00,1.9016400575637813,1.901960015296936,1.8994699716567995,1.8999500274658203
2022-02-08 17:00:00+00:00,1.899940013885498,1.900060057640076,1.897539973258972,1.8984400033950808
2022-02-08 18:00:00+00:00,1.8984899520874023,1.899420022964477,1.8974699974060056,1.897840023040772
2022-02-08 19:00:00+00:00,1.8979099988937376,1.898470044136048,1.896829962730408,1.8978999853134155
2022-02-08 20:00:00+00:00,1.8978999853134155,1.898110032081604,1.895840048789978,1.8964099884033203
2022-02-08 21:00:00+00:00,1.896460056304932,1.896960020065308,1.8941199779510496,1.8946599960327148
2022-02-08 22:00:00+00:00,1.8946499824523928,1.895990014076233,1.8932100534439087,1.89546000957489
2022-02-08 23:00:00+00:00,1.895830035209656,1.8962600231170648,1.8947199583053589,1.895859956741333
2022-02-09 00:00:00+00:00,1.895840048789978,1.896880030632019,1.8945200443267824,1.8957899808883667
2022-02-09 01:00:00+00:00,1.8956899642944336,1.8963700532913208,1.893149971961975,1.8939499855041504
2022-02-09 02:00:00+00:00,1.8940900564193728,1.895169973373413,1.8932700157165527,1.8944799900054927
2022-02-09 03:00:00+00:00,1.8945200443267824,1.8949400186538696,1.892850041389465,1.893339991569519
2022-02-09 04:00:00+00:00,1.893380045890808,1.893589973449707,1.8909599781036377,1.8915599584579468
2022-02-09 05:00:00+00:00,1.8915499448776243,1.893669962882996,1.8912500143051147,1.893489956855774
2022-02-09 06:00:00+00:00,1.8935199975967407,1.894629955291748,1.892680048942566,1.8935600519180296
2022-02-09 07:00:00+00:00,1.893489956855774,1.895259976387024,1.8925199508666992,1.894219994544983
2022-02-09 08:00:00+00:00,1.894189953804016,1.895400047302246,1.892699956893921,1.8937699794769287
2022-02-09 09:00:00+00:00,1.893779993057251,1.8942500352859497,1.8921500444412231,1.8941600322723389
2022-02-09 10:00:00+00:00,1.894219994544983,1.8948099613189693,1.892099976539612,1.8929699659347528
2022-02-09 11:00:00+00:00,1.892979979515076,1.892979979515076,1.889919996261597,1.8912500143051147
2022-02-09 12:00:00+00:00,1.8912500143051147,1.892009973526001,1.8897199630737305,1.8916800022125244
2022-02-09 13:00:00+00:00,1.891639947891236,1.891939997673035,1.8893699645996087,1.891450047492981
2022-02-09 14:00:00+00:00,1.891450047492981,1.891510009765625,1.886579990386963,1.8872300386428835
2022-02-09 15:00:00+00:00,1.8872400522232056,1.887369990348816,1.8837599754333496,1.886080026626587
2022-02-09 16:00:00+00:00,1.8860700130462649,1.8872499465942385,1.8844799995422363,1.885220050811768
2022-02-09 17:00:00+00:00,1.885210037231445,1.885609984397888,1.8834099769592283,1.884469985961914
2022-02-09 18:00:00+00:00,1.8845399618148804,1.8854999542236328,1.883960008621216,1.885050058364868
2022-02-09 19:00:00+00:00,1.8850200176239007,1.885040044784546,1.883309960365296,1.883579969406128
2022-02-09 20:00:00+00:00,1.8836400508880613,1.8851200342178345,1.8833500146865845,1.8846700191497805
2022-02-09 21:00:00+00:00,1.8846700191497805,1.8852900266647337,1.883139967918396,1.8845000267028809
2022-02-09 22:00:00+00:00,1.884559988975525,1.8858200311660769,1.883270025253296,1.8854299783706665
2022-02-09 23:00:00+00:00,1.8854299783706665,1.88604998588562,1.8838499784469604,1.885409951210022
2022-02-10 00:00:00+00:00,1.885419964790344,1.8868199586868288,1.8846800327301023,1.8865000009536743
2022-02-10 01:00:00+00:00,1.8865699768066408,1.888100028038025,1.886019945144653,1.8878300189971924
2022-02-10 02:00:00+00:00,1.8878599405288696,1.889140009880066,1.887220025062561,1.8883299827575684
2022-02-10 03:00:00+00:00,1.8883299827575684,1.8893699645996087,1.8869800567626955,1.8875900506973269
2022-02-10 04:00:00+00:00,1.8876099586486816,1.887809991836548,1.8851300477981567,1.8858699798583984
2022-02-10 05:00:00+00:00,1.8859100341796875,1.8868000507354736,1.8851799964904783,1.8863999843597408
2022-02-10 06:00:00+00:00,1.886389970779419,1.8872499465942385,1.885759949684143,1.8868800401687624
2022-02-10 07:00:00+00:00,1.886970043182373,1.887220025062561,1.884269952774048,1.884960055351257
2022-02-10 08:00:00+00:00,1.885010004043579,1.886659979820252,1.883309960365296,1.886139988899231
2022-02-10 09:00:00+00:00,1.886080026626587,1.8880399465560915,1.8853100538253784,1.887869954109192
2022-02-10 10:00:00+00:00,1.8880399465560915,1.8882800340652464,1.8847999572753904,1.885589957237244
2022-02-10 11:00:00+00:00,1.8856199979782104,1.8859399557113647,1.8833800554275515,1.8850799798965447
2022-02-10 12:00:00+00:00,1.8850599527359009,1.8866100311279297,1.8836100101470947,1.8862500190734863
2022-02-10 13:00:00+00:00,1.8862500190734863,1.893360018730164,1.8853800296783447,1.890779972076416
2022-02-10 14:00:00+00:00,1.8907899856567385,1.892240047454834,1.884619951248169,1.886160016059876
2022-02-10 15:00:00+00:00,1.88618004322052,1.8866300582885744,1.8798400163650515,1.8812299966812127
2022-02-10 16:00:00+00:00,1.88129997253418,1.8840399980545044,1.8803499937057493,1.8819400072097776
2022-02-10 17:00:00+00:00,1.8819700479507449,1.887969970703125,1.880660057067871,1.8863400220870967
2022-02-10 18:00:00+00:00,1.886330008506775,1.891510009765625,1.885409951210022,1.8903100490570068
2022-02-10 19:00:00+00:00,1.89028000831604,1.893360018730164,1.8891700506210327,1.893249988555908
2022-02-10 20:00:00+00:00,1.893249988555908,1.8947299718856807,1.8899999856948853,1.891950011253357
2022-02-10 21:00:00+00:00,1.8919999599456787,1.893710017204285,1.8896900415420528,1.891010046005249
2022-02-10 22:00:00+00:00,1.8911499977111816,1.893489956855774,1.889430046081543,1.892240047454834
2022-02-10 23:00:00+00:00,1.8924399614334104,1.893839955329895,1.8907899856567385,1.892230033874512
2022-02-11 00:00:00+00:00,1.891860008239746,1.8973100185394287,1.8915899991989136,1.895859956741333
2022-02-11 01:00:00+00:00,1.895859956741333,1.898010015487671,1.8941600322723389,1.8950300216674805
2022-02-11 02:00:00+00:00,1.8950599431991573,1.8968700170516968,1.89468002319336,1.8955700397491453
2022-02-11 03:00:00+00:00,1.895509958267212,1.8967399597167969,1.894819974899292,1.896090030670166
2022-02-11 04:00:00+00:00,1.89614999294281,1.9013400077819824,1.8951200246810915,1.9002200365066528
2022-02-11 05:00:00+00:00,1.9002100229263303,1.9017399549484253,1.8989499807357788,1.90093994140625
2022-02-11 06:00:00+00:00,1.9010299444198608,1.902250051498413,1.8997600078582764,1.8998500108718872
2022-02-11 07:00:00+00:00,1.8999199867248533,1.9016200304031368,1.8986400365829468,1.8997700214385984
2022-02-11 08:00:00+00:00,1.8997700214385984,1.9020899534225464,1.897199988365173,1.9012800455093384
2022-02-11 09:00:00+00:00,1.9012800455093384,1.902570009231568,1.899739980697632,1.9024800062179563
2022-02-11 10:00:00+00:00,1.9024699926376345,1.9036999940872192,1.9002000093460083,1.901170015335083
2022-02-11 11:00:00+00:00,1.901239991188049,1.9020500183105469,1.899420022964477,1.9000999927520752
2022-02-11 12:00:00+00:00,1.9000699520111084,1.9017900228500368,1.896980047225952,1.898280024528504
2022-02-11 13:00:00+00:00,1.898280024528504,1.8985099792480469,1.8944100141525269,1.8957899808883667
2022-02-11 14:00:00+00:00,1.895840048789978,1.8961100578308103,1.891610026359558,1.8925800323486328
2022-02-11 15:00:00+00:00,1.8926199674606323,1.896090030670166,1.8916300535202024,1.8953499794006348
2022-02-11 16:00:00+00:00,1.8954399824142456,1.896720051765442,1.8938900232315063,1.894610047340393
2022-02-11 17:00:00+00:00,1.894670009613037,1.895609974861145,1.893919944763184,1.8942899703979488
2022-02-11 18:00:00+00:00,1.894299983978272,1.9008599519729608,1.892940044403076,1.8987900018692017
2022-02-11 19:00:00+00:00,1.898720026016236,1.9020999670028689,1.896790027618408,1.901559948921204
2022-02-11 20:00:00+00:00,1.901520013809204,1.9016499519348145,1.8981200456619265,1.899940013885498
2022-02-11 21:00:00+00:00,1.899999976158142,1.90378999710083,1.8973400592803955,1.8975600004196167
2022-02-11 22:00:00+00:00,1.9005199670791624,1.9005199670791624,1.9005199670791624,1.9005199670791624
2022-02-14 00:00:00+00:00,1.8991600275039675,1.901710033416748,1.898339986801148,1.90038001537323
2022-02-14 01:00:00+00:00,1.900429964065552,1.9024200439453125,1.899279952049256,1.9019399881362915
2022-02-14 02:00:00+00:00,1.901950001716613,1.902400016784668,1.899930000305176,1.9015899896621704
2022-02-14 03:00:00+00:00,1.901669979095459,1.902510046958924,1.899999976158142,1.9015400409698489
2022-02-14 04:00:00+00:00,1.9016400575637813,1.9027700424194336,1.9012600183486936,1.9025399684906008
2022-02-14 05:00:00+00:00,1.902590036392212,1.9027299880981443,1.9007699489593504,1.901610016822815
2022-02-14 06:00:00+00:00,1.9015899896621704,1.9021899700164795,1.89998996257782,1.900239944458008
2022-02-14 07:00:00+00:00,1.900320053100586,1.9024800062179563,1.898859977722168,1.9006999731063845
2022-02-14 08:00:00+00:00,1.90081000328064,1.904729962348938,1.8995100259780884,1.903769969940185
2022-02-14 09:00:00+00:00,1.9038000106811523,1.9046499729156487,1.901550054550171,1.9040900468826287
2022-02-14 10:00:00+00:00,1.9042500257492063,1.9055500030517576,1.9029799699783323,1.9038200378417969
2022-02-14 11:00:00+00:00,1.9038100242614744,1.905679941177368,1.9031100273132324,1.9041500091552728
2022-02-14 12:00:00+00:00,1.9041500091552728,1.9047000408172607,1.8980200290679927,1.8996700048446653
2022-02-14 13:00:00+00:00,1.899659991264344,1.901610016822815,1.897819995880127,1.9014699459075928
2022-02-14 14:00:00+00:00,1.901419997215271,1.901960015296936,1.8977700471878047,1.8988300561904907
2022-02-14 15:00:00+00:00,1.8988900184631348,1.9011000394821167,1.8971199989318848,1.898069977760315
2022-02-14 16:00:00+00:00,1.898069977760315,1.90024995803833,1.8957600593566888,1.896039962768555
2022-02-14 17:00:00+00:00,1.8960200548172,1.897320032119751,1.894989967346192,1.895210027694702
2022-02-14 18:00:00+00:00,1.895400047302246,1.900390028953552,1.8948099613189693,1.899930000305176
2022-02-14 19:00:00+00:00,1.899930000305176,1.901360034942627,1.89752995967865,1.898550033569336
2022-02-14 20:00:00+00:00,1.8985099792480469,1.899399995803833,1.8971799612045288,1.8988699913024905
2022-02-14 21:00:00+00:00,1.8988499641418457,1.8995100259780884,1.8967399597167969,1.896900057792664
2022-02-14 22:00:00+00:00,1.897570013999939,1.899250030517578,1.8951200246810915,1.8982199430465696
2022-02-14 23:00:00+00:00,1.897819995880127,1.8990700244903564,1.8969899415969849,1.897279977798462
2022-02-15 00:00:00+00:00,1.897279977798462,1.89900004863739,1.896340012550354,1.8986999988555908
2022-02-15 01:00:00+00:00,1.8986999988555908,1.901059985160828,1.8981000185012813,1.898900032043457
2022-02-15 02:00:00+00:00,1.898900032043457,1.8989800214767456,1.895949959754944,1.8963700532913208
2022-02-15 03:00:00+00:00,1.8963099718093872,1.899659991264344,1.8958899974823,1.899549961090088
2022-02-15 04:00:00+00:00,1.8995599746704104,1.900239944458008,1.8981000185012813,1.8995699882507324
2022-02-15 05:00:00+00:00,1.899530053138733,1.9047000408172607,1.899359941482544,1.9045000076293943
2022-02-15 06:00:00+00:00,1.90447998046875,1.9049400091171265,1.9016499519348145,1.9019999504089355
2022-02-15 07:00:00+00:00,1.9021199941635127,1.903040051460266,1.9009599685668943,1.9022200107574463
2022-02-15 08:00:00+00:00,1.9022300243377688,1.9023699760437007,1.8948400020599363,1.895949959754944
2022-02-15 09:00:00+00:00,1.895879983901977,1.8985099792480469,1.89506995677948,1.8968600034713743
2022-02-15 10:00:00+00:00,1.896880030632019,1.9002799987792969,1.896329998970032,1.8985099792480469
2022-02-15 11:00:00+00:00,1.898530006408692,1.8998500108718872,1.8957500457763672,1.8967299461364744
2022-02-15 12:00:00+00:00,1.8968100547790527,1.8992300033569336,1.8955899477005005,1.89709997177124
2022-02-15 13:00:00+00:00,1.897070050239563,1.897600054740905,1.8948800563812256,1.8953499794006348
2022-02-15 14:00:00+00:00,1.8953399658203125,1.897809982299805,1.893180012702942,1.895830035209656
2022-02-15 15:00:00+00:00,1.895859956741333,1.8961700201034544,1.8920700550079343,1.8936400413513184
2022-02-15 16:00:00+00:00,1.8936200141906736,1.89546000957489,1.8929699659347528,1.893479943275452
2022-02-15 17:00:00+00:00,1.893489956855774,1.8949400186538696,1.8925600051879885,1.8936799764633176
2022-02-15 18:00:00+00:00,1.8937300443649288,1.8939800262451167,1.891890048980713,1.8926399946212769
2022-02-15 19:00:00+00:00,1.8926399946212769,1.893779993057251,1.8919700384140008,1.8923900127410889
2022-02-15 20:00:00+00:00,1.892300009727478,1.894700050354004,1.891700029373169,1.892850041389465
2022-02-15 21:00:00+00:00,1.892840027809143,1.893749952316284,1.891849994659424,1.892240047454834
2022-02-15 22:00:00+00:00,1.8923499584198,1.893749952316284,1.890429973602295,1.892860054969788
2022-02-15 23:00:00+00:00,1.8928300142288208,1.8943899869918823,1.892300009727478,1.8941500186920168
2022-02-16 00:00:00+00:00,1.894129991531372,1.894629955291748,1.892729997634888,1.89454996585846
2022-02-16 01:00:00+00:00,1.8945000171661377,1.895300030708313,1.893380045890808,1.894430041313172
2022-02-16 02:00:00+00:00,1.894469976425171,1.8945300579071045,1.8913300037384035,1.893360018730164
2022-02-16 03:00:00+00:00,1.8933299779891968,1.893919944763184,1.8923200368881223,1.8930200338363647
2022-02-16 04:00:00+00:00,1.8930100202560425,1.893939971923828,1.8918800354003904,1.893149971961975
2022-02-16 05:00:00+00:00,1.89316999912262,1.8934299945831297,1.891939997673035,1.8930799961090088
2022-02-16 06:00:00+00:00,1.8931299448013303,1.89316999912262,1.8897600173950195,1.8901300430297847
2022-02-16 07:00:00+00:00,1.890239953994751,1.891260027885437,1.889310002326965,1.889739990234375
2022-02-16 08:00:00+00:00,1.889780044555664,1.89096999168396,1.888100028038025,1.8890800476074217
2022-02-16 09:00:00+00:00,1.889140009880066,1.891129970550537,1.8885999917984009,1.89058005809784
2022-02-16 10:00:00+00:00,1.8905999660491943,1.8925199508666992,1.8894699811935425,1.891950011253357
2022-02-16 11:00:00+00:00,1.891950011253357,1.8928899765014648,1.8884600400924685,1.8888700008392327
2022-02-16 12:00:00+00:00,1.8889100551605225,1.89045000076294,1.8879599571228027,1.889739990234375
2022-02-16 13:00:00+00:00,1.8896900415420528,1.892099976539612,1.888569951057434,1.891569972038269
2022-02-16 14:00:00+00:00,1.891569972038269,1.894930005073548,1.891070008277893,1.8934299945831297
2022-02-16 15:00:00+00:00,1.8934299945831297,1.895169973373413,1.892259955406189,1.893839955329895
2022-02-16 16:00:00+00:00,1.893839955329895,1.8941500186920168,1.8907400369644165,1.8912099599838257
2022-02-16 17:00:00+00:00,1.891219973564148,1.8927099704742432,1.8901599645614624,1.8909599781036377
2022-02-16 18:00:00+00:00,1.890830039978028,1.89136004447937,1.8891099691390991,1.890679955482483
2022-02-16 19:00:00+00:00,1.890910029411316,1.8922499418258667,1.8870699405670168,1.8880399465560915
2022-02-16 20:00:00+00:00,1.8880399465560915,1.888399958610535,1.886680006980896,1.8876899480819704
2022-02-16 21:00:00+00:00,1.8876700401306152,1.8883899450302124,1.8862199783325195,1.8878599405288696
2022-02-16 22:00:00+00:00,1.887529969215393,1.8905500173568728,1.8863199949264529,1.8871400356292725
2022-02-16 23:00:00+00:00,1.8871400356292725,1.8883600234985352,1.884850025177002,1.888190031051636
2022-02-17 00:00:00+00:00,1.888229966163636,1.8883299827575684,1.884619951248169,1.888129949569702
2022-02-17 01:00:00+00:00,1.8881700038909912,1.88850998878479,1.8851200342178345,1.885740041732788
2022-02-17 02:00:00+00:00,1.8856899738311768,1.885830044746399,1.883139967918396,1.885220050811768
2022-02-17 03:00:00+00:00,1.885210037231445,1.895050048828125,1.8840800523757928,1.894760012626648
2022-02-17 04:00:00+00:00,1.8946399688720703,1.8963199853897093,1.8876299858093264,1.8926600217819207
2022-02-17 05:00:00+00:00,1.892549991607666,1.892699956893921,1.8896199464797967,1.8900099992752075
2022-02-17 06:00:00+00:00,1.8900099992752075,1.8909200429916384,1.8876399993896484,1.890030026435852
2022-02-17 07:00:00+00:00,1.8900200128555296,1.8904000520706177,1.886299967765808,1.8867700099945068
2022-02-17 08:00:00+00:00,1.8867599964141848,1.889840006828308,1.8839199542999268,1.888260006904602
2022-02-17 09:00:00+00:00,1.88824999332428,1.8921600580215447,1.8876399993896484,1.890630006790161
2022-02-17 10:00:00+00:00,1.8907400369644165,1.8909599781036377,1.8870699405670168,1.8880800008773804
2022-02-17 11:00:00+00:00,1.8880200386047363,1.8903100490570068,1.887339949607849,1.8888100385665887
2022-02-17 12:00:00+00:00,1.8888399600982664,1.8895299434661863,1.8873900175094604,1.888759970664978
2022-02-17 13:00:00+00:00,1.8887200355529783,1.892600059509277,1.8877700567245483,1.890640020370484
2022-02-17 14:00:00+00:00,1.890699982643128,1.892169952392578,1.8875800371170044,1.8918299674987795
2022-02-17 15:00:00+00:00,1.891819953918457,1.893939971923828,1.8890700340271,1.891950011253357
2022-02-17 16:00:00+00:00,1.891950011253357,1.893839955329895,1.89110004901886,1.893409967422485
2022-02-17 17:00:00+00:00,1.893419981002808,1.894299983978272,1.890910029411316,1.892899990081787
2022-02-17 18:00:00+00:00,1.8928899765014648,1.893499970436096,1.8919899463653564,1.892500042915344
2022-02-17 19:00:00+00:00,1.8925100564956665,1.894060015678405,1.891770005226136,1.89382004737854
2022-02-17 20:00:00+00:00,1.8938000202178955,1.895609974861145,1.89300000667572,1.89368999004364
2022-02-17 21:00:00+00:00,1.89368999004364,1.8946399688720703,1.893100023269653,1.8941500186920168
2022-02-17 22:00:00+00:00,1.894029974937439,1.8952900171279907,1.891450047492981,1.8943699598312376
2022-02-17 23:00:00+00:00,1.8943599462509155,1.8955199718475344,1.8927600383758545,1.8942899703979488
2022-02-18 00:00:00+00:00,1.8941999673843384,1.895699977874756,1.8935999870300293,1.8952900171279907
2022-02-18 01:00:00+00:00,1.895300030708313,1.895429968833924,1.890630006790161,1.8916300535202024
2022-02-18 02:00:00+00:00,1.8916300535202024,1.89179003238678,1.889569997787476,1.890519976615905
2022-02-18 03:00:00+00:00,1.8904900550842283,1.891409993171692,1.888749957084656,1.889559984207153
2022-02-18 04:00:00+00:00,1.889569997787476,1.8899799585342407,1.887660026550293,1.888689994812012
2022-02-18 05:00:00+00:00,1.888700008392334,1.8903000354766848,1.888100028038025,1.8895200490951536
2022-02-18 06:00:00+00:00,1.8895200490951536,1.8907300233840945,1.8877099752426147,1.8884600400924685
2022-02-18 07:00:00+00:00,1.8884600400924685,1.889549970626831,1.887089967727661,1.8880900144577024
2022-02-18 08:00:00+00:00,1.888100028038025,1.888880014419556,1.8862500190734863,1.888659954071045
2022-02-18 09:00:00+00:00,1.88864004611969,1.890519976615905,1.887410044670105,1.888059973716736
2022-02-18 10:00:00+00:00,1.8880900144577024,1.890220046043396,1.8874200582504272,1.8894100189208984
2022-02-18 11:00:00+00:00,1.8894799947738647,1.8914200067520144,1.8890899419784544,1.8896900415420528
2022-02-18 12:00:00+00:00,1.889680027961731,1.8901000022888184,1.88704001903534,1.8876099586486816
2022-02-18 13:00:00+00:00,1.887529969215393,1.889150023460388,1.8867000341415403,1.887910008430481
2022-02-18 14:00:00+00:00,1.8878999948501587,1.8900799751281736,1.8868900537490845,1.8887799978256223
2022-02-18 15:00:00+00:00,1.8887799978256223,1.892920017242432,1.888000011444092,1.8924599885940552
2022-02-18 16:00:00+00:00,1.892449975013733,1.8943099975585933,1.892099976539612,1.8935699462890625
2022-02-18 17:00:00+00:00,1.8936500549316408,1.8954700231552124,1.8919899463653564,1.8947199583053589
2022-02-18 18:00:00+00:00,1.8947199583053589,1.894930005073548,1.8930799961090088,1.893710017204285
2022-02-18 19:00:00+00:00,1.8937599658966064,1.8939499855041504,1.8912400007247925,1.8930100202560425
2022-02-18 20:00:00+00:00,1.8930100202560425,1.894469976425171,1.892109990119934,1.89385998249054
2022-02-18 21:00:00+00:00,1.893919944763184,1.8942899703979488,1.89058005809784,1.8923300504684448
2022-02-18 22:00:00+00:00,1.894569993019104,1.894569993019104,1.894569993019104,1.894569993019104
2022-02-21 00:00:00+00:00,1.8949700593948364,1.8957899808883667,1.8912899494171145,1.8922100067138672
2022-02-21 01:00:00+00:00,1.892169952392578,1.8926199674606323,1.8900599479675293,1.8913700580596924
2022-02-21 02:00:00+00:00,1.8913400173187256,1.892289996147156,1.8895299434661863,1.8897199630737305
2022-02-21 03:00:00+00:00,1.8897299766540527,1.890910029411316,1.888710021972656,1.8896600008010864
2022-02-21 04:00:00+00:00,1.889649987220764,1.890179991722107,1.8873800039291384,1.888000011444092
2022-02-21 05:00:00+00:00,1.887969970703125,1.8888299465179443,1.8864799737930296,1.8881200551986688
2022-02-21 06:00:00+00:00,1.888129949569702,1.8882700204849243,1.8862299919128416,1.887529969215393
2022-02-21 07:00:00+00:00,1.8875499963760376,1.8889199495315552,1.8866499662399288,1.8885999917984009
2022-02-21 08:00:00+00:00,1.8885999917984009,1.8910599946975708,1.887339949607849,1.8897700309753416
2022-02-21 09:00:00+00:00,1.8897700309753416,1.890949964523316,1.8882999420166016,1.8897500038146973
2022-02-21 10:00:00+00:00,1.8897299766540527,1.8924599885940552,1.8890999555587769,1.8915599584579468
2022-02-21 11:00:00+00:00,1.891569972038269,1.8925600051879885,1.890570044517517,1.8919899463653564
2022-02-21 12:00:00+00:00,1.891980051994324,1.8926899433135984,1.890200018882752,1.8905600309371948
2022-02-21 13:00:00+00:00,1.8905600309371948,1.89110004901886,1.887030005455017,1.8879599571228027
2022-02-21 14:00:00+00:00,1.888000011444092,1.889189958572388,1.8853800296783447,1.887809991836548
2022-02-21 15:00:00+00:00,1.8877899646759035,1.888630032539368,1.8854899406433103,1.8860100507736208
2022-02-21 16:00:00+00:00,1.8859699964523315,1.887760043144226,1.885699987411499,1.887310028076172
2022-02-21 17:00:00+00:00,1.8873300552368164,1.8893300294876096,1.8859000205993648,1.8892699480056765
2022-02-21 18:00:00+00:00,1.8893300294876096,1.8912899494171145,1.8881399631500244,1.8898500204086304
2022-02-21 19:00:00+00:00,1.8900599479675293,1.892300009727478,1.8897700309753416,1.890570044517517
2022-02-21 20:00:00+00:00,1.8907300233840945,1.891909956932068,1.890519976615905,1.8908699750900269
2022-02-21 21:00:00+00:00,1.890910029411316,1.8921600580215447,1.889649987220764,1.890589952468872
2022-02-21 22:00:00+00:00,1.89058005809784,1.8927799463272093,1.8887399435043333,1.8923900127410889
2022-02-21 23:00:00+00:00,1.8919600248336792,1.89451003074646,1.8899400234222408,1.8921500444412231
2022-02-22 00:00:00+00:00,1.892240047454834,1.892750024795532,1.8880300521850584,1.8886799812316888
2022-02-22 01:00:00+00:00,1.8886799812316888,1.890630006790161,1.8875800371170044,1.8887300491333008
2022-02-22 02:00:00+00:00,1.888759970664978,1.889320015907288,1.886659979820252,1.8880200386047363
2022-02-22 03:00:00+00:00,1.8880399465560915,1.890679955482483,1.887570023536682,1.889870047569275
2022-02-22 04:00:00+00:00,1.8899400234222408,1.8899799585342407,1.886330008506775,1.8871699571609497
2022-02-22 05:00:00+00:00,1.8871400356292725,1.8879599571228027,1.8851799964904783,1.8869500160217283
2022-02-22 06:00:00+00:00,1.887030005455017,1.88759994506836,1.8860000371932983,1.8870199918746948
2022-02-22 07:00:00+00:00,1.886970043182373,1.888149976730347,1.884220004081726,1.885519981384277
2022-02-22 08:00:00+00:00,1.8854999542236328,1.8858699798583984,1.8826700448989868,1.884590029716492
2022-02-22 09:00:00+00:00,1.884600043296814,1.885740041732788,1.883080005645752,1.8838900327682493
2022-02-22 10:00:00+00:00,1.8838800191879272,1.883929967880249,1.8752800226211548,1.8784300088882449
2022-02-22 11:00:00+00:00,1.878440022468567,1.878960013389588,1.875830054283142,1.876539945602417
2022-02-22 12:00:00+00:00,1.8766000270843504,1.8784199953079224,1.876139998435974,1.878139972686768
2022-02-22 13:00:00+00:00,1.878129959106445,1.8807499408721924,1.8774900436401367,1.878000020980835
2022-02-22 14:00:00+00:00,1.878100037574768,1.8788599967956543,1.876520037651062,1.8781499862670896
2022-02-22 15:00:00+00:00,1.8780699968338013,1.8824399709701536,1.877060055732727,1.8812700510025024
2022-02-22 16:00:00+00:00,1.8812899589538568,1.882159948348999,1.880110025405884,1.8816499710083008
2022-02-22 17:00:00+00:00,1.8816499710083008,1.8832600116729736,1.880820035934448,1.8831499814987185
2022-02-22 18:00:00+00:00,1.883180022239685,1.885149955749512,1.882680058479309,1.884469985961914
2022-02-22 19:00:00+00:00,1.8845399618148804,1.885030031204224,1.8813300132751465,1.882290005683899
2022-02-22 20:00:00+00:00,1.8822699785232544,1.8827999830245967,1.8803199529647827,1.8819199800491333
2022-02-22 21:00:00+00:00,1.8819500207901,1.8824599981307983,1.8805099725723269,1.88129997253418
2022-02-22 22:00:00+00:00,1.8809000253677368,1.882200002670288,1.8786900043487549,1.881510019302368
2022-02-22 23:00:00+00:00,1.881659984588623,1.8817299604415887,1.879699945449829,1.88031005859375
2022-02-23 00:00:00+00:00,1.88018000125885,1.882750034332276,1.8789399862289429,1.880660057067871
2022-02-23 01:00:00+00:00,1.8807100057601929,1.8823000192642207,1.8791600465774536,1.879830002784729
2022-02-23 02:00:00+00:00,1.8798799514770508,1.881790041923523,1.878119945526123,1.8804600238800049
2022-02-23 03:00:00+00:00,1.8804500102996824,1.8819199800491333,1.87992000579834,1.880910038948059
2022-02-23 04:00:00+00:00,1.880910038948059,1.882069945335388,1.8791699409484863,1.879729986190796
2022-02-23 05:00:00+00:00,1.879709959030152,1.8807799816131592,1.878839969635009,1.879459977149964
2022-02-23 06:00:00+00:00,1.879449963569641,1.880239963531494,1.8784300088882449,1.878909945487976
2022-02-23 07:00:00+00:00,1.8788800239562988,1.8795499801635744,1.8772499561309808,1.878389954566956
2022-02-23 08:00:00+00:00,1.8784199953079224,1.8792599439620967,1.874690055847168,1.8749699592590328
2022-02-23 09:00:00+00:00,1.875,1.8753999471664429,1.871340036392212,1.872439980506897
2022-02-23 10:00:00+00:00,1.872339963912964,1.874169945716858,1.8716100454330444,1.8724900484085083
2022-02-23 11:00:00+00:00,1.872499942779541,1.874369978904724,1.871250033378601,1.8718500137329104
2022-02-23 12:00:00+00:00,1.871819972991944,1.872099995613098,1.868649959564209,1.8690199851989744
2022-02-23 13:00:00+00:00,1.8690299987792969,1.8692599534988403,1.867460012435913,1.8680700063705444
2022-02-23 14:00:00+00:00,1.8680700063705444,1.8688000440597528,1.866289973258972,1.868559956550598
2022-02-23 15:00:00+00:00,1.868579983711243,1.8723299503326416,1.867840051651001,1.8720200061798096
2022-02-23 16:00:00+00:00,1.8720200061798096,1.873520016670227,1.8698400259017944,1.8707900047302248
2022-02-23 17:00:00+00:00,1.8707499504089355,1.871129989624024,1.8685699701309204,1.8704099655151367
2022-02-23 18:00:00+00:00,1.870479941368103,1.8724600076675413,1.8702600002288816,1.871359944343567
2022-02-23 19:00:00+00:00,1.871359944343567,1.8727400302886963,1.8698400259017944,1.870949983596801
2022-02-23 20:00:00+00:00,1.8708699941635127,1.873579978942871,1.8706899881362915,1.8734999895095823
2022-02-23 21:00:00+00:00,1.8734999895095823,1.873540043830872,1.8710299730300903,1.871950030326844
2022-02-23 22:00:00+00:00,1.8714100122451784,1.873960018157959,1.87090003490448,1.8730100393295288
2022-02-23 23:00:00+00:00,1.873350024223328,1.8752199411392207,1.8715499639511108,1.8740500211715696
2022-02-24 00:00:00+00:00,1.8738800287246704,1.8785799741744995,1.873540043830872,1.878309965133667
2022-02-24 01:00:00+00:00,1.878270030021668,1.878890037536621,1.8759299516677856,1.8765300512313845
2022-02-24 02:00:00+00:00,1.8765300512313845,1.8813999891281128,1.875890016555786,1.8791099786758425
2022-02-24 03:00:00+00:00,1.879150032997132,1.8827999830245967,1.8780800104141235,1.8807100057601929
2022-02-24 04:00:00+00:00,1.8807100057601929,1.8824599981307983,1.874979972839356,1.876819968223572
2022-02-24 05:00:00+00:00,1.8768099546432493,1.8785400390625,1.874850034713745,1.876070022583008
2022-02-24 06:00:00+00:00,1.87608003616333,1.8786200284957888,1.8752100467681885,1.878139972686768
2022-02-24 07:00:00+00:00,1.8782600164413448,1.879670023918152,1.874940037727356,1.8776799440383911
2022-02-24 08:00:00+00:00,1.8776799440383911,1.8789700269699097,1.8722699880599976,1.8725099563598635
2022-02-24 09:00:00+00:00,1.872599959373474,1.8741400241851809,1.8705099821090696,1.872480034828186
2022-02-24 10:00:00+00:00,1.872480034828186,1.872879981994629,1.86873996257782,1.87107002735138
2022-02-24 11:00:00+00:00,1.8710800409317017,1.871189951896668,1.8671900033950808,1.8676600456237795
2022-02-24 12:00:00+00:00,1.8676700592041016,1.870919942855835,1.8669400215148928,1.8698400259017944
2022-02-24 13:00:00+00:00,1.8697999715805047,1.86981999874115,1.8666199445724487,1.867779970169068
2022-02-24 14:00:00+00:00,1.867740035057068,1.8684500455856323,1.864230036735535,1.8664000034332275
2022-02-24 15:00:00+00:00,1.866479992866516,1.871060013771057,1.8652000427246087,1.8707599639892576
2022-02-24 16:00:00+00:00,1.8707799911499023,1.874400019645691,1.868499994277954,1.872779965400696
2022-02-24 17:00:00+00:00,1.8727999925613403,1.8736499547958367,1.871129989624024,1.8720500469207764
2022-02-24 18:00:00+00:00,1.8721599578857424,1.8731199502944944,1.8703199625015257,1.8711199760437007
2022-02-24 19:00:00+00:00,1.871150016784668,1.8720500469207764,1.8687599897384644,1.8695199489593504
2022-02-24 20:00:00+00:00,1.8695399761199951,1.8702900409698489,1.86529004573822,1.8660800457000728
2022-02-24 21:00:00+00:00,1.866350054740905,1.868170022964477,1.865579962730408,1.86670994758606
2022-02-24 22:00:00+00:00,1.8667500019073489,1.8678499460220337,1.8637800216674805,1.8671200275421145
2022-02-24 23:00:00+00:00,1.8673299551010127,1.868029952049256,1.8658599853515625,1.867220044136048
2022-02-25 00:00:00+00:00,1.8673299551010127,1.8734999895095823,1.8646199703216555,1.8700499534606927
2022-02-25 01:00:00+00:00,1.8701900243759155,1.870329976081848,1.8665200471878047,1.8667500019073489
2022-02-25 02:00:00+00:00,1.8668500185012813,1.868589997291565,1.86670994758606,1.867799997329712
2022-02-25 03:00:00+00:00,1.867799997329712,1.869369983673096,1.8668700456619265,1.868029952049256
2022-02-25 04:00:00+00:00,1.8680399656295776,1.8685400485992432,1.8650599718093872,1.8653500080108645
2022-02-25 05:00:00+00:00,1.8654500246047967,1.8666800260543823,1.864060044288636,1.866479992866516
2022-02-25 06:00:00+00:00,1.866479992866516,1.8676600456237795,1.8632700443267824,1.8634400367736816
2022-02-25 07:00:00+00:00,1.8633999824523928,1.8643200397491453,1.8605799674987795,1.8617700338363647
2022-02-25 08:00:00+00:00,1.86175000667572,1.8637900352478027,1.8595399856567385,1.8598400354385376
2022-02-25 09:00:00+00:00,1.8598400354385376,1.8623900413513184,1.8573399782180784,1.8576099872589111
2022-02-25 10:00:00+00:00,1.8576099872589111,1.858929991722107,1.85699999332428,1.858070015907288
2022-02-25 11:00:00+00:00,1.858129978179932,1.8607699871063232,1.857550024986267,1.8587199449539185
2022-02-25 12:00:00+00:00,1.8587199449539185,1.8597899675369265,1.85579001903534,1.8575199842453003
2022-02-25 13:00:00+00:00,1.857509970664978,1.8576799631118768,1.852220058441162,1.853150010108948
2022-02-25 14:00:00+00:00,1.853150010108948,1.8539299964904783,1.850559949874878,1.8537499904632568
2022-02-25 15:00:00+00:00,1.853710055351257,1.8573399782180784,1.8524500131607056,1.857010006904602
2022-02-25 16:00:00+00:00,1.8569600582122805,1.8582700490951536,1.8548400402069087,1.857059955596924
2022-02-25 17:00:00+00:00,1.857069969177246,1.857810020446777,1.8558299541473389,1.856119990348816
2022-02-25 18:00:00+00:00,1.856099963188172,1.856809973716736,1.854159951210022,1.8561099767684937
2022-02-25 19:00:00+00:00,1.8561099767684937,1.856660008430481,1.854089975357056,1.8541799783706665
2022-02-25 20:00:00+00:00,1.8541799783706665,1.855299949645996,1.853710055351257,1.854640007019043
2022-02-25 21:00:00+00:00,1.8546500205993648,1.8558800220489504,1.8526099920272827,1.8528300523757928
2022-02-25 22:00:00+00:00,1.8535799980163568,1.8535799980163568,1.8535799980163568,1.8535799980163568
2022-02-28 00:00:00+00:00,1.8607399463653564,1.8626999855041504,1.8601900339126587,1.8612099885940552
2022-02-28 01:00:00+00:00,1.8612699508666992,1.8615700006484983,1.8585799932479856,1.8606300354003904
2022-02-28 02:00:00+00:00,1.860640048980713,1.8624800443649288,1.8595900535583496,1.862030029296875
2022-02-28 03:00:00+00:00,1.862110018730164,1.862810015678405,1.859320044517517,1.8600599765777588
2022-02-28 04:00:00+00:00,1.860069990158081,1.8600900173187256,1.8579299449920648,1.8584200143814087
2022-02-28 05:00:00+00:00,1.858319997787476,1.860610008239746,1.857740044593811,1.8601200580596924
2022-02-28 06:00:00+00:00,1.8602099418640137,1.8604300022125244,1.857570052146912,1.8601800203323364
2022-02-28 07:00:00+00:00,1.8602399826049805,1.8603299856185915,1.85565996170044,1.856559991836548
2022-02-28 08:00:00+00:00,1.8565399646759035,1.8576699495315552,1.854640007019043,1.8570499420166016
2022-02-28 09:00:00+00:00,1.857059955596924,1.8585200309753416,1.8563799858093264,1.8576099872589111
2022-02-28 10:00:00+00:00,1.8576200008392327,1.8589999675750728,1.8555200099945068,1.8571100234985352
2022-02-28 11:00:00+00:00,1.8572399616241453,1.8579299449920648,1.8540600538253784,1.8561899662017824
2022-02-28 12:00:00+00:00,1.856220006942749,1.857630014419556,1.853209972381592,1.853909969329834
2022-02-28 13:00:00+00:00,1.853960037231445,1.856529951095581,1.8531700372695925,1.854609966278076
2022-02-28 14:00:00+00:00,1.854640007019043,1.8551199436187744,1.851580023765564,1.8524199724197388
2022-02-28 15:00:00+00:00,1.852460026741028,1.853909969329834,1.848330020904541,1.849300026893616
2022-02-28 16:00:00+00:00,1.849300026893616,1.8502299785614007,1.8472299575805664,1.8480499982833865
2022-02-28 17:00:00+00:00,1.848039984703064,1.8486299514770508,1.845759987831116,1.846269965171814
2022-02-28 18:00:00+00:00,1.846500039100647,1.8487499952316284,1.845639944076538,1.8480600118637085
2022-02-28 19:00:00+00:00,1.8480700254440308,1.8494499921798704,1.84646999835968,1.8465700149536133
2022-02-28 20:00:00+00:00,1.846519947052002,1.8476899862289429,1.8457399606704712,1.847190022468567
2022-02-28 21:00:00+00:00,1.8471699953079224,1.8482500314712524,1.8460500240325928,1.8474400043487549
2022-02-28 22:00:00+00:00,1.846690058708191,1.8488999605178835,1.8453999757766724,1.848039984703064
2022-02-28 23:00:00+00:00,1.8480700254440308,1.8491499423980715,1.8457399606704712,1.848919987678528
2022-03-01 00:00:00+00:00,1.849110007286072,1.8497200012207031,1.847890019416809,1.8490899801254272
2022-03-01 01:00:00+00:00,1.849079966545105,1.849239945411682,1.8465800285339355,1.8478399515151973
2022-03-01 02:00:00+00:00,1.847830057144165,1.848199963569641,1.8452800512313845,1.8465399742126465
2022-03-01 03:00:00+00:00,1.8466099500656128,1.8500299453735352,1.846529960632324,1.8485699892044067
2022-03-01 04:00:00+00:00,1.8485000133514404,1.8487399816513064,1.846989989280701,1.847210049629212
2022-03-01 05:00:00+00:00,1.847270011901856,1.8481299877166748,1.846269965171814,1.847100019454956
2022-03-01 06:00:00+00:00,1.8471200466156008,1.8473199605941768,1.8440300226211548,1.8443000316619875
2022-03-01 07:00:00+00:00,1.8443000316619875,1.8446600437164309,1.84197998046875,1.842710018157959
2022-03-01 08:00:00+00:00,1.8427000045776367,1.8447099924087524,1.841599941253662,1.8435399532318115
2022-03-01 09:00:00+00:00,1.843610048294068,1.846029996871948,1.8427499532699585,1.8440099954605105
2022-03-01 10:00:00+00:00,1.8440099954605105,1.8459099531173704,1.841189980506897,1.841269969940185
2022-03-01 11:00:00+00:00,1.841269969940185,1.845229983329773,1.840939998626709,1.843209981918335
2022-03-01 12:00:00+00:00,1.8432600498199463,1.8455899953842163,1.84211003780365,1.8438700437545776
2022-03-01 13:00:00+00:00,1.8439699411392207,1.8460899591445925,1.8416999578475952,1.8426899909973145
2022-03-01 14:00:00+00:00,1.842679977416992,1.843440055847168,1.840939998626709,1.8418099880218504
2022-03-01 15:00:00+00:00,1.8418200016021729,1.842229962348938,1.8384100198745728,1.838919997215271
2022-03-01 16:00:00+00:00,1.838919997215271,1.8403600454330444,1.8350900411605835,1.8377200365066528
2022-03-01 17:00:00+00:00,1.837730050086975,1.838119983673096,1.8350000381469729,1.8354699611663816
2022-03-01 18:00:00+00:00,1.835510015487671,1.8364100456237795,1.8348100185394287,1.8359999656677248
2022-03-01 19:00:00+00:00,1.836089968681336,1.8387900590896609,1.8356800079345703,1.8369499444961548
2022-03-01 20:00:00+00:00,1.8370599746704104,1.837980031967163,1.835319995880127,1.8368799686431885
2022-03-01 21:00:00+00:00,1.8368899822235107,1.8375200033187864,1.8345600366592407,1.8364499807357788
2022-03-01 22:00:00+00:00,1.8363499641418457,1.8380399942398071,1.8339899778366089,1.837180018424988
2022-03-01 23:00:00+00:00,1.8372700214385984,1.838240027427673,1.835510015487671,1.8367999792099
2022-03-02 00:00:00+00:00,1.836459994316101,1.8366199731826784,1.833449959754944,1.833840012550354
2022-03-02 01:00:00+00:00,1.8338799476623533,1.8354899883270264,1.8321199417114256,1.832509994506836
2022-03-02 02:00:00+00:00,1.8325799703598025,1.833330035209656,1.830289959907532,1.830940008163452
2022-03-02 03:00:00+00:00,1.8309500217437744,1.8320599794387813,1.8295300006866453,1.83135998249054
2022-03-02 04:00:00+00:00,1.8317099809646609,1.831920027732849,1.8300600051879885,1.83149003982544
2022-03-02 05:00:00+00:00,1.831470012664795,1.8319499492645264,1.8296799659729004,1.8300700187683103
2022-03-02 06:00:00+00:00,1.830049991607666,1.8323099613189693,1.8298100233078003,1.8320900201797483
2022-03-02 07:00:00+00:00,1.8320800065994265,1.8330700397491453,1.8307000398635864,1.8323999643325808
2022-03-02 08:00:00+00:00,1.8323800563812256,1.835559964179993,1.829800009727478,1.8348100185394287
2022-03-02 09:00:00+00:00,1.8348100185394287,1.8357000350952148,1.831439971923828,1.833580017089844
2022-03-02 10:00:00+00:00,1.8335100412368768,1.83610999584198,1.833140015602112,1.8343000411987305
2022-03-02 11:00:00+00:00,1.8342499732971191,1.8361999988555908,1.831470012664795,1.834630012512207
2022-03-02 12:00:00+00:00,1.8346199989318848,1.835019946098328,1.831719994544983,1.832890033721924
2022-03-02 13:00:00+00:00,1.8328499794006348,1.8355799913406368,1.8317899703979488,1.835199952125549
2022-03-02 14:00:00+00:00,1.835260033607483,1.835819959640503,1.833340048789978,1.834280014038086
2022-03-02 15:00:00+00:00,1.8342599868774407,1.83748996257782,1.833709955215454,1.8357900381088257
2022-03-02 16:00:00+00:00,1.8357700109481807,1.836840033531189,1.833299994468689,1.835070013999939
2022-03-02 17:00:00+00:00,1.835039973258972,1.836050033569336,1.8335000276565552,1.8340599536895752
2022-03-02 18:00:00+00:00,1.834089994430542,1.8342499732971191,1.8313000202178955,1.8326900005340576
2022-03-02 19:00:00+00:00,1.832679986953736,1.8334100246429443,1.831560015678405,1.8329999446868896
2022-03-02 20:00:00+00:00,1.8329999446868896,1.8348100185394287,1.83256995677948,1.834400057792664
2022-03-02 21:00:00+00:00,1.8344199657440183,1.83831000328064,1.833899974822998,1.836940050125122
2022-03-02 22:00:00+00:00,1.8363800048828125,1.838170051574707,1.835510015487671,1.8372600078582764
2022-03-02 23:00:00+00:00,1.8372600078582764,1.837820053100586,1.8359999656677248,1.836529970169068
2022-03-03 00:00:00+00:00,1.8367600440979004,1.8372600078582764,1.8351500034332275,1.8363699913024905
2022-03-03 01:00:00+00:00,1.836400032043457,1.8377699851989744,1.8356399536132808,1.8368300199508667
2022-03-03 02:00:00+00:00,1.8368699550628664,1.8387199640274048,1.836490035057068,1.8368099927902224
2022-03-03 03:00:00+00:00,1.8368699550628664,1.838070034980774,1.836220026016236,1.8371100425720213
2022-03-03 04:00:00+00:00,1.8371100425720213,1.8375400304794312,1.834789991378784,1.8360099792480469
2022-03-03 05:00:00+00:00,1.8360099792480469,1.8367600440979004,1.8346199989318848,1.8352199792861936
2022-03-03 06:00:00+00:00,1.83528995513916,1.8353500366210933,1.8315000534057613,1.832419991493225
2022-03-03 07:00:00+00:00,1.8324099779129028,1.833549976348877,1.829740047454834,1.8300299644470213
2022-03-03 08:00:00+00:00,1.830090045928955,1.8339999914169312,1.829069972038269,1.8308900594711304
2022-03-03 09:00:00+00:00,1.8308900594711304,1.8334800004959104,1.8301500082015991,1.8329399824142456
2022-03-03 10:00:00+00:00,1.83296000957489,1.83378005027771,1.8310199975967407,1.8317300081253047
2022-03-03 11:00:00+00:00,1.8316600322723389,1.8320900201797483,1.8297699689865112,1.8313699960708616
2022-03-03 12:00:00+00:00,1.831419944763184,1.8318699598312376,1.828950047492981,1.8297799825668333
2022-03-03 13:00:00+00:00,1.8297799825668333,1.8299800157547,1.826840043067932,1.827430009841919
2022-03-03 14:00:00+00:00,1.827379941940308,1.8288999795913696,1.8196200132369995,1.819949984550476
2022-03-03 15:00:00+00:00,1.8199700117111208,1.822800040245056,1.818429946899414,1.8224200010299685
2022-03-03 16:00:00+00:00,1.822399973869324,1.8252999782562256,1.8202199935913088,1.821529984474182
2022-03-03 17:00:00+00:00,1.821529984474182,1.822649955749512,1.8197799921035769,1.821869969367981
2022-03-03 18:00:00+00:00,1.8218799829483032,1.8226200342178345,1.8194400072097776,1.821059942245484
2022-03-03 19:00:00+00:00,1.8210300207138064,1.8227900266647337,1.8200199604034424,1.8201600313186648
2022-03-03 20:00:00+00:00,1.8201500177383425,1.8225599527359009,1.8199599981307983,1.820770025253296
2022-03-03 21:00:00+00:00,1.820770025253296,1.8222500085830688,1.819810032844544,1.8198200464248653
2022-03-03 22:00:00+00:00,1.8203599452972408,1.8226799964904783,1.8197799921035769,1.8213399648666384
2022-03-03 23:00:00+00:00,1.8209500312805176,1.8219200372695925,1.818680047988892,1.8194899559021
2022-03-04 00:00:00+00:00,1.8196899890899656,1.824910044670105,1.8186999559402464,1.8235000371932983
2022-03-04 01:00:00+00:00,1.8234800100326536,1.824790000915528,1.8199299573898315,1.8211400508880613
2022-03-04 02:00:00+00:00,1.821050047874451,1.82151997089386,1.8184700012207031,1.8194500207901
2022-03-04 03:00:00+00:00,1.8194500207901,1.8199900388717647,1.817020058631897,1.817759990692139
2022-03-04 04:00:00+00:00,1.8177900314331048,1.8178199529647827,1.8129099607467647,1.813390016555786
2022-03-04 05:00:00+00:00,1.813380002975464,1.8144899606704712,1.8125699758529663,1.813380002975464
2022-03-04 06:00:00+00:00,1.813390016555786,1.8155800104141235,1.8125499486923216,1.814970016479492
2022-03-04 07:00:00+00:00,1.815019965171814,1.815029978752136,1.811079978942871,1.811560034751892
2022-03-04 08:00:00+00:00,1.811540007591248,1.8120700120925903,1.8042900562286377,1.8056000471115112
2022-03-04 09:00:00+00:00,1.8056600093841555,1.8100099563598635,1.805019974708557,1.8098299503326416
2022-03-04 10:00:00+00:00,1.809839963912964,1.809970021247864,1.8067100048065183,1.8082499504089355
2022-03-04 11:00:00+00:00,1.8083300590515137,1.8084800243377688,1.804090023040772,1.804479956626892
2022-03-04 12:00:00+00:00,1.804530024528504,1.807080030441284,1.8038100004196167,1.8068499565124512
2022-03-04 13:00:00+00:00,1.8068499565124512,1.807520031929016,1.802090048789978,1.802579998970032
2022-03-04 14:00:00+00:00,1.802579998970032,1.806120038032532,1.8017799854278564,1.801949977874756
2022-03-04 15:00:00+00:00,1.801949977874756,1.8022199869155884,1.7968800067901611,1.7986899614334106
2022-03-04 16:00:00+00:00,1.7986899614334106,1.8008400201797483,1.794409990310669,1.7946399450302124
2022-03-04 17:00:00+00:00,1.7946200370788574,1.7955000400543213,1.7930400371551514,1.7939499616622925
2022-03-04 18:00:00+00:00,1.7939000129699707,1.7949999570846558,1.7930999994277954,1.794909954071045
2022-03-04 19:00:00+00:00,1.7948999404907229,1.7960799932479858,1.7931900024414062,1.7934099435806274
2022-03-04 20:00:00+00:00,1.7933599948883057,1.7967900037765503,1.7932699918746948,1.796679973602295
2022-03-04 21:00:00+00:00,1.796679973602295,1.7973899841308594,1.792080044746399,1.7931900024414062
2022-03-04 22:00:00+00:00,1.7947700023651123,1.7947800159454346,1.7947700023651123,1.7947800159454346
2022-03-07 00:00:00+00:00,1.7866499423980713,1.7887300252914429,1.7849199771881104,1.7853200435638428
2022-03-07 01:00:00+00:00,1.7853000164031982,1.7856600284576416,1.7730000019073486,1.7773300409317017
2022-03-07 02:00:00+00:00,1.7774499654769895,1.781559944152832,1.7768700122833252,1.7808200120925903
2022-03-07 03:00:00+00:00,1.7808599472045898,1.785330057144165,1.7804700136184692,1.7819600105285645
2022-03-07 04:00:00+00:00,1.7819700241088867,1.782189965248108,1.7800999879837036,1.781290054321289
2022-03-07 05:00:00+00:00,1.781290054321289,1.782379984855652,1.780310034751892,1.781730055809021
2022-03-07 06:00:00+00:00,1.7816499471664429,1.782920002937317,1.7793200016021729,1.7794500589370728
2022-03-07 07:00:00+00:00,1.7794500589370728,1.7832800149917605,1.7787100076675415,1.7816400527954102
2022-03-07 08:00:00+00:00,1.7816699743270874,1.7818599939346311,1.776479959487915,1.7774100303649902
2022-03-07 09:00:00+00:00,1.7774200439453125,1.7795499563217163,1.7762099504470823,1.7786400318145752
2022-03-07 10:00:00+00:00,1.778589963912964,1.7806600332260132,1.7750099897384644,1.7770600318908691
2022-03-07 11:00:00+00:00,1.7770600318908691,1.7776999473571775,1.7734299898147583,1.777359962463379
2022-03-07 12:00:00+00:00,1.7774800062179563,1.7886500358581543,1.7770999670028689,1.7835999727249146
2022-03-07 13:00:00+00:00,1.7835899591445925,1.788409948348999,1.7824900150299072,1.786270022392273
2022-03-07 14:00:00+00:00,1.7863800525665283,1.793470025062561,1.7859100103378296,1.7896300554275513
2022-03-07 15:00:00+00:00,1.7895599603652954,1.79298996925354,1.7849500179290771,1.792240023612976
2022-03-07 16:00:00+00:00,1.792240023612976,1.7928400039672852,1.7884199619293213,1.7910699844360352
2022-03-07 17:00:00+00:00,1.7910699844360352,1.7945400476455688,1.790470004081726,1.791700005531311
2022-03-07 18:00:00+00:00,1.7917499542236328,1.7932699918746948,1.7900999784469604,1.7918699979782104
2022-03-07 19:00:00+00:00,1.791659951210022,1.7929999828338623,1.7870999574661257,1.7887300252914429
2022-03-07 20:00:00+00:00,1.7887200117111206,1.7921299934387207,1.7883299589157104,1.7910399436950684
2022-03-07 21:00:00+00:00,1.7910499572753906,1.7920000553131104,1.7896100282669067,1.7899199724197388
2022-03-07 22:00:00+00:00,1.7899800539016724,1.7927600145339966,1.78889000415802,1.7911499738693235
2022-03-07 23:00:00+00:00,1.791200041770935,1.792870044708252,1.7886300086975098,1.7888699769973757
2022-03-08 00:00:00+00:00,1.7890499830245972,1.790060043334961,1.7869700193405151,1.787969946861267
2022-03-08 01:00:00+00:00,1.788030028343201,1.7888100147247314,1.7852599620819092,1.7884000539779663
2022-03-08 02:00:00+00:00,1.7884000539779663,1.7927099466323853,1.786479949951172,1.7917699813842771
2022-03-08 03:00:00+00:00,1.7918699979782104,1.7929400205612185,1.7903300523757937,1.7910399436950684
2022-03-08 04:00:00+00:00,1.791059970855713,1.795740008354187,1.7907099723815918,1.7950799465179443
2022-03-08 05:00:00+00:00,1.7951699495315552,1.8017699718475344,1.7948299646377563,1.8000199794769287
2022-03-08 06:00:00+00:00,1.79993999004364,1.8005499839782717,1.7981300354003906,1.8000500202178955
2022-03-08 07:00:00+00:00,1.8000600337982178,1.8001199960708618,1.7968100309371948,1.799239993095398
2022-03-08 08:00:00+00:00,1.7992000579833984,1.803020000457764,1.7976700067520142,1.8027000427246087
2022-03-08 09:00:00+00:00,1.8026599884033203,1.8031400442123413,1.7972899675369265,1.799149990081787
2022-03-08 10:00:00+00:00,1.799149990081787,1.8008899688720703,1.7975000143051147,1.7983900308609009
2022-03-08 11:00:00+00:00,1.7983900308609009,1.7987899780273438,1.795639991760254,1.7977099418640137
2022-03-08 12:00:00+00:00,1.7977700233459473,1.800439953804016,1.7967699766159058,1.7998700141906738
2022-03-08 13:00:00+00:00,1.799839973449707,1.800529956817627,1.796679973602295,1.799649953842163
2022-03-08 14:00:00+00:00,1.799589991569519,1.8018399477005005,1.797919988632202,1.801259994506836
2022-03-08 15:00:00+00:00,1.8012499809265137,1.805739998817444,1.7993600368499756,1.804419994354248
2022-03-08 16:00:00+00:00,1.8043999671936035,1.8072199821472168,1.802889943122864,1.803769946098328
2022-03-08 17:00:00+00:00,1.8037500381469729,1.8046900033950808,1.801200032234192,1.8043800592422483
2022-03-08 18:00:00+00:00,1.8043800592422483,1.805279970169068,1.8016300201416016,1.8030099868774407
2022-03-08 19:00:00+00:00,1.803200006484985,1.803730010986328,1.8010599613189695,1.8014099597930908
2022-03-08 20:00:00+00:00,1.8014099597930908,1.8022300004959104,1.8003499507904053,1.8017899990081787
2022-03-08 21:00:00+00:00,1.80171000957489,1.802369952201844,1.8006099462509155,1.8018499612808228
2022-03-08 22:00:00+00:00,1.8020399808883667,1.80296003818512,1.7985899448394775,1.8022799491882324
2022-03-08 23:00:00+00:00,1.8022799491882324,1.8023600578308103,1.7995100021362305,1.802209973335266
2022-03-09 00:00:00+00:00,1.8022300004959104,1.802330017089844,1.7999099493026731,1.8009699583053589
2022-03-09 01:00:00+00:00,1.8010499477386477,1.802340030670166,1.800379991531372,1.8018699884414675
2022-03-09 02:00:00+00:00,1.8019100427627563,1.8038400411605835,1.8013499975204468,1.8026800155639648
2022-03-09 03:00:00+00:00,1.8024100065231323,1.803699970245361,1.8011900186538696,1.8023500442504885
2022-03-09 04:00:00+00:00,1.802240014076233,1.802520036697388,1.8003100156784058,1.800860047340393
2022-03-09 05:00:00+00:00,1.8009099960327148,1.803599953651428,1.80062997341156,1.802240014076233
2022-03-09 06:00:00+00:00,1.802199959754944,1.8022500276565552,1.799280047416687,1.8010499477386477
2022-03-09 07:00:00+00:00,1.8010499477386477,1.8018499612808228,1.7962199449539185,1.7970600128173828
2022-03-09 08:00:00+00:00,1.7970099449157717,1.798069953918457,1.7954100370407104,1.7970900535583496
2022-03-09 09:00:00+00:00,1.7970399856567385,1.7971700429916382,1.7936999797821045,1.7955199480056765
2022-03-09 10:00:00+00:00,1.7954299449920654,1.79761004447937,1.7951500415802002,1.795799970626831
2022-03-09 11:00:00+00:00,1.795799970626831,1.7974900007247925,1.7943899631500244,1.7953100204467771
2022-03-09 12:00:00+00:00,1.795259952545166,1.7960200309753418,1.7935199737548828,1.7940200567245483
2022-03-09 13:00:00+00:00,1.7939399480819702,1.7963000535964966,1.792019963264465,1.7961100339889526
2022-03-09 14:00:00+00:00,1.7961100339889526,1.7990800142288208,1.7949800491333008,1.7965500354766846
2022-03-09 15:00:00+00:00,1.7966200113296509,1.7982499599456787,1.794950008392334,1.797760009765625
2022-03-09 16:00:00+00:00,1.797659993171692,1.8001600503921509,1.7965799570083618,1.7969399690628052
2022-03-09 17:00:00+00:00,1.7969499826431274,1.8015400171279907,1.7965699434280396,1.8004100322723389
2022-03-09 18:00:00+00:00,1.8006199598312378,1.801110029220581,1.7985700368881226,1.7991100549697876
2022-03-09 19:00:00+00:00,1.7990399599075315,1.801110029220581,1.7980400323867798,1.8008400201797483
2022-03-09 20:00:00+00:00,1.8009799718856812,1.8011499643325806,1.7983499765396118,1.7997900247573853
2022-03-09 21:00:00+00:00,1.7997900247573853,1.8011000156402588,1.7986700534820557,1.7989399433135986
2022-03-09 22:00:00+00:00,1.799239993095398,1.8018499612808228,1.7982200384140017,1.8012900352478027
2022-03-09 23:00:00+00:00,1.8006900548934937,1.8026200532913208,1.8003100156784058,1.8021800518035889
2022-03-10 00:00:00+00:00,1.8018200397491453,1.803040027618408,1.8004100322723389,1.8029999732971191
2022-03-10 01:00:00+00:00,1.8029999732971191,1.805279970169068,1.8020199537277224,1.80365002155304
2022-03-10 02:00:00+00:00,1.803760051727295,1.8042900562286377,1.7986799478530884,1.7989699840545654
2022-03-10 03:00:00+00:00,1.798949956893921,1.7992700338363647,1.796910047531128,1.797919988632202
2022-03-10 04:00:00+00:00,1.7979600429534912,1.799399971961975,1.7975900173187256,1.799049973487854
2022-03-10 05:00:00+00:00,1.7990399599075315,1.8015700578689573,1.7985899448394775,1.7996200323104858
2022-03-10 06:00:00+00:00,1.799589991569519,1.8004599809646606,1.7964099645614624,1.7974200248718262
2022-03-10 07:00:00+00:00,1.797379970550537,1.7977800369262695,1.795140027999878,1.7962499856948853
2022-03-10 08:00:00+00:00,1.7962499856948853,1.7965500354766846,1.792739987373352,1.7942399978637695
2022-03-10 09:00:00+00:00,1.7943600416183472,1.7955199480056765,1.7929699420928955,1.7946100234985352
2022-03-10 10:00:00+00:00,1.7946399450302124,1.7950299978256226,1.7913000583648682,1.7937599420547483
2022-03-10 11:00:00+00:00,1.7937999963760376,1.796720027923584,1.7935199737548828,1.7948999404907229
2022-03-10 12:00:00+00:00,1.7948800325393677,1.79653000831604,1.791509985923767,1.7964600324630735
2022-03-10 13:00:00+00:00,1.796429991722107,1.7964799404144287,1.7905800342559814,1.7934499979019165
2022-03-10 14:00:00+00:00,1.7934900522232056,1.7941700220108032,1.7874499559402466,1.787919998168945
2022-03-10 15:00:00+00:00,1.7878400087356567,1.7882699966430664,1.7828099727630615,1.783810019493103
2022-03-10 16:00:00+00:00,1.7838300466537476,1.7854100465774536,1.7798099517822266,1.7805399894714355
2022-03-10 17:00:00+00:00,1.7804700136184692,1.7820700407028198,1.778120040893555,1.7800300121307373
2022-03-10 18:00:00+00:00,1.7799700498580933,1.7817699909210205,1.7796900272369385,1.7804399728775024
2022-03-10 19:00:00+00:00,1.7803900241851809,1.7811199426651,1.7778799533843994,1.7782700061798096
2022-03-10 20:00:00+00:00,1.7782599925994873,1.778880000114441,1.777109980583191,1.7781599760055542
2022-03-10 21:00:00+00:00,1.7781399488449097,1.7789700031280518,1.776569962501526,1.7772599458694458
2022-03-10 22:00:00+00:00,1.7777400016784668,1.7794899940490725,1.7767000198364258,1.7785099744796753
2022-03-10 23:00:00+00:00,1.7785099744796753,1.7798999547958374,1.7767200469970703,1.7786699533462524
2022-03-11 00:00:00+00:00,1.77878999710083,1.781290054321289,1.778290033340454,1.7806700468063354
2022-03-11 01:00:00+00:00,1.7806899547576904,1.7833399772644043,1.7802200317382812,1.781880021095276
2022-03-11 02:00:00+00:00,1.7819700241088867,1.784379959106445,1.781599998474121,1.7839800119400024
2022-03-11 03:00:00+00:00,1.784019947052002,1.7840900421142578,1.781790018081665,1.7821999788284302
2022-03-11 04:00:00+00:00,1.7823400497436523,1.7842299938201904,1.7814899682998655,1.7836699485778809
2022-03-11 05:00:00+00:00,1.7836799621582031,1.7842199802398682,1.7811599969863892,1.781499981880188
2022-03-11 06:00:00+00:00,1.7815699577331543,1.7820600271224976,1.77947998046875,1.7817399501800537
2022-03-11 07:00:00+00:00,1.7817800045013428,1.782539963722229,1.7790199518203735,1.7793899774551392
2022-03-11 08:00:00+00:00,1.7794899940490725,1.7843600511550903,1.7793200016021729,1.7822999954223633
2022-03-11 09:00:00+00:00,1.7822200059890747,1.7879300117492676,1.7815300226211548,1.7874799966812134
2022-03-11 10:00:00+00:00,1.7875200510025024,1.7899399995803833,1.7857500314712524,1.7898600101470947
2022-03-11 11:00:00+00:00,1.789870023727417,1.7918399572372437,1.7877399921417236,1.789139986038208
2022-03-11 12:00:00+00:00,1.7891600131988523,1.7915699481964111,1.7877700328826904,1.7888400554656982
2022-03-11 13:00:00+00:00,1.7888599634170532,1.7897900342941284,1.7866599559783936,1.7873799800872805
2022-03-11 14:00:00+00:00,1.7873899936676023,1.7883800268173218,1.785099983215332,1.78643000125885
2022-03-11 15:00:00+00:00,1.78656005859375,1.788100004196167,1.7845900058746338,1.7875499725341797
2022-03-11 16:00:00+00:00,1.7875200510025024,1.7883700132369995,1.7864199876785278,1.7874699831008911
2022-03-11 17:00:00+00:00,1.7874000072479248,1.7882299423217771,1.785290002822876,1.7861100435256958
2022-03-11 18:00:00+00:00,1.786180019378662,1.7865699529647827,1.7844500541687012,1.7853699922561646
2022-03-11 19:00:00+00:00,1.7853200435638428,1.7871500253677368,1.7840100526809692,1.7869000434875488
2022-03-11 20:00:00+00:00,1.786910057067871,1.789680004119873,1.7865899801254272,1.7891000509262085
2022-03-11 21:00:00+00:00,1.7891099452972412,1.7891099452972412,1.7849600315093994,1.7849600315093994
2022-03-11 22:00:00+00:00,1.788249969482422,1.788249969482422,1.788249969482422,1.788249969482422
2022-03-14 00:00:00+00:00,1.788450002670288,1.793030023574829,1.787160038948059,1.7927500009536743
2022-03-14 01:00:00+00:00,1.7927299737930298,1.7936700582504272,1.791290044784546,1.792009949684143
2022-03-14 02:00:00+00:00,1.7919199466705322,1.794950008392334,1.7903300523757937,1.794219970703125
2022-03-14 03:00:00+00:00,1.7942399978637695,1.7946900129318235,1.7927800416946411,1.7941900491714478
2022-03-14 04:00:00+00:00,1.794319987297058,1.796030044555664,1.7934399843215942,1.7939800024032593
2022-03-14 05:00:00+00:00,1.7939800024032593,1.7963199615478516,1.7932699918746948,1.796169996261597
2022-03-14 06:00:00+00:00,1.796180009841919,1.799299955368042,1.7961299419403076,1.7990399599075315
2022-03-14 07:00:00+00:00,1.7991100549697876,1.800379991531372,1.7968900203704834,1.7998900413513184
2022-03-14 08:00:00+00:00,1.799880027770996,1.8010900020599363,1.7967300415039062,1.7988699674606323
2022-03-14 09:00:00+00:00,1.7989799976348877,1.7996000051498413,1.7964099645614624,1.797600030899048
2022-03-14 10:00:00+00:00,1.79761004447937,1.800529956817627,1.7973099946975708,1.8001500368118286
2022-03-14 11:00:00+00:00,1.8001600503921509,1.8013999462127686,1.7972099781036377,1.8008400201797483
2022-03-14 12:00:00+00:00,1.800879955291748,1.8053200244903564,1.799180030822754,1.803189992904663
2022-03-14 13:00:00+00:00,1.803189992904663,1.805050015449524,1.801560044288636,1.8041900396347048
2022-03-14 14:00:00+00:00,1.8041800260543823,1.8048700094223025,1.7995200157165527,1.801200032234192
2022-03-14 15:00:00+00:00,1.8011300563812256,1.8055499792099,1.8002899885177612,1.8046300411224363
2022-03-14 16:00:00+00:00,1.8046499490737915,1.807070016860962,1.8025699853897093,1.80594003200531
2022-03-14 17:00:00+00:00,1.80594003200531,1.8093899488449097,1.8052599430084229,1.809000015258789
2022-03-14 18:00:00+00:00,1.8090900182724,1.8097000122070312,1.8067599534988403,1.809450030326844
2022-03-14 19:00:00+00:00,1.8094899654388428,1.809540033340454,1.8052300214767456,1.806560039520264
2022-03-14 20:00:00+00:00,1.8066600561141968,1.8089300394058228,1.8057199716567995,1.8085999488830569
2022-03-14 21:00:00+00:00,1.8078900575637813,1.8091200590133667,1.802449941635132,1.8079500198364256
2022-03-14 22:00:00+00:00,1.8079400062561035,1.808590054512024,1.804710030555725,1.8058799505233765
2022-03-14 23:00:00+00:00,1.805899977684021,1.80788004398346,1.805649995803833,1.8072199821472168
2022-03-15 00:00:00+00:00,1.8072099685668943,1.809559941291809,1.805830001831055,1.8093299865722656
2022-03-15 01:00:00+00:00,1.8093600273132324,1.8145999908447263,1.808380007743836,1.8135299682617188
2022-03-15 02:00:00+00:00,1.8135900497436523,1.8151799440383911,1.8104000091552728,1.8147399425506592
2022-03-15 03:00:00+00:00,1.814810037612915,1.815199971199036,1.8125300407409668,1.8149299621582031
2022-03-15 04:00:00+00:00,1.8149399757385247,1.8169699907302856,1.813629984855652,1.8148200511932373
2022-03-15 05:00:00+00:00,1.81482994556427,1.817229986190796,1.81482994556427,1.8165099620819087
2022-03-15 06:00:00+00:00,1.816540002822876,1.816920042037964,1.8139100074768064,1.81676995754242
2022-03-15 07:00:00+00:00,1.8168200254440308,1.817710041999817,1.811339974403381,1.811920046806336
2022-03-15 08:00:00+00:00,1.81181001663208,1.8126699924469,1.8079899549484253,1.8118200302124023
2022-03-15 09:00:00+00:00,1.8118200302124023,1.8156800270080569,1.810930013656616,1.814219951629639
2022-03-15 10:00:00+00:00,1.814219951629639,1.814759969711304,1.8100500106811523,1.81046998500824
2022-03-15 11:00:00+00:00,1.810539960861206,1.814020037651062,1.8101799488067627,1.811110019683838
2022-03-15 12:00:00+00:00,1.811079978942871,1.8137199878692627,1.810220003128052,1.8127199411392207
2022-03-15 13:00:00+00:00,1.8127199411392207,1.813830018043518,1.8093899488449097,1.8100600242614744
2022-03-15 14:00:00+00:00,1.81003999710083,1.8113800287246704,1.808109998703003,1.811239957809448
2022-03-15 15:00:00+00:00,1.811229944229126,1.81676995754242,1.8101400136947632,1.8158299922943115
2022-03-15 16:00:00+00:00,1.8158700466156008,1.8164199590682983,1.8134900331497192,1.8157000541687007
2022-03-15 17:00:00+00:00,1.8156700134277344,1.8158799409866333,1.8130099773406985,1.814579963684082
2022-03-15 18:00:00+00:00,1.814579963684082,1.815310001373291,1.8122999668121336,1.8125499486923216
2022-03-15 19:00:00+00:00,1.8126499652862549,1.8129500150680544,1.811079978942871,1.8123199939727783
2022-03-15 20:00:00+00:00,1.812250018119812,1.8129600286483765,1.811239957809448,1.812190055847168
2022-03-15 21:00:00+00:00,1.8118799924850464,1.813109993934632,1.809440016746521,1.81112003326416
2022-03-15 22:00:00+00:00,1.8114500045776367,1.813760042190552,1.810969948768616,1.8132100105285645
2022-03-15 23:00:00+00:00,1.8131500482559204,1.8143800497055047,1.8117799758911133,1.814129948616028
2022-03-16 00:00:00+00:00,1.814200043678284,1.8160300254821773,1.8128999471664429,1.815639972686768
2022-03-16 01:00:00+00:00,1.815639972686768,1.815659999847412,1.812209963798523,1.8123199939727783
2022-03-16 02:00:00+00:00,1.8127100467681885,1.812809944152832,1.810269951820373,1.8118900060653689
2022-03-16 03:00:00+00:00,1.8119399547576904,1.813480019569397,1.8116999864578247,1.8128700256347656
2022-03-16 04:00:00+00:00,1.812809944152832,1.8132200241088867,1.810520052909851,1.8108400106430047
2022-03-16 05:00:00+00:00,1.8107600212097168,1.81141996383667,1.8069599866867063,1.8077800273895264
2022-03-16 06:00:00+00:00,1.80774998664856,1.8078399896621704,1.8049800395965576,1.805989980697632
2022-03-16 07:00:00+00:00,1.805999994277954,1.8068000078201287,1.8041000366210933,1.806190013885498
2022-03-16 08:00:00+00:00,1.8062200546264648,1.80757999420166,1.8046900033950808,1.806130051612854
2022-03-16 09:00:00+00:00,1.806149959564209,1.8081599473953247,1.8054499626159668,1.806310057640076
2022-03-16 10:00:00+00:00,1.8062800168991089,1.806740045547485,1.802389979362488,1.802770018577576
2022-03-16 11:00:00+00:00,1.8028099536895752,1.8067899942398071,1.8022300004959104,1.8056600093841555
2022-03-16 12:00:00+00:00,1.805690050125122,1.8064099550247192,1.8036400079727173,1.8050800561904907
2022-03-16 13:00:00+00:00,1.804909944534301,1.8062200546264648,1.8000199794769287,1.80076003074646
2022-03-16 14:00:00+00:00,1.8007700443267822,1.80692994594574,1.8002699613571167,1.8066699504852293
2022-03-16 15:00:00+00:00,1.8066699504852293,1.8092000484466555,1.8037500381469729,1.8059500455856323
2022-03-16 16:00:00+00:00,1.8059500455856323,1.8083000183105469,1.8054200410842896,1.807800054550171
2022-03-16 17:00:00+00:00,1.807850003242493,1.8079099655151367,1.804229974746704,1.80499005317688
2022-03-16 18:00:00+00:00,1.804970026016236,1.809999942779541,1.804280042648316,1.8057700395584104
2022-03-16 19:00:00+00:00,1.8055599927902224,1.807610034942627,1.8020700216293333,1.8024799823760984
2022-03-16 20:00:00+00:00,1.802459955215454,1.8054399490356443,1.8016599416732788,1.8029099702835083
2022-03-16 21:00:00+00:00,1.803040027618408,1.8046900033950808,1.80171000957489,1.803189992904663
2022-03-16 22:00:00+00:00,1.8029500246047967,1.804229974746704,1.7997599840164185,1.801550030708313
2022-03-16 23:00:00+00:00,1.8015999794006348,1.8035900592803955,1.801120042800903,1.8027399778366089
2022-03-17 00:00:00+00:00,1.8027600049972528,1.802970051765442,1.7974599599838257,1.798069953918457
2022-03-17 01:00:00+00:00,1.798140048980713,1.80351996421814,1.796419978141785,1.8017699718475344
2022-03-17 02:00:00+00:00,1.8017799854278564,1.801929950714112,1.797819972038269,1.7991900444030762
2022-03-17 03:00:00+00:00,1.7991900444030762,1.8007400035858154,1.7977800369262695,1.7989699840545654
2022-03-17 04:00:00+00:00,1.7990000247955322,1.7995699644088743,1.7974200248718262,1.797819972038269
2022-03-17 05:00:00+00:00,1.797860026359558,1.8007899522781372,1.7974300384521484,1.7989699840545654
2022-03-17 06:00:00+00:00,1.79885995388031,1.801609992980957,1.7984600067138672,1.8015999794006348
2022-03-17 07:00:00+00:00,1.801609992980957,1.8027399778366089,1.7994699478149414,1.799649953842163
2022-03-17 08:00:00+00:00,1.7996400594711304,1.8002400398254397,1.7978999614715576,1.7995599508285522
2022-03-17 09:00:00+00:00,1.7996400594711304,1.8002699613571167,1.7959200143814087,1.7966200113296509
2022-03-17 10:00:00+00:00,1.7965600490570068,1.79830002784729,1.7952100038528442,1.7963299751281738
2022-03-17 11:00:00+00:00,1.7963299751281738,1.8001699447631836,1.795549988746643,1.7991399765014648
2022-03-17 12:00:00+00:00,1.798930048942566,1.7992299795150757,1.7824599742889404,1.783519983291626
2022-03-17 13:00:00+00:00,1.7835400104522705,1.7869999408721924,1.7828500270843506,1.7849400043487549
2022-03-17 14:00:00+00:00,1.7851300239562988,1.786149978637695,1.7825100421905518,1.784749984741211
2022-03-17 15:00:00+00:00,1.7847299575805664,1.7849299907684326,1.7800699472427368,1.780949950218201
2022-03-17 16:00:00+00:00,1.7809300422668457,1.782389998435974,1.7794100046157837,1.7818399667739868
2022-03-17 17:00:00+00:00,1.781849980354309,1.782379984855652,1.7806999683380127,1.7814099788665771
2022-03-17 18:00:00+00:00,1.7815099954605105,1.7841099500656128,1.7812700271606443,1.7830899953842163
2022-03-17 19:00:00+00:00,1.7830300331115725,1.7833800315856934,1.7811100482940674,1.7825700044631958
2022-03-17 20:00:00+00:00,1.782520055770874,1.7830400466918943,1.7815099954605105,1.7824100255966189
2022-03-17 21:00:00+00:00,1.7817100286483765,1.7840100526809692,1.7812600135803225,1.7819299697875977
2022-03-17 22:00:00+00:00,1.7821099758148191,1.7830899953842163,1.7815099954605105,1.7827800512313845
2022-03-17 23:00:00+00:00,1.7829500436782837,1.784119963645935,1.7819900512695312,1.782580018043518
2022-03-18 00:00:00+00:00,1.7826900482177734,1.7837300300598145,1.7815200090408323,1.783400058746338
2022-03-18 01:00:00+00:00,1.7834099531173706,1.7834899425506592,1.7810300588607788,1.7826199531555176
2022-03-18 02:00:00+00:00,1.7826900482177734,1.7848399877548218,1.7824100255966189,1.7841999530792236
2022-03-18 03:00:00+00:00,1.7841999530792236,1.784409999847412,1.783120036125183,1.7838300466537476
2022-03-18 04:00:00+00:00,1.7838399410247805,1.7838799953460691,1.7819499969482422,1.7824499607086182
2022-03-18 05:00:00+00:00,1.782439947128296,1.7829999923706057,1.7790900468826294,1.780140042304993
2022-03-18 06:00:00+00:00,1.7801899909973145,1.780310034751892,1.7762099504470823,1.777250051498413
2022-03-18 07:00:00+00:00,1.7772400379180908,1.780940055847168,1.776919960975647,1.7777999639511108
2022-03-18 08:00:00+00:00,1.777809977531433,1.78193998336792,1.7770999670028689,1.780769944190979
2022-03-18 09:00:00+00:00,1.780809998512268,1.7814500331878662,1.7792099714279177,1.7812600135803225
2022-03-18 10:00:00+00:00,1.7813600301742554,1.782080054283142,1.7776399850845337,1.7795599699020386
2022-03-18 11:00:00+00:00,1.7795599699020386,1.7798500061035156,1.7779300212860107,1.779099941253662
2022-03-18 12:00:00+00:00,1.779189944267273,1.7812999486923218,1.778040051460266,1.779530048370361
2022-03-18 13:00:00+00:00,1.779530048370361,1.781980037689209,1.7772200107574463,1.779289960861206
2022-03-18 14:00:00+00:00,1.7792799472808838,1.7804800271987915,1.7752000093460083,1.776859998703003
2022-03-18 15:00:00+00:00,1.7769299745559692,1.7801599502563477,1.7748600244522097,1.7790700197219849
2022-03-18 16:00:00+00:00,1.7790700197219849,1.7806700468063354,1.7778899669647217,1.7796299457550049
2022-03-18 17:00:00+00:00,1.7796499729156494,1.7802599668502808,1.777459979057312,1.7787100076675415
2022-03-18 18:00:00+00:00,1.7787699699401855,1.7802000045776367,1.778090000152588,1.7799700498580933
2022-03-18 19:00:00+00:00,1.7800400257110596,1.780269980430603,1.7777199745178225,1.7784099578857422
2022-03-18 20:00:00+00:00,1.7785099744796753,1.7790100574493408,1.7755500078201294,1.776520013809204
2022-03-18 21:00:00+00:00,1.777459979057312,1.777459979057312,1.777459979057312,1.777459979057312
2022-03-21 00:00:00+00:00,1.7758899927139282,1.776600003242493,1.7739100456237793,1.774899959564209
2022-03-21 01:00:00+00:00,1.774829983711243,1.775990009307861,1.7733900547027588,1.7750200033187866
2022-03-21 02:00:00+00:00,1.7750699520111084,1.7778600454330444,1.7749099731445312,1.7769999504089355
2022-03-21 03:00:00+00:00,1.77701997756958,1.779270052909851,1.7764699459075928,1.778040051460266
2022-03-21 04:00:00+00:00,1.7780300378799438,1.7784099578857422,1.7758100032806396,1.7765400409698486
2022-03-21 05:00:00+00:00,1.776600003242493,1.778349995613098,1.776110053062439,1.7777199745178225
2022-03-21 06:00:00+00:00,1.7777099609375,1.7786200046539309,1.7768700122833252,1.7773000001907349
2022-03-21 07:00:00+00:00,1.7773000001907349,1.7813800573349,1.776579976081848,1.778370022773743
2022-03-21 08:00:00+00:00,1.7783900499343872,1.7800999879837036,1.7777299880981443,1.7782800197601318
2022-03-21 09:00:00+00:00,1.7782599925994873,1.781880021095276,1.7771300077438354,1.7811199426651
2022-03-21 10:00:00+00:00,1.7811199426651,1.7819199562072754,1.779189944267273,1.7796599864959717
2022-03-21 11:00:00+00:00,1.7796299457550049,1.7805299758911133,1.7778899669647217,1.779129981994629
2022-03-21 12:00:00+00:00,1.7791099548339844,1.7791999578475952,1.7760000228881836,1.7763999700546265
2022-03-21 13:00:00+00:00,1.7764300107955933,1.7790299654006958,1.7760299444198608,1.7779500484466553
2022-03-21 14:00:00+00:00,1.778339982032776,1.7812700271606443,1.777340054512024,1.780150055885315
2022-03-21 15:00:00+00:00,1.780150055885315,1.78193998336792,1.7791999578475952,1.779780030250549
2022-03-21 16:00:00+00:00,1.779780030250549,1.7839299440383911,1.7789000272750854,1.7826499938964844
2022-03-21 17:00:00+00:00,1.7827500104904177,1.7842600345611572,1.7810900211334229,1.781559944152832
2022-03-21 18:00:00+00:00,1.7815799713134766,1.7817800045013428,1.779099941253662,1.7804100513458252
2022-03-21 19:00:00+00:00,1.7804900407791138,1.781000018119812,1.7783199548721311,1.7791199684143066
2022-03-21 20:00:00+00:00,1.7791199684143066,1.7799099683761597,1.7779899835586548,1.7790900468826294
2022-03-21 21:00:00+00:00,1.7782399654388428,1.7807300090789795,1.7778600454330444,1.7793300151824951
2022-03-21 22:00:00+00:00,1.7793300151824951,1.779729962348938,1.7776399850845337,1.7794500589370728
2022-03-21 23:00:00+00:00,1.7794899940490725,1.780750036239624,1.7786799669265747,1.7804399728775024
2022-03-22 00:00:00+00:00,1.7805299758911133,1.7809100151062012,1.778599977493286,1.7791399955749512
2022-03-22 01:00:00+00:00,1.7791399955749512,1.78193998336792,1.7784199714660645,1.78193998336792
2022-03-22 02:00:00+00:00,1.7818599939346311,1.781999945640564,1.7788900136947632,1.7798999547958374
2022-03-22 03:00:00+00:00,1.7799099683761597,1.780400037765503,1.7764999866485596,1.77715003490448
2022-03-22 04:00:00+00:00,1.7771999835968018,1.777500033378601,1.7744499444961548,1.7769999504089355
2022-03-22 05:00:00+00:00,1.7769900560379028,1.7792500257492063,1.7752799987792969,1.7758599519729614
2022-03-22 06:00:00+00:00,1.7758500576019287,1.7784099578857422,1.7756099700927734,1.7781800031661987
2022-03-22 07:00:00+00:00,1.7781699895858765,1.7794100046157837,1.776769995689392,1.77839994430542
2022-03-22 08:00:00+00:00,1.7784700393676758,1.7797900438308716,1.7765100002288818,1.778980016708374
2022-03-22 09:00:00+00:00,1.7790700197219849,1.7797900438308716,1.7771600484848022,1.777690052986145
2022-03-22 10:00:00+00:00,1.7776700258255005,1.779129981994629,1.776010036468506,1.7788100242614746
2022-03-22 11:00:00+00:00,1.7787799835205078,1.7808599472045898,1.7783600091934204,1.779780030250549
2022-03-22 12:00:00+00:00,1.779780030250549,1.7811299562454224,1.7778400182724,1.7789499759674072
2022-03-22 13:00:00+00:00,1.7789700031280518,1.7816699743270874,1.7777700424194336,1.7813199758529663
2022-03-22 14:00:00+00:00,1.7813400030136108,1.7821799516677856,1.7794500589370728,1.780940055847168
2022-03-22 15:00:00+00:00,1.7810100317001345,1.7831699848175049,1.779579997062683,1.7828799486160278
2022-03-22 16:00:00+00:00,1.7828600406646729,1.7832800149917605,1.7809100151062012,1.7812999486923218
2022-03-22 17:00:00+00:00,1.781309962272644,1.7817000150680542,1.777899980545044,1.778689980506897
2022-03-22 18:00:00+00:00,1.778689980506897,1.7794400453567505,1.7763299942016602,1.7769299745559692
2022-03-22 19:00:00+00:00,1.7769299745559692,1.7770600318908691,1.7750699520111084,1.7755099534988403
2022-03-22 20:00:00+00:00,1.775570034980774,1.7759499549865725,1.7744200229644775,1.7752699851989746
2022-03-22 21:00:00+00:00,1.7752799987792969,1.7766400575637815,1.773800015449524,1.776020050048828
2022-03-22 22:00:00+00:00,1.7760000228881836,1.7762900590896606,1.7736999988555908,1.7755800485610962
2022-03-22 23:00:00+00:00,1.775570034980774,1.7776600122451782,1.7742899656295776,1.777519941329956
2022-03-23 00:00:00+00:00,1.7776299715042114,1.7811700105667114,1.7768700122833252,1.7803000211715698
2022-03-23 01:00:00+00:00,1.7802400588989258,1.7816699743270874,1.7790299654006958,1.779710054397583
2022-03-23 02:00:00+00:00,1.779770016670227,1.7809200286865234,1.7771300077438354,1.7787699699401855
2022-03-23 03:00:00+00:00,1.7788100242614746,1.781599998474121,1.7784700393676758,1.781059980392456
2022-03-23 04:00:00+00:00,1.7814099788665771,1.7820500135421753,1.778689980506897,1.7804299592971802
2022-03-23 05:00:00+00:00,1.7804100513458252,1.7819199562072754,1.7799700498580933,1.780329942703247
2022-03-23 06:00:00+00:00,1.7803200483322144,1.7814500331878662,1.77878999710083,1.7793300151824951
2022-03-23 07:00:00+00:00,1.7793400287628174,1.7806299924850464,1.777359962463379,1.7775599956512451
2022-03-23 08:00:00+00:00,1.7775599956512451,1.777690052986145,1.7722899913787842,1.7725800275802612
2022-03-23 09:00:00+00:00,1.7725800275802612,1.7733700275421145,1.7683600187301636,1.7691199779510498
2022-03-23 10:00:00+00:00,1.7691099643707275,1.7700400352478027,1.7677600383758545,1.7685500383377075
2022-03-23 11:00:00+00:00,1.768630027770996,1.7690600156784058,1.765339970588684,1.7663899660110474
2022-03-23 12:00:00+00:00,1.766409993171692,1.7682199478149414,1.7651000022888184,1.7675100564956665
2022-03-23 13:00:00+00:00,1.7675600051879885,1.7695599794387815,1.766080021858215,1.7661499977111816
2022-03-23 14:00:00+00:00,1.766219973564148,1.7671200037002563,1.7624800205230713,1.7637100219726562
2022-03-23 15:00:00+00:00,1.763700008392334,1.7644100189208984,1.761080026626587,1.761989951133728
2022-03-23 16:00:00+00:00,1.7620699405670166,1.7632399797439575,1.760540008544922,1.76078999042511
2022-03-23 17:00:00+00:00,1.7608400583267212,1.7625800371170044,1.7603399753570557,1.7614500522613523
2022-03-23 18:00:00+00:00,1.7614599466323853,1.7618600130081177,1.7586899995803833,1.7591999769210815
2022-03-23 19:00:00+00:00,1.7591999769210815,1.76187002658844,1.7589800357818604,1.761379957199097
2022-03-23 20:00:00+00:00,1.7613999843597412,1.7615200281143188,1.7596100568771362,1.7607500553131104
2022-03-23 21:00:00+00:00,1.760759949684143,1.7620699405670166,1.7592400312423706,1.760640025138855
2022-03-23 22:00:00+00:00,1.7606899738311768,1.7637399435043335,1.7600599527359009,1.762779951095581
2022-03-23 23:00:00+00:00,1.762809991836548,1.763159990310669,1.7604899406433103,1.7610299587249756
2022-03-24 00:00:00+00:00,1.760890007019043,1.7636699676513672,1.7599300146102903,1.7613400220870972
2022-03-24 01:00:00+00:00,1.7613600492477417,1.7629200220108032,1.7588800191879272,1.760259985923767
2022-03-24 02:00:00+00:00,1.7602200508117676,1.7613099813461304,1.759060025215149,1.7612199783325195
2022-03-24 03:00:00+00:00,1.7611900568008425,1.7640600204467771,1.7606099843978882,1.763890027999878
2022-03-24 04:00:00+00:00,1.7638700008392334,1.7662800550460815,1.7620999813079834,1.7652499675750732
2022-03-24 05:00:00+00:00,1.7652599811553955,1.7653299570083618,1.7606199979782104,1.7615599632263184
2022-03-24 06:00:00+00:00,1.7616100311279297,1.7653700113296509,1.761379957199097,1.7643200159072876
2022-03-24 07:00:00+00:00,1.7643699645996094,1.7657400369644165,1.7624499797821045,1.7628400325775146
2022-03-24 08:00:00+00:00,1.7628400325775146,1.764299988746643,1.761240005493164,1.7618199586868286
2022-03-24 09:00:00+00:00,1.761780023574829,1.7630000114440918,1.7601399421691897,1.7614699602127075
2022-03-24 10:00:00+00:00,1.7614799737930298,1.7628799676895142,1.7602299451828003,1.7612099647521973
2022-03-24 11:00:00+00:00,1.7612299919128418,1.7630800008773804,1.76010000705719,1.7615400552749634
2022-03-24 12:00:00+00:00,1.761579990386963,1.7635400295257568,1.759960055351257,1.7613400220870972
2022-03-24 13:00:00+00:00,1.7613199949264526,1.7618900537490845,1.7572200298309326,1.7585099935531616
2022-03-24 14:00:00+00:00,1.7585099935531616,1.7585999965667725,1.7524800300598145,1.753159999847412
2022-03-24 15:00:00+00:00,1.7531499862670898,1.7576299905776978,1.752650022506714,1.7563300132751465
2022-03-24 16:00:00+00:00,1.7563400268554688,1.75872004032135,1.755370020866394,1.757789969444275
2022-03-24 17:00:00+00:00,1.7577500343322754,1.7582000494003296,1.7544499635696411,1.7544499635696411
2022-03-24 18:00:00+00:00,1.7548099756240845,1.755370020866394,1.7526400089263916,1.7547600269317627
2022-03-24 19:00:00+00:00,1.7548799514770508,1.7555500268936155,1.7542500495910645,1.7552800178527832
2022-03-24 20:00:00+00:00,1.75531005859375,1.7554199695587158,1.754040002822876,1.755079984664917
2022-03-24 21:00:00+00:00,1.7550699710845947,1.7563999891281128,1.7531800270080566,1.7547500133514404
2022-03-24 22:00:00+00:00,1.7545100450515747,1.7557599544525146,1.7537599802017212,1.7551599740982056
2022-03-24 23:00:00+00:00,1.7552000284194946,1.7567299604415894,1.7545499801635742,1.7566499710083008
2022-03-25 00:00:00+00:00,1.756780028343201,1.7578999996185305,1.7555400133132937,1.757599949836731
2022-03-25 01:00:00+00:00,1.7576899528503418,1.7577099800109863,1.755270004272461,1.7561099529266355
2022-03-25 02:00:00+00:00,1.7560800313949585,1.757789969444275,1.7549099922180176,1.7576299905776978
2022-03-25 03:00:00+00:00,1.7575900554656982,1.7576899528503418,1.7551000118255615,1.7559700012207031
2022-03-25 04:00:00+00:00,1.7559700012207031,1.7581100463867188,1.7554700374603271,1.7569600343704224
2022-03-25 05:00:00+00:00,1.7569500207901,1.7586400508880615,1.75600004196167,1.756369948387146
2022-03-25 06:00:00+00:00,1.7563600540161133,1.7565100193023682,1.752879977226257,1.7555299997329712
2022-03-25 07:00:00+00:00,1.755519986152649,1.759310007095337,1.7546099424362185,1.7563400268554688
2022-03-25 08:00:00+00:00,1.756350040435791,1.7576600313186646,1.753499984741211,1.7538000345230105
2022-03-25 09:00:00+00:00,1.7537200450897217,1.7557400465011597,1.752869963645935,1.7533799409866333
2022-03-25 10:00:00+00:00,1.7533400058746338,1.7555299997329712,1.7520099878311155,1.7554700374603271
2022-03-25 11:00:00+00:00,1.7554600238800049,1.756600022315979,1.7546600103378296,1.7564899921417236
2022-03-25 12:00:00+00:00,1.7565100193023682,1.7574800252914429,1.7544900178909302,1.7551900148391724
2022-03-25 13:00:00+00:00,1.7552800178527832,1.756250023841858,1.752560019493103,1.7557100057601929
2022-03-25 14:00:00+00:00,1.7558300495147705,1.7577199935913086,1.7547399997711182,1.7571699619293213
2022-03-25 15:00:00+00:00,1.757140040397644,1.759369969367981,1.754520058631897,1.7588399648666382
2022-03-25 16:00:00+00:00,1.7588399648666382,1.759269952774048,1.7540099620819092,1.754330039024353
2022-03-25 17:00:00+00:00,1.754330039024353,1.7556699514389038,1.7538100481033323,1.7553399801254272
2022-03-25 18:00:00+00:00,1.7555099725723269,1.7555500268936155,1.7523599863052368,1.7526700496673584
2022-03-25 19:00:00+00:00,1.7526700496673584,1.754979968070984,1.75246000289917,1.7526799440383911
2022-03-25 20:00:00+00:00,1.7527300119400024,1.754580020904541,1.7516900300979614,1.7534099817276
2022-03-25 21:00:00+00:00,1.7544399499893188,1.7555700540542605,1.7544399499893188,1.7555700540542605
2022-03-25 22:00:00+00:00,1.7556400299072266,1.7556400299072266,1.7556400299072266,1.7556400299072266
2022-03-28 00:00:00+01:00,1.752709984779358,1.7529900074005127,1.751270055770874,1.7522900104522705
2022-03-28 01:00:00+01:00,1.752269983291626,1.7536300420761108,1.750480055809021,1.7530399560928345
2022-03-28 02:00:00+01:00,1.753129959106445,1.754649996757507,1.751829981803894,1.7525700330734253
2022-03-28 03:00:00+01:00,1.752519965171814,1.7527400255203247,1.748890042304993,1.749459981918335
2022-03-28 04:00:00+01:00,1.7494800090789795,1.750499963760376,1.7473700046539309,1.7479100227355957
2022-03-28 05:00:00+01:00,1.7479000091552734,1.7482600212097168,1.7459700107574463,1.7475800514221191
2022-03-28 06:00:00+01:00,1.7475299835205078,1.7486399412155151,1.7457200288772583,1.7475600242614746
2022-03-28 07:00:00+01:00,1.7475500106811523,1.7504099607467651,1.7469799518585205,1.750300049781799
2022-03-28 08:00:00+01:00,1.7503199577331543,1.751099944114685,1.7453700304031372,1.7463699579238892
2022-03-28 09:00:00+01:00,1.7463899850845337,1.7481600046157837,1.7440999746322632,1.7480000257492063
2022-03-28 10:00:00+01:00,1.7480800151824951,1.748960018157959,1.7444000244140625,1.745319962501526
2022-03-28 11:00:00+01:00,1.745319962501526,1.7513999938964844,1.7446999549865725,1.7496000528335571
2022-03-28 12:00:00+01:00,1.7496000528335571,1.7498400211334229,1.7444700002670288,1.7460099458694458
2022-03-28 13:00:00+01:00,1.7460500001907349,1.7461700439453125,1.7427799701690674,1.7452499866485596
2022-03-28 14:00:00+01:00,1.745329976081848,1.7503399848937988,1.744989991188049,1.7497800588607788
2022-03-28 15:00:00+01:00,1.7497700452804563,1.751479983329773,1.7490099668502808,1.7496099472045898
2022-03-28 16:00:00+01:00,1.7496299743652344,1.750499963760376,1.7474199533462524,1.749109983444214
2022-03-28 17:00:00+01:00,1.749119997024536,1.7493900060653689,1.7464599609375,1.7467399835586548
2022-03-28 18:00:00+01:00,1.7467399835586548,1.74836003780365,1.746340036392212,1.747339963912964
2022-03-28 19:00:00+01:00,1.7473700046539309,1.747599959373474,1.7453999519348145,1.7461899518966677
2022-03-28 20:00:00+01:00,1.7462799549102783,1.7493799924850464,1.745710015296936,1.747089982032776
2022-03-28 21:00:00+01:00,1.74714994430542,1.7481800317764282,1.7459900379180908,1.7465900182724
2022-03-28 22:00:00+01:00,1.7465900182724,1.748579978942871,1.7457000017166138,1.747979998588562
2022-03-28 23:00:00+01:00,1.748110055923462,1.748710036277771,1.7466000318527222,1.7473299503326416
2022-03-29 00:00:00+01:00,1.7476199865341189,1.7477600574493408,1.7450599670410156,1.7471699714660645
2022-03-29 01:00:00+01:00,1.747230052947998,1.7507799863815308,1.7464900016784668,1.7497700452804563
2022-03-29 02:00:00+01:00,1.749899983406067,1.7509599924087524,1.7481399774551392,1.748810052871704
2022-03-29 03:00:00+01:00,1.7487800121307373,1.7499200105667114,1.7477400302886963,1.748829960823059
2022-03-29 04:00:00+01:00,1.7487200498580933,1.7514100074768066,1.748280048370361,1.7501499652862549
2022-03-29 05:00:00+01:00,1.7501499652862549,1.7504899501800537,1.7488499879837036,1.7499500513076782
2022-03-29 06:00:00+01:00,1.749959945678711,1.7502100467681885,1.7459800243377686,1.746649980545044
2022-03-29 07:00:00+01:00,1.7466599941253662,1.7481199502944946,1.743399977684021,1.744629979133606
2022-03-29 08:00:00+01:00,1.7446500062942505,1.746019959449768,1.7424099445343018,1.745319962501526
2022-03-29 09:00:00+01:00,1.7453399896621704,1.7482600212097168,1.7445800304412842,1.7454999685287476
2022-03-29 10:00:00+01:00,1.745460033416748,1.7472000122070312,1.743899941444397,1.7446199655532837
2022-03-29 11:00:00+01:00,1.744760036468506,1.7481600046157837,1.7442500591278076,1.7470200061798096
2022-03-29 12:00:00+01:00,1.747040033340454,1.751109957695007,1.7434500455856323,1.749269962310791
2022-03-29 13:00:00+01:00,1.7492899894714355,1.7619999647140503,1.748460054397583,1.7567600011825562
2022-03-29 14:00:00+01:00,1.756659984588623,1.7581700086593628,1.7530399560928345,1.753440022468567
2022-03-29 15:00:00+01:00,1.7533400058746338,1.754390001296997,1.7498899698257446,1.750749945640564
2022-03-29 16:00:00+01:00,1.750599980354309,1.75246000289917,1.7486200332641602,1.7490899562835691
2022-03-29 17:00:00+01:00,1.7492400407791138,1.7505099773406982,1.746150016784668,1.7474700212478638
2022-03-29 18:00:00+01:00,1.7473900318145752,1.7476199865341189,1.744189977645874,1.7452399730682373
2022-03-29 19:00:00+01:00,1.7453399896621704,1.7455999851226809,1.7419300079345703,1.7427599430084229
2022-03-29 20:00:00+01:00,1.7425700426101685,1.744230031967163,1.741860032081604,1.743280053138733
2022-03-29 21:00:00+01:00,1.7431600093841553,1.744189977645874,1.7422900199890137,1.7425800561904907
2022-03-29 22:00:00+01:00,1.7426999807357788,1.7447199821472168,1.7414599657058716,1.743399977684021
2022-03-29 23:00:00+01:00,1.7436100244522097,1.7441799640655518,1.740440011024475,1.7416900396347046
2022-03-30 00:00:00+01:00,1.7417000532150269,1.7428200244903564,1.740939974784851,1.7423399686813354
2022-03-30 01:00:00+01:00,1.7423499822616575,1.7449699640274048,1.7416499853134155,1.7439299821853638
2022-03-30 02:00:00+01:00,1.7439899444580078,1.7460399866104126,1.7425800561904907,1.7431800365447998
2022-03-30 03:00:00+01:00,1.7432899475097656,1.74521005153656,1.742169976234436,1.7446999549865725
2022-03-30 04:00:00+01:00,1.744760036468506,1.74576997756958,1.7426300048828125,1.74344003200531
2022-03-30 05:00:00+01:00,1.7434200048446655,1.7434899806976318,1.739799976348877,1.7409299612045288
2022-03-30 06:00:00+01:00,1.7409299612045288,1.7428900003433228,1.7395299673080444,1.7424099445343018
2022-03-30 07:00:00+01:00,1.742419958114624,1.7434899806976318,1.7405200004577637,1.7425600290298462
2022-03-30 08:00:00+01:00,1.742550015449524,1.7475700378417969,1.7407900094985962,1.746899962425232
2022-03-30 09:00:00+01:00,1.7468199729919434,1.7494200468063354,1.7453800439834597,1.748710036277771
2022-03-30 10:00:00+01:00,1.7488000392913818,1.7521699666976929,1.7475600242614746,1.7506799697875977
2022-03-30 11:00:00+01:00,1.75068998336792,1.7512999773025513,1.7449699640274048,1.7465900182724
2022-03-30 12:00:00+01:00,1.7465900182724,1.750349998474121,1.7451200485229492,1.7501800060272217
2022-03-30 13:00:00+01:00,1.750309944152832,1.7529200315475464,1.7486799955368042,1.7500799894332886
2022-03-30 14:00:00+01:00,1.7501200437545776,1.7523800134658811,1.7475299835205078,1.7516000270843506
2022-03-30 15:00:00+01:00,1.7516000270843506,1.7524199485778809,1.7488499879837036,1.7501699924468994
2022-03-30 16:00:00+01:00,1.7502000331878662,1.7532700300216677,1.7501300573349,1.751420021057129
2022-03-30 17:00:00+01:00,1.751479983329773,1.7519099712371826,1.7479499578475952,1.7486000061035156
2022-03-30 18:00:00+01:00,1.7486000061035156,1.749079942703247,1.747089982032776,1.747499942779541
2022-03-30 19:00:00+01:00,1.7475600242614746,1.749940037727356,1.7467999458312988,1.7497999668121338
2022-03-30 20:00:00+01:00,1.7498400211334229,1.7504899501800537,1.748289942741394,1.7488399744033811
2022-03-30 21:00:00+01:00,1.7488399744033811,1.7489900588989258,1.747789978981018,1.7485899925231934
2022-03-30 22:00:00+01:00,1.748289942741394,1.7490500211715698,1.7466599941253662,1.7483199834823608
2022-03-30 23:00:00+01:00,1.7483099699020386,1.75,1.747249960899353,1.7498699426651
2022-03-31 00:00:00+01:00,1.7499500513076782,1.752210021018982,1.749019980430603,1.75108003616333
2022-03-31 01:00:00+01:00,1.751139998435974,1.7514400482177734,1.7457599639892578,1.7495900392532349
2022-03-31 02:00:00+01:00,1.7496000528335571,1.7511500120162964,1.7487200498580933,1.7498899698257446
2022-03-31 03:00:00+01:00,1.7498699426651,1.749940037727356,1.748170018196106,1.748870015144348
2022-03-31 04:00:00+01:00,1.748870015144348,1.7527300119400024,1.748289942741394,1.7520699501037598
2022-03-31 05:00:00+01:00,1.752020001411438,1.7530499696731567,1.7511800527572632,1.7530100345611572
2022-03-31 06:00:00+01:00,1.753000020980835,1.7538100481033323,1.751479983329773,1.7537100315093994
2022-03-31 07:00:00+01:00,1.7538100481033323,1.7573399543762207,1.752910017967224,1.7564599514007568
2022-03-31 08:00:00+01:00,1.7564799785614014,1.758739948272705,1.754670023918152,1.7550499439239502
2022-03-31 09:00:00+01:00,1.7550499439239502,1.7574100494384766,1.7536300420761108,1.754830002784729
2022-03-31 10:00:00+01:00,1.7548400163650513,1.756659984588623,1.7512600421905518,1.7525999546051023
2022-03-31 11:00:00+01:00,1.752500057220459,1.753209948539734,1.7502599954605105,1.7516800165176392
2022-03-31 12:00:00+01:00,1.7517600059509275,1.7543699741363523,1.7515499591827393,1.7539900541305542
2022-03-31 13:00:00+01:00,1.7540099620819092,1.7543599605560305,1.7513699531555176,1.753440022468567
2022-03-31 14:00:00+01:00,1.7534500360488892,1.753640055656433,1.7486900091171265,1.7512600421905518
2022-03-31 15:00:00+01:00,1.751330018043518,1.7538199424743652,1.7499200105667114,1.7528200149536133
2022-03-31 16:00:00+01:00,1.7529699802398682,1.75478994846344,1.751579999923706,1.7538599967956543
2022-03-31 17:00:00+01:00,1.7538599967956543,1.754639983177185,1.7522399425506592,1.752650022506714
2022-03-31 18:00:00+01:00,1.752650022506714,1.7539499998092651,1.752020001411438,1.7528400421142578
2022-03-31 19:00:00+01:00,1.753000020980835,1.7550699710845947,1.7525999546051023,1.7540700435638428
2022-03-31 20:00:00+01:00,1.754080057144165,1.7556999921798706,1.753309965133667,1.7555500268936155
2022-03-31 21:00:00+01:00,1.7553399801254272,1.7564300298690796,1.754289984703064,1.7550899982452393
2022-03-31 22:00:00+01:00,1.7549699544906616,1.7573000192642212,1.7519400119781494,1.7547800540924072
2022-03-31 23:00:00+01:00,1.7545599937438965,1.75586998462677,1.7530200481414795,1.75518000125885
2022-04-01 00:00:00+01:00,1.7553499937057495,1.7554399967193604,1.7536200284957886,1.7545900344848633
2022-04-01 01:00:00+01:00,1.7545900344848633,1.756119966506958,1.753559947013855,1.7556899785995483
2022-04-01 02:00:00+01:00,1.7556500434875488,1.756410002708435,1.7540099620819092,1.7551499605178833
2022-04-01 03:00:00+01:00,1.7551499605178833,1.7557799816131592,1.7536699771881104,1.7555400133132937
2022-04-01 04:00:00+01:00,1.7556400299072266,1.7560700178146362,1.7538199424743652,1.7542699575424194
2022-04-01 05:00:00+01:00,1.7542699575424194,1.756440043449402,1.7537100315093994,1.7559800148010254
2022-04-01 06:00:00+01:00,1.7560299634933472,1.7576099634170532,1.75518000125885,1.756719946861267
2022-04-01 07:00:00+01:00,1.7566499710083008,1.7570899724960327,1.754580020904541,1.755010008811951
2022-04-01 08:00:00+01:00,1.755020022392273,1.7550599575042725,1.7498400211334229,1.7510700225830078
2022-04-01 09:00:00+01:00,1.7509700059890747,1.7511999607086182,1.745270013809204,1.7473299503326416
2022-04-01 10:00:00+01:00,1.7473100423812866,1.748280048370361,1.7456599473953247,1.7461999654769895
2022-04-01 11:00:00+01:00,1.7462400197982788,1.7501699924468994,1.7460399866104126,1.749210000038147
2022-04-01 12:00:00+01:00,1.7491799592971802,1.7496800422668457,1.7461199760437012,1.7461600303649902
2022-04-01 13:00:00+01:00,1.7461899518966677,1.747099995613098,1.7429800033569336,1.744979977607727
2022-04-01 14:00:00+01:00,1.7448300123214722,1.7463899850845337,1.7437700033187866,1.7456599473953247
2022-04-01 15:00:00+01:00,1.7455999851226809,1.7500499486923218,1.7448099851608276,1.7498799562454224
2022-04-01 16:00:00+01:00,1.749940037727356,1.7500799894332886,1.7475800514221191,1.7497700452804563
2022-04-01 17:00:00+01:00,1.7495900392532349,1.7508200407028198,1.7491300106048584,1.750100016593933
2022-04-01 18:00:00+01:00,1.7501800060272217,1.750789999961853,1.7476600408554075,1.7480499744415283
2022-04-01 19:00:00+01:00,1.7481800317764282,1.7486599683761597,1.747059941291809,1.7482500076293943
2022-04-01 20:00:00+01:00,1.7483899593353271,1.748669981956482,1.7470300197601318,1.7473700046539309
2022-04-01 21:00:00+01:00,1.747499942779541,1.7500900030136108,1.746399998664856,1.747480034828186
2022-04-01 22:00:00+01:00,1.748479962348938,1.748479962348938,1.748479962348938,1.748479962348938
2022-04-04 00:00:00+01:00,1.7497299909591677,1.7506799697875977,1.7486499547958374,1.7505600452423096
2022-04-04 01:00:00+01:00,1.7505600452423096,1.750939965248108,1.7484099864959717,1.7498600482940674
2022-04-04 02:00:00+01:00,1.7497700452804563,1.7500799894332886,1.7471100091934204,1.7473200559616089
2022-04-04 03:00:00+01:00,1.747349977493286,1.7474199533462524,1.745300054550171,1.7457400560379028
2022-04-04 04:00:00+01:00,1.7456899881362915,1.7468500137329102,1.7448300123214722,1.7451900243759155
2022-04-04 05:00:00+01:00,1.7451800107955933,1.7466399669647217,1.744770050048828,1.7465800046920776
2022-04-04 06:00:00+01:00,1.7465699911117554,1.7482500076293943,1.7453900575637815,1.746870040893555
2022-04-04 07:00:00+01:00,1.7468899488449097,1.747939944267273,1.745859980583191,1.746250033378601
2022-04-04 08:00:00+01:00,1.7463300228118896,1.7489800453186035,1.7449100017547607,1.7452800273895264
2022-04-04 09:00:00+01:00,1.745350003242493,1.7470099925994873,1.7437200546264648,1.7452900409698486
2022-04-04 10:00:00+01:00,1.7452499866485596,1.7470699548721311,1.7445499897003174,1.7452199459075928
2022-04-04 11:00:00+01:00,1.7452199459075928,1.7465399503707886,1.7436699867248535,1.7443699836730957
2022-04-04 12:00:00+01:00,1.744379997253418,1.745579957962036,1.7436800003051758,1.7444700002670288
2022-04-04 13:00:00+01:00,1.7443699836730957,1.7468500137329102,1.743280053138733,1.7436599731445312
2022-04-04 14:00:00+01:00,1.7437000274658203,1.74481999874115,1.7421799898147583,1.7442400455474854
2022-04-04 15:00:00+01:00,1.7442500591278076,1.7457400560379028,1.7382500171661377,1.7386499643325806
2022-04-04 16:00:00+01:00,1.7386300563812256,1.739259958267212,1.7358800172805786,1.7374500036239624
2022-04-04 17:00:00+01:00,1.7374500036239624,1.738019943237305,1.736299991607666,1.7376600503921509
2022-04-04 18:00:00+01:00,1.7378100156784058,1.7379499673843384,1.7364799976348877,1.7369799613952637
2022-04-04 19:00:00+01:00,1.7369799613952637,1.7382899522781372,1.7365200519561768,1.737429976463318
2022-04-04 20:00:00+01:00,1.7373499870300293,1.7391200065612793,1.7364200353622437,1.7383500337600708
2022-04-04 21:00:00+01:00,1.7384799718856812,1.7387900352478027,1.73743999004364,1.7383999824523926
2022-04-04 22:00:00+01:00,1.7380499839782717,1.7390600442886353,1.7368899583816528,1.7385300397872925
2022-04-04 23:00:00+01:00,1.7382899522781372,1.738919973373413,1.737130045890808,1.738319993019104
2022-04-05 00:00:00+01:00,1.7385400533676147,1.738860011100769,1.7370400428771973,1.7381900548934937
2022-04-05 01:00:00+01:00,1.738219976425171,1.739549994468689,1.736899971961975,1.7382299900054932
2022-04-05 02:00:00+01:00,1.7382700443267822,1.7404099702835083,1.7379200458526611,1.739959955215454
2022-04-05 03:00:00+01:00,1.739989995956421,1.7401000261306765,1.7389400005340576,1.7395600080490112
2022-04-05 04:00:00+01:00,1.7396199703216553,1.7400000095367432,1.738610029220581,1.739490032196045
2022-04-05 05:00:00+01:00,1.7394200563430786,1.7397199869155884,1.7251800298690796,1.726580023765564
2022-04-05 06:00:00+01:00,1.7265900373458862,1.7273499965667725,1.7237099409103394,1.7244700193405151
2022-04-05 07:00:00+01:00,1.7244700193405151,1.725250005722046,1.722219944000244,1.7230299711227417
2022-04-05 08:00:00+01:00,1.7230499982833862,1.723829984664917,1.7193200588226318,1.7200900316238403
2022-04-05 09:00:00+01:00,1.720080018043518,1.7215499877929688,1.7173199653625488,1.7174899578094482
2022-04-05 10:00:00+01:00,1.7175500392913818,1.721959948539734,1.7171200513839722,1.7211099863052368
2022-04-05 11:00:00+01:00,1.7211400270462036,1.7230199575424194,1.7202600240707395,1.7210500240325928
2022-04-05 12:00:00+01:00,1.721060037612915,1.722059965133667,1.7189300060272217,1.720229983329773
2022-04-05 13:00:00+01:00,1.720289945602417,1.7221399545669556,1.7197500467300415,1.7203099727630615
2022-04-05 14:00:00+01:00,1.7202399969100952,1.7213499546051023,1.7190200090408323,1.719670057296753
2022-04-05 15:00:00+01:00,1.719630002975464,1.7245399951934814,1.718119978904724,1.7223600149154663
2022-04-05 16:00:00+01:00,1.7223600149154663,1.7260600328445437,1.7209500074386597,1.7246700525283811
2022-04-05 17:00:00+01:00,1.7247099876403809,1.7264399528503418,1.723389983177185,1.723620057106018
2022-04-05 18:00:00+01:00,1.7236900329589844,1.7239999771118164,1.7217700481414795,1.7229299545288086
2022-04-05 19:00:00+01:00,1.7229000329971311,1.7237900495529177,1.7215399742126465,1.7223299741744995
2022-04-05 20:00:00+01:00,1.7223399877548218,1.7258299589157104,1.7220900058746338,1.725600004196167
2022-04-05 21:00:00+01:00,1.7255899906158447,1.7259700298309326,1.7235599756240845,1.7242499589920044
2022-04-05 22:00:00+01:00,1.7237499952316284,1.7262400388717651,1.7226699590682983,1.7249499559402466
2022-04-05 23:00:00+01:00,1.7250299453735352,1.7252700328826904,1.723399996757507,1.7245800495147705
2022-04-06 00:00:00+01:00,1.7245999574661257,1.7248799800872805,1.722790002822876,1.723829984664917
2022-04-06 01:00:00+01:00,1.7238800525665283,1.7239500284194946,1.7213000059127808,1.723760008811951
2022-04-06 02:00:00+01:00,1.723770022392273,1.7276099920272827,1.7229000329971311,1.727300047874451
2022-04-06 03:00:00+01:00,1.7273499965667725,1.7274500131607056,1.725059986114502,1.7272499799728394
2022-04-06 04:00:00+01:00,1.7273399829864502,1.7277100086212158,1.7256799936294556,1.7261600494384766
2022-04-06 05:00:00+01:00,1.7261199951171875,1.7261899709701538,1.7242499589920044,1.7249000072479248
2022-04-06 06:00:00+01:00,1.724910020828247,1.7254400253295898,1.7235499620437622,1.7251299619674685
2022-04-06 07:00:00+01:00,1.7251299619674685,1.7252899408340454,1.7216399908065796,1.7221399545669556
2022-04-06 08:00:00+01:00,1.7221499681472778,1.7242799997329712,1.7201600074768066,1.724009990692139
2022-04-06 09:00:00+01:00,1.7240699529647827,1.727869987487793,1.7235900163650513,1.7273800373077393
2022-04-06 10:00:00+01:00,1.7273800373077393,1.728790044784546,1.7262099981307983,1.726889967918396
2022-04-06 11:00:00+01:00,1.7268099784851074,1.729550004005432,1.7259900569915771,1.7280000448226929
2022-04-06 12:00:00+01:00,1.7280499935150146,1.7288700342178345,1.727139949798584,1.728219985961914
2022-04-06 13:00:00+01:00,1.7282700538635254,1.7307000160217283,1.7269200086593628,1.73062002658844
2022-04-06 14:00:00+01:00,1.7305899858474731,1.7308199405670166,1.7279000282287598,1.7305899858474731
2022-04-06 15:00:00+01:00,1.7306100130081177,1.7373900413513184,1.728909969329834,1.7369099855422974
2022-04-06 16:00:00+01:00,1.7369099855422974,1.7372699975967407,1.7335599660873413,1.7343000173568726
2022-04-06 17:00:00+01:00,1.7343000173568726,1.7375600337982178,1.7337299585342407,1.7360399961471558
2022-04-06 18:00:00+01:00,1.736009955406189,1.7378499507904053,1.7356200218200684,1.7372499704360962
2022-04-06 19:00:00+01:00,1.737220048904419,1.7437299489974976,1.7334699630737305,1.7402900457382202
2022-04-06 20:00:00+01:00,1.7402399778366089,1.7412099838256836,1.7391799688339231,1.7409299612045288
2022-04-06 21:00:00+01:00,1.740880012512207,1.7411799430847168,1.7367600202560425,1.7395199537277222
2022-04-06 22:00:00+01:00,1.73743999004364,1.740779995918274,1.7367600202560425,1.7382999658584597
2022-04-06 23:00:00+01:00,1.739590048789978,1.7400799989700315,1.7379100322723389,1.738569974899292
2022-04-07 00:00:00+01:00,1.7388299703598022,1.7417000532150269,1.7377599477767944,1.7413699626922607
2022-04-07 01:00:00+01:00,1.741479992866516,1.7428900003433228,1.7398099899291992,1.7419400215148926
2022-04-07 02:00:00+01:00,1.7418999671936035,1.7451599836349487,1.740839958190918,1.7450900077819824
2022-04-07 03:00:00+01:00,1.7451200485229492,1.7475199699401855,1.7446000576019287,1.7469099760055542
2022-04-07 04:00:00+01:00,1.7468199729919434,1.7484400272369385,1.7460500001907349,1.7483899593353271
2022-04-07 05:00:00+01:00,1.7483799457550049,1.749619960784912,1.7479900121688845,1.749119997024536
2022-04-07 06:00:00+01:00,1.7491300106048584,1.7499699592590332,1.7475700378417969,1.748729944229126
2022-04-07 07:00:00+01:00,1.7486399412155151,1.749060034751892,1.7464599609375,1.7485699653625488
2022-04-07 08:00:00+01:00,1.7485599517822266,1.7511199712753296,1.7481199502944946,1.7485500574111938
2022-04-07 09:00:00+01:00,1.7484999895095823,1.750440001487732,1.7478899955749512,1.7484099864959717
2022-04-07 10:00:00+01:00,1.7484099864959717,1.7493400573730469,1.746649980545044,1.7487399578094482
2022-04-07 11:00:00+01:00,1.7487499713897705,1.7497400045394895,1.7471699714660645,1.7477500438690186
2022-04-07 12:00:00+01:00,1.747849941253662,1.7500699758529663,1.7471100091934204,1.7476500272750854
2022-04-07 13:00:00+01:00,1.7477400302886963,1.7491300106048584,1.7458300590515137,1.7474700212478638
2022-04-07 14:00:00+01:00,1.7474700212478638,1.7486900091171265,1.7458200454711914,1.7461600303649902
2022-04-07 15:00:00+01:00,1.746269941329956,1.74836003780365,1.7452000379562378,1.747849941253662
2022-04-07 16:00:00+01:00,1.747849941253662,1.749079942703247,1.7470799684524536,1.7478300333023071
2022-04-07 17:00:00+01:00,1.747879981994629,1.748520016670227,1.7464699745178225,1.747499942779541
2022-04-07 18:00:00+01:00,1.747499942779541,1.7484099864959717,1.746649980545044,1.7472000122070312
2022-04-07 19:00:00+01:00,1.7472000122070312,1.7479499578475952,1.7456200122833252,1.746840000152588
2022-04-07 20:00:00+01:00,1.746840000152588,1.7485100030899048,1.7461999654769895,1.748329997062683
2022-04-07 21:00:00+01:00,1.7482999563217163,1.7484400272369385,1.7472699880599976,1.7479300498962402
2022-04-07 22:00:00+01:00,1.7474100589752195,1.7486499547958374,1.74590003490448,1.747499942779541
2022-04-07 23:00:00+01:00,1.747480034828186,1.7483700513839722,1.7468899488449097,1.7474000453948977
2022-04-08 00:00:00+01:00,1.7474100589752195,1.7480499744415283,1.7461800575256348,1.7474700212478638
2022-04-08 01:00:00+01:00,1.7475099563598633,1.748289942741394,1.7457300424575806,1.74753999710083
2022-04-08 02:00:00+01:00,1.7475700378417969,1.7488800287246704,1.746649980545044,1.747130036354065
2022-04-08 03:00:00+01:00,1.7471400499343872,1.748579978942871,1.7462400197982788,1.746840000152588
2022-04-08 04:00:00+01:00,1.7468299865722656,1.7481800317764282,1.7462999820709229,1.747849941253662
2022-04-08 05:00:00+01:00,1.7478599548339844,1.748129963874817,1.7458200454711914,1.746510028839111
2022-04-08 06:00:00+01:00,1.7465399503707886,1.747189998626709,1.7442699670791626,1.746709942817688
2022-04-08 07:00:00+01:00,1.7467399835586548,1.7480599880218506,1.7431299686431885,1.743340015411377
2022-04-08 08:00:00+01:00,1.7433799505233765,1.7479300498962402,1.7431199550628662,1.7478400468826294
2022-04-08 09:00:00+01:00,1.7476999759674072,1.7489900588989258,1.7468299865722656,1.747599959373474
2022-04-08 10:00:00+01:00,1.7476199865341189,1.749400019645691,1.746250033378601,1.748900055885315
2022-04-08 11:00:00+01:00,1.748890042304993,1.7490500211715698,1.7458399534225464,1.7463500499725342
2022-04-08 12:00:00+01:00,1.7463500499725342,1.7469199895858765,1.743880033493042,1.7467000484466553
2022-04-08 13:00:00+01:00,1.7466599941253662,1.7482199668884275,1.7438900470733645,1.7480000257492063
2022-04-08 14:00:00+01:00,1.7479499578475952,1.7496800422668457,1.747059941291809,1.7480900287628174
2022-04-08 15:00:00+01:00,1.7479699850082395,1.7489299774169922,1.745110034942627,1.74576997756958
2022-04-08 16:00:00+01:00,1.7456799745559692,1.7475099563598633,1.7449500560760498,1.746880054473877
2022-04-08 17:00:00+01:00,1.7468899488449097,1.7471599578857422,1.7458699941635132,1.746690034866333
2022-04-08 18:00:00+01:00,1.7467000484466553,1.747979998588562,1.7460700273513794,1.7470200061798096
2022-04-08 19:00:00+01:00,1.7470300197601318,1.7483799457550049,1.7464599609375,1.7476099729537964
2022-04-08 20:00:00+01:00,1.7477099895477295,1.7483099699020386,1.7469199895858765,1.7475099563598633
2022-04-08 21:00:00+01:00,1.7475600242614746,1.749519944190979,1.7452000379562378,1.7464799880981443
2022-04-08 22:00:00+01:00,1.7478699684143066,1.7478699684143066,1.7478699684143066,1.7478699684143066
2022-04-11 00:00:00+01:00,1.7473100423812866,1.7502599954605105,1.746940016746521,1.7498199939727783
2022-04-11 01:00:00+01:00,1.7499799728393557,1.751170039176941,1.7484899759292605,1.7501100301742554
2022-04-11 02:00:00+01:00,1.7501699924468994,1.7537200450897217,1.7487000226974487,1.753290057182312
2022-04-11 03:00:00+01:00,1.7532000541687012,1.7540299892425537,1.7499099969863892,1.7503399848937988
2022-04-11 04:00:00+01:00,1.750349998474121,1.7504299879074097,1.7483700513839722,1.7499899864196775
2022-04-11 05:00:00+01:00,1.7499899864196775,1.7499899864196775,1.7475199699401855,1.7478699684143066
2022-04-11 06:00:00+01:00,1.747849941253662,1.7486799955368042,1.7466399669647217,1.7484400272369385
2022-04-11 07:00:00+01:00,1.7484400272369385,1.7494900226593018,1.746870040893555,1.7490899562835691
2022-04-11 08:00:00+01:00,1.7490999698638916,1.7518500089645386,1.749019980430603,1.751670002937317
2022-04-11 09:00:00+01:00,1.7515499591827393,1.7530499696731567,1.7498400211334229,1.7528400421142578
2022-04-11 10:00:00+01:00,1.7528300285339355,1.7530800104141235,1.7502700090408323,1.7511199712753296
2022-04-11 11:00:00+01:00,1.751129984855652,1.7516499757766724,1.7491899728775024,1.751189947128296
2022-04-11 12:00:00+01:00,1.751109957695007,1.7516200542449951,1.748289942741394,1.7501499652862549
2022-04-11 13:00:00+01:00,1.7501599788665771,1.7531399726867676,1.7497199773788452,1.752619981765747
2022-04-11 14:00:00+01:00,1.7526099681854248,1.7551699876785278,1.7510099411010742,1.7546299695968628
2022-04-11 15:00:00+01:00,1.754639983177185,1.7568999528884888,1.7533199787139893,1.7553000450134275
2022-04-11 16:00:00+01:00,1.7553000450134275,1.756700038909912,1.7543400526046753,1.7562799453735352
2022-04-11 17:00:00+01:00,1.7562600374221802,1.7568000555038452,1.7551699876785278,1.7556699514389038
2022-04-11 18:00:00+01:00,1.7557300329208374,1.7566800117492676,1.754649996757507,1.7557400465011597
2022-04-11 19:00:00+01:00,1.7558200359344482,1.7563400268554688,1.7541699409484863,1.7542599439620972
2022-04-11 20:00:00+01:00,1.7542099952697754,1.756160020828247,1.7533999681472778,1.7555899620056152
2022-04-11 21:00:00+01:00,1.7556500434875488,1.7566200494766235,1.7550599575042725,1.7563300132751465
2022-04-11 22:00:00+01:00,1.7561099529266355,1.7571099996566772,1.7518500089645386,1.75586998462677
2022-04-11 23:00:00+01:00,1.75586998462677,1.7562199831008911,1.7545599937438965,1.7553000450134275
2022-04-12 00:00:00+01:00,1.7551100254058838,1.756890058517456,1.7547500133514404,1.7562700510025024
2022-04-12 01:00:00+01:00,1.7562999725341797,1.7581299543380735,1.7555299997329712,1.7573800086975098
2022-04-12 02:00:00+01:00,1.7574399709701538,1.7580499649047852,1.7546299695968628,1.75586998462677
2022-04-12 03:00:00+01:00,1.7557599544525146,1.75586998462677,1.753559947013855,1.7540199756622314
2022-04-12 04:00:00+01:00,1.754040002822876,1.7544000148773191,1.7529499530792236,1.7542200088500977
2022-04-12 05:00:00+01:00,1.7542200088500977,1.7547500133514404,1.7530900239944458,1.7538199424743652
2022-04-12 06:00:00+01:00,1.7538700103759766,1.7542699575424194,1.7510499954223633,1.7523499727249146
2022-04-12 07:00:00+01:00,1.75232994556427,1.752910017967224,1.7493400573730469,1.7513400316238403
2022-04-12 08:00:00+01:00,1.751330018043518,1.7524499893188477,1.749809980392456,1.750499963760376
2022-04-12 09:00:00+01:00,1.7504899501800537,1.7509700059890747,1.7491799592971802,1.7499899864196775
2022-04-12 10:00:00+01:00,1.7499699592590332,1.751479983329773,1.7484500408172607,1.7502100467681885
2022-04-12 11:00:00+01:00,1.7502100467681885,1.750920057296753,1.7478599548339844,1.7502000331878662
2022-04-12 12:00:00+01:00,1.7501800060272217,1.751420021057129,1.7485899925231934,1.749060034751892
2022-04-12 13:00:00+01:00,1.749079942703247,1.7502800226211548,1.7432399988174438,1.7445900440216064
2022-04-12 14:00:00+01:00,1.7446500062942505,1.7467399835586548,1.744320034980774,1.745350003242493
2022-04-12 15:00:00+01:00,1.745319962501526,1.74576997756958,1.7411199808120728,1.7422900199890137
2022-04-12 16:00:00+01:00,1.7422800064086914,1.7428799867630005,1.739609956741333,1.7414400577545166
2022-04-12 17:00:00+01:00,1.741449952125549,1.743559956550598,1.7411400079727173,1.7417000532150269
2022-04-12 18:00:00+01:00,1.7417099475860596,1.7426600456237793,1.7406799793243408,1.7422200441360474
2022-04-12 19:00:00+01:00,1.7421300411224363,1.743749976158142,1.741129994392395,1.7429200410842896
2022-04-12 20:00:00+01:00,1.7430499792099,1.7449100017547607,1.74235999584198,1.7438000440597534
2022-04-12 21:00:00+01:00,1.7438000440597534,1.744570016860962,1.742110013961792,1.7423299551010132
2022-04-12 22:00:00+01:00,1.743299961090088,1.7449699640274048,1.7413400411605835,1.7441999912261963
2022-04-12 23:00:00+01:00,1.7440099716186523,1.7441600561141968,1.741979956626892,1.7433600425720217
2022-04-13 00:00:00+01:00,1.7434699535369873,1.7443699836730957,1.7424499988555908,1.744189977645874
2022-04-13 01:00:00+01:00,1.7442599534988403,1.7454099655151367,1.743499994277954,1.7450799942016602
2022-04-13 02:00:00+01:00,1.745069980621338,1.745419979095459,1.741529941558838,1.7421400547027588
2022-04-13 03:00:00+01:00,1.7419699430465698,1.7429300546646118,1.7402700185775757,1.7415800094604492
2022-04-13 04:00:00+01:00,1.741569995880127,1.7440500259399414,1.7410800457000732,1.7430700063705444
2022-04-13 05:00:00+01:00,1.7430200576782229,1.7466399669647217,1.7427200078964231,1.7456599473953247
2022-04-13 06:00:00+01:00,1.7457300424575806,1.746880054473877,1.744320034980774,1.745609998703003
2022-04-13 07:00:00+01:00,1.7457799911499023,1.7487200498580933,1.7456300258636477,1.747230052947998
2022-04-13 08:00:00+01:00,1.747230052947998,1.747499942779541,1.7456799745559692,1.7466000318527222
2022-04-13 09:00:00+01:00,1.7466399669647217,1.7519999742507937,1.7462600469589231,1.7510700225830078
2022-04-13 10:00:00+01:00,1.751099944114685,1.752869963645935,1.7494200468063354,1.7523800134658811
2022-04-13 11:00:00+01:00,1.7524299621582031,1.753190040588379,1.7512600421905518,1.7519700527191162
2022-04-13 12:00:00+01:00,1.7519700527191162,1.7540099620819092,1.7511999607086182,1.7529799938201904
2022-04-13 13:00:00+01:00,1.753000020980835,1.7556899785995483,1.7524499893188477,1.75409996509552
2022-04-13 14:00:00+01:00,1.7540899515151978,1.7579200267791748,1.7538100481033323,1.7559399604797363
2022-04-13 15:00:00+01:00,1.7559200525283811,1.7596999406814575,1.7551000118255615,1.7590099573135376
2022-04-13 16:00:00+01:00,1.7590099573135376,1.7602499723434448,1.757390022277832,1.7594799995422363
2022-04-13 17:00:00+01:00,1.7594399452209473,1.7602699995040894,1.7586300373077393,1.7596800327301023
2022-04-13 18:00:00+01:00,1.7597399950027466,1.7604299783706665,1.7591700553894043,1.7595100402832031
2022-04-13 19:00:00+01:00,1.7595000267028809,1.7609000205993652,1.7590800523757937,1.7605799436569214
2022-04-13 20:00:00+01:00,1.7606600522994995,1.761019945144653,1.7591300010681152,1.7604700326919556
2022-04-13 21:00:00+01:00,1.7604700326919556,1.760990023612976,1.7591099739074707,1.7598199844360352
2022-04-13 22:00:00+01:00,1.7597099542617798,1.7603000402450562,1.7563999891281128,1.75941002368927
2022-04-13 23:00:00+01:00,1.759619951248169,1.7607100009918213,1.7586699724197388,1.7603100538253784
2022-04-14 00:00:00+01:00,1.760540008544922,1.7614500522613523,1.7595900297164917,1.760640025138855
2022-04-14 01:00:00+01:00,1.7606799602508545,1.760830044746399,1.7571500539779663,1.759179949760437
2022-04-14 02:00:00+01:00,1.759179949760437,1.7630599737167358,1.7571699619293213,1.7615000009536743
2022-04-14 03:00:00+01:00,1.761489987373352,1.762619972229004,1.7595000267028809,1.7600300312042236
2022-04-14 04:00:00+01:00,1.7601300477981567,1.761330008506775,1.7587499618530271,1.760800004005432
2022-04-14 05:00:00+01:00,1.7609000205993652,1.7623300552368164,1.7606699466705322,1.7614400386810305
2022-04-14 06:00:00+01:00,1.7614099979400637,1.7618900537490845,1.760409951210022,1.761039972305298
2022-04-14 07:00:00+01:00,1.761080026626587,1.7623300552368164,1.759559988975525,1.7620400190353394
2022-04-14 08:00:00+01:00,1.7620899677276611,1.7642600536346436,1.7613699436187744,1.763659954071045
2022-04-14 09:00:00+01:00,1.7637399435043335,1.764799952507019,1.7626299858093262,1.7632100582122805
2022-04-14 10:00:00+01:00,1.763159990310669,1.7646600008010864,1.7625199556350708,1.762869954109192
2022-04-14 11:00:00+01:00,1.7628300189971924,1.765169978141785,1.7624800205230713,1.76514995098114
2022-04-14 12:00:00+01:00,1.765089988708496,1.766409993171692,1.7619099617004397,1.763149976730347
2022-04-14 13:00:00+01:00,1.7631200551986694,1.7636200189590454,1.7609100341796875,1.761579990386963
2022-04-14 14:00:00+01:00,1.7615100145339966,1.7619999647140503,1.757349967956543,1.7579100131988523
2022-04-14 15:00:00+01:00,1.7578599452972412,1.7610599994659424,1.756309986114502,1.759909987449646
2022-04-14 16:00:00+01:00,1.7599300146102903,1.763659954071045,1.7588800191879272,1.7625999450683594
2022-04-14 17:00:00+01:00,1.762619972229004,1.763159990310669,1.7611299753189087,1.7613099813461304
2022-04-14 18:00:00+01:00,1.761299967765808,1.762320041656494,1.760450005531311,1.7615200281143188
2022-04-14 19:00:00+01:00,1.7618299722671509,1.763800024986267,1.76118004322052,1.7632900476455688
2022-04-14 20:00:00+01:00,1.7632900476455688,1.7635999917984009,1.7620500326156616,1.7632399797439575
2022-04-14 21:00:00+01:00,1.7632399797439575,1.7641600370407104,1.7602499723434448,1.760759949684143
2022-04-14 22:00:00+01:00,1.7606500387191772,1.7636799812316897,1.7593200206756592,1.7622699737548828
2022-04-14 23:00:00+01:00,1.762369990348816,1.7641600370407104,1.7600500583648682,1.7622499465942385
2022-04-15 00:00:00+01:00,1.7621599435806274,1.7647700309753418,1.7602699995040894,1.76282000541687
2022-04-15 01:00:00+01:00,1.7632299661636353,1.7643200159072876,1.760640025138855,1.7631900310516355
2022-04-15 02:00:00+01:00,1.7629400491714478,1.7639700174331665,1.7612099647521973,1.7632399797439575
2022-04-15 03:00:00+01:00,1.7632800340652466,1.764919996261597,1.761970043182373,1.7646199464797974
2022-04-15 04:00:00+01:00,1.764490008354187,1.76528000831604,1.7626999616622925,1.7639000415802002
2022-04-15 05:00:00+01:00,1.7645100355148315,1.7654000520706177,1.763319969177246,1.7649099826812744
2022-04-15 06:00:00+01:00,1.7643799781799316,1.7658900022506714,1.762850046157837,1.7648500204086304
2022-04-15 07:00:00+01:00,1.764870047569275,1.765220046043396,1.7614699602127075,1.7629499435424805
2022-04-15 08:00:00+01:00,1.7627400159835815,1.7660000324249268,1.7621699571609497,1.7655999660491943
2022-04-15 09:00:00+01:00,1.7654999494552612,1.7659900188446045,1.7599999904632568,1.7626899480819702
2022-04-15 10:00:00+01:00,1.7626099586486816,1.76433002948761,1.7616100311279297,1.7633399963378906
2022-04-15 11:00:00+01:00,1.7633099555969238,1.7646000385284424,1.762320041656494,1.7639399766921997
2022-04-15 12:00:00+01:00,1.7639399766921997,1.7652000188827517,1.762910008430481,1.7640299797058103
2022-04-15 13:00:00+01:00,1.764080047607422,1.764989972114563,1.763010025024414,1.76419997215271
2022-04-15 14:00:00+01:00,1.7642099857330322,1.765679955482483,1.763159990310669,1.7651900053024292
2022-04-15 15:00:00+01:00,1.7653499841690063,1.765679955482483,1.7630499601364136,1.7644799947738647
2022-04-15 16:00:00+01:00,1.7644799947738647,1.7666399478912354,1.763069987297058,1.766260027885437
2022-04-15 17:00:00+01:00,1.7654199600219729,1.7670899629592896,1.7632800340652466,1.7662299871444702
2022-04-15 18:00:00+01:00,1.7661800384521484,1.7670400142669678,1.7650699615478516,1.7661499977111816
2022-04-15 19:00:00+01:00,1.766129970550537,1.7672100067138672,1.7653199434280396,1.7664599418640137
2022-04-15 20:00:00+01:00,1.7664899826049805,1.7670400142669678,1.7648500204086304,1.7659300565719604
2022-04-15 21:00:00+01:00,1.766160011291504,1.7672699689865112,1.7632299661636353,1.7653199434280396
2022-04-15 22:00:00+01:00,1.7652900218963623,1.7652900218963623,1.7652900218963623,1.7652900218963623
2022-04-18 00:00:00+01:00,1.7644000053405762,1.7659399509429932,1.7641299962997437,1.765120029449463
2022-04-18 01:00:00+01:00,1.7651400566101074,1.7661499977111816,1.7644399404525757,1.766029953956604
2022-04-18 02:00:00+01:00,1.76610004901886,1.7672300338745115,1.7653800249099731,1.7668999433517456
2022-04-18 03:00:00+01:00,1.766909956932068,1.76842999458313,1.765660047531128,1.7683600187301636
2022-04-18 04:00:00+01:00,1.7683600187301636,1.7706700563430786,1.767930030822754,1.770300030708313
2022-04-18 05:00:00+01:00,1.7703100442886353,1.7711399793624878,1.7691199779510498,1.7704999446868896
2022-04-18 06:00:00+01:00,1.7705800533294678,1.77197003364563,1.7698800563812256,1.7709100246429443
2022-04-18 07:00:00+01:00,1.7709499597549438,1.7713700532913208,1.768460035324097,1.7688000202178955
2022-04-18 08:00:00+01:00,1.7688599824905396,1.769219994544983,1.7653800249099731,1.765679955482483
2022-04-18 09:00:00+01:00,1.7656400203704834,1.7678099870681765,1.765429973602295,1.767259955406189
2022-04-18 10:00:00+01:00,1.7672200202941897,1.7676199674606323,1.765820026397705,1.7664999961853027
2022-04-18 11:00:00+01:00,1.7664599418640137,1.7684099674224854,1.7658699750900269,1.7677799463272097
2022-04-18 12:00:00+01:00,1.7676500082015991,1.769760012626648,1.7672300338745115,1.7695900201797483
2022-04-18 13:00:00+01:00,1.7696000337600708,1.7703399658203125,1.7677600383758545,1.7683600187301636
2022-04-18 14:00:00+01:00,1.768380045890808,1.769279956817627,1.766800045967102,1.7681900262832642
2022-04-18 15:00:00+01:00,1.7682100534439087,1.769870042800903,1.7670799493789673,1.7695000171661377
2022-04-18 16:00:00+01:00,1.7694900035858154,1.770990014076233,1.7686599493026731,1.770419955253601
2022-04-18 17:00:00+01:00,1.7703900337219238,1.7705800533294678,1.7689199447631836,1.7695900201797483
2022-04-18 18:00:00+01:00,1.7695300579071045,1.770679950714111,1.7688499689102173,1.769189953804016
2022-04-18 19:00:00+01:00,1.769269943237305,1.7701900005340576,1.7686599493026731,1.7698999643325806
2022-04-18 20:00:00+01:00,1.7699799537658691,1.7710200548171997,1.7692300081253052,1.770210027694702
2022-04-18 21:00:00+01:00,1.7701799869537354,1.7729500532150269,1.768970012664795,1.770799994468689
2022-04-18 22:00:00+01:00,1.7707799673080444,1.771589994430542,1.76842999458313,1.769129991531372
2022-04-18 23:00:00+01:00,1.7691700458526611,1.7700999975204468,1.7675199508666992,1.7678300142288208
2022-04-19 00:00:00+01:00,1.767490029335022,1.7689100503921509,1.7670199871063232,1.7678899765014648
2022-04-19 01:00:00+01:00,1.7679799795150757,1.768779993057251,1.7658599615097046,1.7682600021362305
2022-04-19 02:00:00+01:00,1.7683000564575195,1.7690500020980835,1.766080021858215,1.7673100233078003
2022-04-19 03:00:00+01:00,1.7672499418258667,1.768630027770996,1.7656400203704834,1.766010046005249
2022-04-19 04:00:00+01:00,1.7660200595855713,1.766219973564148,1.763990044593811,1.7654399871826172
2022-04-19 05:00:00+01:00,1.7654500007629397,1.7657599449157717,1.7620199918746948,1.762809991836548
2022-04-19 06:00:00+01:00,1.762760043144226,1.7640000581741333,1.7615000009536743,1.763100028038025
2022-04-19 07:00:00+01:00,1.7631200551986694,1.7631700038909912,1.761139988899231,1.762470006942749
2022-04-19 08:00:00+01:00,1.7625499963760376,1.7631100416183472,1.760290026664734,1.7620500326156616
2022-04-19 09:00:00+01:00,1.7617199420928955,1.7651599645614624,1.759179949760437,1.7646100521087646
2022-04-19 10:00:00+01:00,1.7646000385284424,1.7677299976348877,1.7630800008773804,1.76691997051239
2022-04-19 11:00:00+01:00,1.766909956932068,1.7695800065994265,1.7656500339508057,1.7687000036239624
2022-04-19 12:00:00+01:00,1.7687499523162842,1.769819974899292,1.7671200037002563,1.7674700021743774
2022-04-19 13:00:00+01:00,1.7674000263214111,1.7677500247955322,1.7656400203704834,1.7663700580596924
2022-04-19 14:00:00+01:00,1.7664200067520142,1.766700029373169,1.7603199481964111,1.7614699602127075
2022-04-19 15:00:00+01:00,1.7614599466323853,1.763010025024414,1.759619951248169,1.7621300220489502
2022-04-19 16:00:00+01:00,1.7621300220489502,1.7667499780654907,1.761680006980896,1.7648099660873413
2022-04-19 17:00:00+01:00,1.7648199796676636,1.7656400203704834,1.762529969215393,1.7630200386047363
2022-04-19 18:00:00+01:00,1.7629599571228027,1.7640000581741333,1.7620799541473389,1.7623399496078491
2022-04-19 19:00:00+01:00,1.762369990348816,1.7639199495315552,1.7617100477218628,1.762779951095581
2022-04-19 20:00:00+01:00,1.762850046157837,1.762869954109192,1.7608599662780762,1.7615599632263184
2022-04-19 21:00:00+01:00,1.7614799737930298,1.7624200582504272,1.76104998588562,1.762060046195984
2022-04-19 22:00:00+01:00,1.761989951133728,1.7629899978637695,1.7583400011062622,1.7614799737930298
2022-04-19 23:00:00+01:00,1.76173996925354,1.76173996925354,1.7587499618530271,1.760540008544922
2022-04-20 00:00:00+01:00,1.760769963264465,1.7609000205993652,1.7593899965286257,1.759960055351257
2022-04-20 01:00:00+01:00,1.7600599527359009,1.7603000402450562,1.7577699422836304,1.7598999738693235
2022-04-20 02:00:00+01:00,1.7598700523376465,1.7650799751281738,1.7590099573135376,1.7592500448226929
2022-04-20 03:00:00+01:00,1.7591899633407593,1.7600500583648682,1.7578599452972412,1.758180022239685
2022-04-20 04:00:00+01:00,1.7581599950790403,1.7600200176239014,1.7578099966049194,1.7591099739074707
2022-04-20 05:00:00+01:00,1.7591700553894043,1.75996994972229,1.7554999589920044,1.7557599544525146
2022-04-20 06:00:00+01:00,1.755679965019226,1.7571200132369995,1.753350019454956,1.754699945449829
2022-04-20 07:00:00+01:00,1.754699945449829,1.7579699754714966,1.7543599605560305,1.7557599544525146
2022-04-20 08:00:00+01:00,1.7557400465011597,1.7562600374221802,1.7509000301361084,1.7529699802398682
2022-04-20 09:00:00+01:00,1.7530800104141235,1.7548199892044067,1.752120018005371,1.7528899908065796
2022-04-20 10:00:00+01:00,1.7528899908065796,1.7540199756622314,1.7518999576568604,1.752500057220459
2022-04-20 11:00:00+01:00,1.7524700164794922,1.755560040473938,1.751520037651062,1.7548099756240845
2022-04-20 12:00:00+01:00,1.7548400163650513,1.756809949874878,1.7542200088500977,1.7563400268554688
2022-04-20 13:00:00+01:00,1.756309986114502,1.7590999603271484,1.7550300359725952,1.7589900493621826
2022-04-20 14:00:00+01:00,1.7587900161743164,1.759029984474182,1.75600004196167,1.7574299573898315
2022-04-20 15:00:00+01:00,1.757349967956543,1.7587100267410278,1.7487499713897705,1.7499099969863892
2022-04-20 16:00:00+01:00,1.7499200105667114,1.7518600225448608,1.749650001525879,1.751729965209961
2022-04-20 17:00:00+01:00,1.7517399787902832,1.7530800104141235,1.7513799667358398,1.7526700496673584
2022-04-20 18:00:00+01:00,1.7526700496673584,1.753119945526123,1.751330018043518,1.7521899938583374
2022-04-20 19:00:00+01:00,1.7522300481796265,1.7550899982452393,1.7518600225448608,1.7547800540924072
2022-04-20 20:00:00+01:00,1.754830002784729,1.754899978637695,1.7529799938201904,1.753469944000244
2022-04-20 21:00:00+01:00,1.753440022468567,1.7540899515151978,1.7527899742126465,1.7533199787139893
2022-04-20 22:00:00+01:00,1.7529699802398682,1.7544499635696411,1.750440001487732,1.752410054206848
2022-04-20 23:00:00+01:00,1.75232994556427,1.7562299966812134,1.7514899969100952,1.7562099695205688
2022-04-21 00:00:00+01:00,1.7562099695205688,1.7562799453735352,1.7539399862289429,1.7553800344467163
2022-04-21 01:00:00+01:00,1.7553499937057495,1.7572400569915771,1.75423002243042,1.7560499906539917
2022-04-21 02:00:00+01:00,1.7560299634933472,1.756669998168945,1.754390001296997,1.756100058555603
2022-04-21 03:00:00+01:00,1.7561299800872805,1.7565300464630127,1.7537100315093994,1.7553499937057495
2022-04-21 04:00:00+01:00,1.755329966545105,1.7573599815368652,1.7547199726104736,1.7563300132751465
2022-04-21 05:00:00+01:00,1.7563600540161133,1.7579799890518188,1.75423002243042,1.7551499605178833
2022-04-21 06:00:00+01:00,1.7550599575042725,1.7563600540161133,1.7533600330352783,1.7538399696350098
2022-04-21 07:00:00+01:00,1.7538399696350098,1.7580100297927856,1.7527999877929688,1.7568199634552002
2022-04-21 08:00:00+01:00,1.756809949874878,1.758080005645752,1.7530299425125122,1.7533299922943115
2022-04-21 09:00:00+01:00,1.753309965133667,1.7551599740982056,1.7519299983978271,1.7532000541687012
2022-04-21 10:00:00+01:00,1.753309965133667,1.755519986152649,1.7527400255203247,1.755229949951172
2022-04-21 11:00:00+01:00,1.755270004272461,1.758430004119873,1.7543100118637085,1.7547800540924072
2022-04-21 12:00:00+01:00,1.7547800540924072,1.7561399936676023,1.753489971160889,1.75478994846344
2022-04-21 13:00:00+01:00,1.7547099590301514,1.7557499408721924,1.7529699802398682,1.7556300163269043
2022-04-21 14:00:00+01:00,1.7556300163269043,1.7613699436187744,1.754770040512085,1.7607100009918213
2022-04-21 15:00:00+01:00,1.760740041732788,1.7622900009155271,1.7595100402832031,1.7614699602127075
2022-04-21 16:00:00+01:00,1.7614799737930298,1.7694599628448486,1.7610299587249756,1.7682199478149414
2022-04-21 17:00:00+01:00,1.7682299613952637,1.7693899869918823,1.767169952392578,1.7687699794769287
2022-04-21 18:00:00+01:00,1.7687000036239624,1.7698400020599363,1.7671899795532229,1.7687300443649292
2022-04-21 19:00:00+01:00,1.76868999004364,1.7693699598312378,1.7673399448394775,1.7675100564956665
2022-04-21 20:00:00+01:00,1.767449975013733,1.768380045890808,1.7657699584960938,1.7667100429534912
2022-04-21 21:00:00+01:00,1.766669988632202,1.7676899433135986,1.7634299993515017,1.7644699811935425
2022-04-21 22:00:00+01:00,1.7649600505828855,1.7676399946212769,1.7637100219726562,1.7670999765396118
2022-04-21 23:00:00+01:00,1.7670999765396118,1.768120050430298,1.7658699750900269,1.768049955368042
2022-04-22 00:00:00+01:00,1.7677700519561768,1.7696199417114258,1.7674100399017334,1.7694499492645264
2022-04-22 01:00:00+01:00,1.7694400548934937,1.7702399492263794,1.767359972000122,1.769870042800903
2022-04-22 02:00:00+01:00,1.7698299884796145,1.7706600427627563,1.7685099840164185,1.7698800563812256
2022-04-22 03:00:00+01:00,1.7698500156402588,1.7709800004959106,1.7686599493026731,1.769670009613037
2022-04-22 04:00:00+01:00,1.7696800231933594,1.7747199535369873,1.7695000171661377,1.772250056266785
2022-04-22 05:00:00+01:00,1.7722599506378174,1.7752699851989746,1.7719500064849854,1.7737699747085571
2022-04-22 06:00:00+01:00,1.7740700244903564,1.776010036468506,1.7735099792480469,1.775339961051941
2022-04-22 07:00:00+01:00,1.7753000259399414,1.7754199504852295,1.770509958267212,1.773229956626892
2022-04-22 08:00:00+01:00,1.7732199430465698,1.7733800411224363,1.7635600566864014,1.764549970626831
2022-04-22 09:00:00+01:00,1.7645200490951538,1.7669899463653564,1.7632499933242798,1.764430046081543
2022-04-22 10:00:00+01:00,1.7644200325012207,1.764739990234375,1.7600599527359009,1.7618399858474731
2022-04-22 11:00:00+01:00,1.7618299722671509,1.7667499780654907,1.7614400386810305,1.7666300535202026
2022-04-22 12:00:00+01:00,1.7668299674987793,1.7671300172805786,1.7649500370025637,1.766129970550537
2022-04-22 13:00:00+01:00,1.7661399841308594,1.7661399841308594,1.762969970703125,1.7635999917984009
2022-04-22 14:00:00+01:00,1.7635999917984009,1.7696000337600708,1.7632399797439575,1.7695900201797483
2022-04-22 15:00:00+01:00,1.7696000337600708,1.7734899520874023,1.768679976463318,1.7701799869537354
2022-04-22 16:00:00+01:00,1.769860029220581,1.7717599868774414,1.7687000036239624,1.7703800201416016
2022-04-22 17:00:00+01:00,1.7703700065612793,1.772879958152771,1.7691500186920166,1.7725199460983276
2022-04-22 18:00:00+01:00,1.7725399732589722,1.7734899520874023,1.7711700201034546,1.7724299430847168
2022-04-22 19:00:00+01:00,1.7724100351333618,1.7731499671936035,1.7712600231170654,1.7719299793243408
2022-04-22 20:00:00+01:00,1.7719299793243408,1.7720799446105957,1.769610047340393,1.7717499732971191
2022-04-22 21:00:00+01:00,1.7717499732971191,1.7724599838256836,1.7707300186157229,1.7716000080108645
2022-04-22 22:00:00+01:00,1.773419976234436,1.773419976234436,1.773419976234436,1.773419976234436
2022-04-25 00:00:00+01:00,1.771289944648743,1.7736799716949463,1.771090030670166,1.7735799551010132
2022-04-25 01:00:00+01:00,1.7735799551010132,1.7775100469589231,1.7731599807739258,1.777400016784668
2022-04-25 02:00:00+01:00,1.7774300575256348,1.782729983329773,1.7770899534225464,1.7803900241851809
2022-04-25 03:00:00+01:00,1.7805399894714355,1.7827800512313845,1.7799099683761597,1.7817100286483765
2022-04-25 04:00:00+01:00,1.7818200588226318,1.7825299501419067,1.780110001564026,1.7820099592208862
2022-04-25 05:00:00+01:00,1.7819600105285645,1.7862499952316284,1.781149983406067,1.785920023918152
2022-04-25 06:00:00+01:00,1.7859699726104736,1.788699984550476,1.7845499515533447,1.7866899967193604
2022-04-25 07:00:00+01:00,1.7865999937057495,1.786829948425293,1.7794599533081057,1.7802599668502808
2022-04-25 08:00:00+01:00,1.7802599668502808,1.7813199758529663,1.7750500440597534,1.7755000591278076
2022-04-25 09:00:00+01:00,1.7755399942398071,1.7772899866104126,1.7714899778366089,1.7771999835968018
2022-04-25 10:00:00+01:00,1.7772300243377686,1.7797199487686155,1.7750799655914309,1.7777899503707886
2022-04-25 11:00:00+01:00,1.7777999639511108,1.779919981956482,1.7760499715805054,1.7770800590515137
2022-04-25 12:00:00+01:00,1.7770500183105469,1.7806600332260132,1.7742700576782229,1.7753100395202637
2022-04-25 13:00:00+01:00,1.7752200365066528,1.7793699502944946,1.774219989776611,1.7771300077438354
2022-04-25 14:00:00+01:00,1.7771999835968018,1.7826999425888062,1.7765400409698486,1.782140016555786
2022-04-25 15:00:00+01:00,1.782140016555786,1.7834800481796265,1.7784500122070312,1.7792999744415283
2022-04-25 16:00:00+01:00,1.7792999744415283,1.7796399593353271,1.7761600017547607,1.7767800092697144
2022-04-25 17:00:00+01:00,1.7767000198364258,1.777500033378601,1.774500012397766,1.7767000198364258
2022-04-25 18:00:00+01:00,1.7767200469970703,1.7776399850845337,1.775149941444397,1.7773799896240234
2022-04-25 19:00:00+01:00,1.7773200273513794,1.7782599925994873,1.7753599882125854,1.7766400575637815
2022-04-25 20:00:00+01:00,1.7766499519348145,1.7773000001907349,1.774209976196289,1.775480031967163
2022-04-25 21:00:00+01:00,1.7754499912261963,1.7759300470352173,1.773710012435913,1.774399995803833
2022-04-25 22:00:00+01:00,1.7738200426101685,1.775480031967163,1.769760012626648,1.7737900018692017
2022-04-25 23:00:00+01:00,1.773460030555725,1.7755000591278076,1.7723699808120728,1.7733099460601809
2022-04-26 00:00:00+01:00,1.7734099626541138,1.7749099731445312,1.7729300260543823,1.7746700048446655
2022-04-26 01:00:00+01:00,1.7747100591659546,1.775589942932129,1.771530032157898,1.773059964179993
2022-04-26 02:00:00+01:00,1.7731599807739258,1.7747399806976318,1.7716799974441528,1.773460030555725
2022-04-26 03:00:00+01:00,1.773319959640503,1.7754000425338743,1.769269943237305,1.7702900171279907
2022-04-26 04:00:00+01:00,1.7702800035476685,1.770480036735535,1.7662299871444702,1.768939971923828
2022-04-26 05:00:00+01:00,1.7689800262451172,1.7695300579071045,1.7656199932098389,1.7662999629974363
2022-04-26 06:00:00+01:00,1.7662999629974363,1.7677099704742432,1.7649699449539185,1.766819953918457
2022-04-26 07:00:00+01:00,1.7668800354003906,1.7703399658203125,1.7661900520324707,1.77020001411438
2022-04-26 08:00:00+01:00,1.77006995677948,1.771939992904663,1.7685699462890625,1.7694499492645264
2022-04-26 09:00:00+01:00,1.7694799900054932,1.7696599960327148,1.7662700414657593,1.766469955444336
2022-04-26 10:00:00+01:00,1.7664400339126587,1.7665200233459473,1.7623300552368164,1.762809991836548
2022-04-26 11:00:00+01:00,1.7628400325775146,1.764559984207153,1.7618900537490845,1.7630200386047363
2022-04-26 12:00:00+01:00,1.7630200386047363,1.763990044593811,1.76078999042511,1.7615300416946411
2022-04-26 13:00:00+01:00,1.7615300416946411,1.7642199993133545,1.7608699798583984,1.763990044593811
2022-04-26 14:00:00+01:00,1.763949990272522,1.7677199840545654,1.7630200386047363,1.767240047454834
2022-04-26 15:00:00+01:00,1.7671300172805786,1.7681100368499756,1.762369990348816,1.7639000415802002
2022-04-26 16:00:00+01:00,1.7639700174331665,1.766260027885437,1.7631200551986694,1.7659200429916382
2022-04-26 17:00:00+01:00,1.7659800052642822,1.7659800052642822,1.761039972305298,1.761780023574829
2022-04-26 18:00:00+01:00,1.7617599964141846,1.7634700536727903,1.7607300281524658,1.7609000205993652
2022-04-26 19:00:00+01:00,1.760949969291687,1.7616699934005735,1.7597399950027466,1.7614799737930298
2022-04-26 20:00:00+01:00,1.7615900039672852,1.7639000415802002,1.761139988899231,1.7637300491333008
2022-04-26 21:00:00+01:00,1.7637100219726562,1.7660599946975708,1.7621099948883057,1.7650599479675293
2022-04-26 22:00:00+01:00,1.7649400234222412,1.766029953956604,1.7641500234603882,1.764870047569275
2022-04-26 23:00:00+01:00,1.7649699449539185,1.7653599977493286,1.7620899677276611,1.7634899616241455
2022-04-27 00:00:00+01:00,1.7636200189590454,1.7637100219726562,1.761019945144653,1.7615400552749634
2022-04-27 01:00:00+01:00,1.7615900039672852,1.7644100189208984,1.7595499753952026,1.7634700536727903
2022-04-27 02:00:00+01:00,1.7636300325393677,1.7639199495315552,1.7544900178909302,1.7574299573898315
2022-04-27 03:00:00+01:00,1.7575600147247314,1.7614599466323853,1.7565200328826904,1.7565699815750122
2022-04-27 04:00:00+01:00,1.756450057029724,1.7574599981307983,1.7541199922561646,1.7560700178146362
2022-04-27 05:00:00+01:00,1.7557799816131592,1.7566399574279783,1.7515499591827393,1.7518500089645386
2022-04-27 06:00:00+01:00,1.7518800497055054,1.7547099590301514,1.7510000467300415,1.754289984703064
2022-04-27 07:00:00+01:00,1.7542599439620972,1.7557400465011597,1.7519400119781494,1.7537200450897217
2022-04-27 08:00:00+01:00,1.7536799907684326,1.7588200569152832,1.753559947013855,1.7555700540542605
2022-04-27 09:00:00+01:00,1.7554800510406494,1.7583199739456177,1.7529900074005127,1.7537399530410769
2022-04-27 10:00:00+01:00,1.7537000179290771,1.7615400552749634,1.752750039100647,1.7601300477981567
2022-04-27 11:00:00+01:00,1.7601300477981567,1.7617199420928955,1.7582000494003296,1.7589000463485718
2022-04-27 12:00:00+01:00,1.7588399648666382,1.7612799406051636,1.7588399648666382,1.7606799602508545
2022-04-27 13:00:00+01:00,1.7606899738311768,1.7627700567245483,1.758239984512329,1.7603299617767334
2022-04-27 14:00:00+01:00,1.760349988937378,1.7637100219726562,1.7593899965286257,1.7602699995040894
2022-04-27 15:00:00+01:00,1.7602699995040894,1.7626999616622925,1.758389949798584,1.759719967842102
2022-04-27 16:00:00+01:00,1.759719967842102,1.761579990386963,1.7584500312805176,1.760890007019043
2022-04-27 17:00:00+01:00,1.760890007019043,1.7618499994277954,1.7578099966049194,1.7595700025558472
2022-04-27 18:00:00+01:00,1.759559988975525,1.7604399919509888,1.7576600313186646,1.7578200101852417
2022-04-27 19:00:00+01:00,1.7579200267791748,1.761430025100708,1.757580041885376,1.7612500190734863
2022-04-27 20:00:00+01:00,1.7613400220870972,1.7622400522232056,1.760040044784546,1.7613999843597412
2022-04-27 21:00:00+01:00,1.7614699602127075,1.76173996925354,1.758739948272705,1.7601499557495115
2022-04-27 22:00:00+01:00,1.7593300342559814,1.7615000009536743,1.7586499452590942,1.759809970855713
2022-04-27 23:00:00+01:00,1.7601100206375122,1.7608799934387207,1.758550047874451,1.7594599723815918
2022-04-28 00:00:00+01:00,1.7591099739074707,1.7607200145721436,1.7589800357818604,1.7606099843978882
2022-04-28 01:00:00+01:00,1.7606699466705322,1.7621999979019165,1.7588499784469604,1.7604999542236328
2022-04-28 02:00:00+01:00,1.7605799436569214,1.762779951095581,1.7596999406814575,1.7609299421310425
2022-04-28 03:00:00+01:00,1.7610299587249756,1.762279987335205,1.7595200538635254,1.7611900568008425
2022-04-28 04:00:00+01:00,1.7611000537872314,1.7637200355529783,1.7600699663162231,1.7635799646377563
2022-04-28 05:00:00+01:00,1.7635899782180786,1.7655099630355835,1.7628899812698364,1.7632999420166016
2022-04-28 06:00:00+01:00,1.7632299661636353,1.7673300504684448,1.763069987297058,1.764870047569275
2022-04-28 07:00:00+01:00,1.764870047569275,1.7649400234222412,1.7596399784088137,1.7617700099945068
2022-04-28 08:00:00+01:00,1.7618000507354736,1.762120008468628,1.754080057144165,1.7553600072860718
2022-04-28 09:00:00+01:00,1.755229949951172,1.757349967956543,1.7546199560165403,1.7570500373840332
2022-04-28 10:00:00+01:00,1.7569799423217771,1.7594799995422363,1.7546199560165403,1.758800029754639
2022-04-28 11:00:00+01:00,1.7588900327682495,1.760949969291687,1.757099986076355,1.7576199769973757
2022-04-28 12:00:00+01:00,1.7577199935913086,1.7583400011062622,1.753659963607788,1.754330039024353
2022-04-28 13:00:00+01:00,1.7543200254440308,1.7578099966049194,1.7542799711227417,1.7565699815750122
2022-04-28 14:00:00+01:00,1.756700038909912,1.7582499980926514,1.7554700374603271,1.7560900449752808
2022-04-28 15:00:00+01:00,1.7560499906539917,1.7608400583267212,1.7553900480270386,1.7578799724578855
2022-04-28 16:00:00+01:00,1.757889986038208,1.7587900161743164,1.754930019378662,1.7574900388717651
2022-04-28 17:00:00+01:00,1.7574199438095093,1.7595900297164917,1.754420042037964,1.7549699544906616
2022-04-28 18:00:00+01:00,1.754979968070984,1.7552800178527832,1.7534799575805664,1.7538100481033323
2022-04-28 19:00:00+01:00,1.7538100481033323,1.7564799785614014,1.753209948539734,1.756450057029724
2022-04-28 20:00:00+01:00,1.756309986114502,1.757040023803711,1.7547999620437622,1.7551599740982056
2022-04-28 21:00:00+01:00,1.7551599740982056,1.757449984550476,1.7531700134277344,1.7543200254440308
2022-04-28 22:00:00+01:00,1.7546099424362185,1.7566900253295898,1.7515900135040283,1.7535099983215332
2022-04-28 23:00:00+01:00,1.7538399696350098,1.7557799816131592,1.753129959106445,1.7541099786758425
2022-04-29 00:00:00+01:00,1.7541099786758425,1.7549200057983398,1.752750039100647,1.7532199621200562
2022-04-29 01:00:00+01:00,1.753129959106445,1.753559947013855,1.749959945678711,1.752150058746338
2022-04-29 02:00:00+01:00,1.7521899938583374,1.7525899410247805,1.7500799894332886,1.7517499923706057
2022-04-29 03:00:00+01:00,1.7517600059509275,1.753640055656433,1.7500900030136108,1.7523800134658811
2022-04-29 04:00:00+01:00,1.7523399591445925,1.7527300119400024,1.7495700120925903,1.751139998435974
2022-04-29 05:00:00+01:00,1.7510700225830078,1.751170039176941,1.7482000589370728,1.7485699653625488
2022-04-29 06:00:00+01:00,1.7485599517822266,1.7513400316238403,1.7457599639892578,1.751139998435974
2022-04-29 07:00:00+01:00,1.7512400150299072,1.7549500465393066,1.749269962310791,1.7548199892044067
2022-04-29 08:00:00+01:00,1.754899978637695,1.7559599876403809,1.7529900074005127,1.7539499998092651
2022-04-29 09:00:00+01:00,1.7538299560546875,1.7571799755096436,1.753100037574768,1.756469964981079
2022-04-29 10:00:00+01:00,1.756420016288757,1.7569899559020996,1.753499984741211,1.754040002822876
2022-04-29 11:00:00+01:00,1.7539000511169434,1.7556300163269043,1.7525700330734253,1.752959966659546
2022-04-29 12:00:00+01:00,1.7529300451278689,1.754330039024353,1.7502599954605105,1.752310037612915
2022-04-29 13:00:00+01:00,1.752269983291626,1.7529699802398682,1.7490400075912476,1.7500900030136108
2022-04-29 14:00:00+01:00,1.7500900030136108,1.7542500495910645,1.7498400211334229,1.753469944000244
2022-04-29 15:00:00+01:00,1.7533799409866333,1.7687599658966064,1.7524299621582031,1.7647900581359863
2022-04-29 16:00:00+01:00,1.764919996261597,1.7700300216674805,1.764580011367798,1.7690600156784058
2022-04-29 17:00:00+01:00,1.7691700458526611,1.7760299444198608,1.7688699960708618,1.7754000425338743
2022-04-29 18:00:00+01:00,1.775439977645874,1.777169942855835,1.7740600109100342,1.775670051574707
2022-04-29 19:00:00+01:00,1.775670051574707,1.7792799472808838,1.7750600576400757,1.778939962387085
2022-04-29 20:00:00+01:00,1.7789900302886963,1.7804100513458252,1.7773300409317017,1.779919981956482
2022-04-29 21:00:00+01:00,1.7799500226974487,1.781749963760376,1.776900053024292,1.7801300287246704
2022-04-29 22:00:00+01:00,1.7798199653625488,1.7798199653625488,1.7798199653625488,1.7798199653625488
2022-04-29 00:00:00+01:00,1.7541099786758423,1.7549200057983398,1.752750039100647,1.7532199621200562
,Open,High,Low,Close
2021-11-01 00:00:00+00:00,1.8199700117111208,1.8212000131607056,1.8183799982070925,1.8204200267791748
2021-11-01 01:00:00+00:00,1.8205300569534304,1.821869969367981,1.8196699619293213,1.8205100297927856
2021-11-01 02:00:00+00:00,1.8205100297927856,1.8223199844360352,1.8201299905776973,1.821370005607605
2021-11-01 03:00:00+00:00,1.8214399814605715,1.822720050811768,1.8208800554275515,1.822460055351257
2021-11-01 04:00:00+00:00,1.822460055351257,1.8232899904251096,1.821660041809082,1.8221999406814573
2021-11-01 05:00:00+00:00,1.8222299814224243,1.823259949684143,1.821120023727417,1.8217400312423704
2021-11-01 06:00:00+00:00,1.821679949760437,1.82260000705719,1.8207600116729736,1.8219900131225584
2021-11-01 07:00:00+00:00,1.8219799995422363,1.8229800462722776,1.8199199438095093,1.8222700357437127
2021-11-01 08:00:00+00:00,1.8222899436950684,1.8238199949264529,1.8203400373458865,1.82082998752594
2021-11-01 09:00:00+00:00,1.8208400011062624,1.821370005607605,1.819260001182556,1.820080041885376
2021-11-01 10:00:00+00:00,1.8200900554656985,1.8205699920654297,1.8179500102996824,1.8196099996566768
2021-11-01 11:00:00+00:00,1.819599986076355,1.819880008697509,1.817229986190796,1.8197100162506104
2021-11-01 12:00:00+00:00,1.819700002670288,1.8215399980545044,1.8186500072479248,1.8206299543380733
2021-11-01 13:00:00+00:00,1.820619940757752,1.8214099407196045,1.8170700073242188,1.8183499574661253
2021-11-01 14:00:00+00:00,1.8182799816131592,1.818950057029724,1.8157299757003784,1.8177000284194944
2021-11-01 15:00:00+00:00,1.8177000284194944,1.818169951438904,1.814880013465881,1.815410017967224
2021-11-01 16:00:00+00:00,1.8154000043869016,1.8162800073623653,1.8137500286102293,1.8141499757766724
2021-11-01 17:00:00+00:00,1.814200043678284,1.8164900541305544,1.813809990882873,1.816290020942688
2021-11-01 18:00:00+00:00,1.816390037536621,1.81676995754242,1.8147300481796265,1.8163299560546875
2021-11-01 19:00:00+00:00,1.8163299560546875,1.817639946937561,1.815940022468567,1.8167599439620967
2021-11-01 20:00:00+00:00,1.816709995269776,1.817020058631897,1.8139599561691284,1.8149900436401367
2021-11-01 21:00:00+00:00,1.8141800165176392,1.8196300268173216,1.8137999773025515,1.8162800073623653
2021-11-01 22:00:00+00:00,1.816290020942688,1.8168100118637085,1.813770055770874,1.8158799409866333
2021-11-01 23:00:00+00:00,1.815960049629212,1.816650032997132,1.815250039100647,1.815719962120056
2021-11-02 00:00:00+00:00,1.815659999847412,1.8161499500274656,1.813969969749451,1.8144899606704712
2021-11-02 01:00:00+00:00,1.8145400285720823,1.8146699666976929,1.8123899698257449,1.8130799531936648
2021-11-02 02:00:00+00:00,1.8130899667739868,1.8154300451278689,1.8126699924469,1.81535005569458
2021-11-02 03:00:00+00:00,1.8154200315475464,1.8229299783706665,1.8127800226211548,1.81893002986908
2021-11-02 04:00:00+00:00,1.818989992141724,1.8237199783325195,1.818300008773804,1.82220995426178
2021-11-02 05:00:00+00:00,1.8222600221633911,1.8244800567626955,1.8206900358200075,1.8230400085449217
2021-11-02 06:00:00+00:00,1.8230299949646,1.8268699645996087,1.82246994972229,1.8257700204849243
2021-11-02 07:00:00+00:00,1.8264199495315552,1.829349994659424,1.8261799812316888,1.8276599645614624
2021-11-02 08:00:00+00:00,1.8276000022888184,1.8288700580596924,1.825899958610535,1.826650023460388
2021-11-02 09:00:00+00:00,1.8267500400543213,1.8279800415039065,1.824659943580628,1.8265899419784544
2021-11-02 10:00:00+00:00,1.8265700340271,1.8282099962234497,1.825850009918213,1.8272700309753416
2021-11-02 11:00:00+00:00,1.827209949493408,1.828220009803772,1.826259970664978,1.8281500339508057
2021-11-02 12:00:00+00:00,1.8280400037765503,1.8301299810409544,1.827299952507019,1.8296500444412231
2021-11-02 13:00:00+00:00,1.829740047454834,1.8305200338363647,1.8277499675750728,1.8285399675369265
2021-11-02 14:00:00+00:00,1.8286199569702148,1.8300800323486328,1.827450037002564,1.8290499448776243
2021-11-02 15:00:00+00:00,1.8290499448776243,1.8324799537658687,1.8278499841690063,1.8322199583053589
2021-11-02 16:00:00+00:00,1.832260012626648,1.8333499431610107,1.8310699462890625,1.8330199718475344
2021-11-02 17:00:00+00:00,1.832949995994568,1.834020018577576,1.8325599431991573,1.833619952201844
2021-11-02 18:00:00+00:00,1.833739995956421,1.834020018577576,1.832669973373413,1.8336600065231323
2021-11-02 19:00:00+00:00,1.8336700201034544,1.8342399597167969,1.8313299417495728,1.8318500518798828
2021-11-02 20:00:00+00:00,1.8319400548934937,1.8327200412750244,1.831240057945252,1.831779956817627
2021-11-02 21:00:00+00:00,1.8318099975585933,1.833459973335266,1.8302799463272093,1.831339955329895
2021-11-02 22:00:00+00:00,1.831339955329895,1.832900047302246,1.831339955329895,1.8323899507522583
2021-11-02 23:00:00+00:00,1.8324700593948364,1.8328200578689573,1.8305100202560425,1.830970048904419
2021-11-03 00:00:00+00:00,1.8310699462890625,1.833050012588501,1.8308500051498413,1.831740021705628
2021-11-03 01:00:00+00:00,1.831680059432984,1.833150029182434,1.830530047416687,1.832730054855347
2021-11-03 02:00:00+00:00,1.8328200578689573,1.8342399597167969,1.8323999643325808,1.833619952201844
2021-11-03 03:00:00+00:00,1.8336100578308103,1.8352400064468384,1.8326499462127688,1.833009958267212
2021-11-03 04:00:00+00:00,1.8330399990081787,1.8342499732971191,1.8318899869918823,1.8330299854278564
2021-11-03 05:00:00+00:00,1.8333699703216555,1.833459973335266,1.831769943237305,1.8319799900054927
2021-11-03 06:00:00+00:00,1.83204996585846,1.832299947738648,1.830420017242432,1.8313299417495728
2021-11-03 07:00:00+00:00,1.8313299417495728,1.83135998249054,1.828449964523316,1.8289999961853027
2021-11-03 08:00:00+00:00,1.829020023345948,1.830979943275452,1.8270200490951536,1.8306200504302976
2021-11-03 09:00:00+00:00,1.8306200504302976,1.8321399688720703,1.8295300006866453,1.830989956855774
2021-11-03 10:00:00+00:00,1.830970048904419,1.831769943237305,1.829390048980713,1.8299599885940552
2021-11-03 11:00:00+00:00,1.8299299478530884,1.8351800441741943,1.8293299674987795,1.834820032119751
2021-11-03 12:00:00+00:00,1.834820032119751,1.8367300033569336,1.83407998085022,1.8353899717330933
2021-11-03 13:00:00+00:00,1.835379958152771,1.8366700410842896,1.8349900245666504,1.8363900184631348
2021-11-03 14:00:00+00:00,1.8363699913024905,1.839229941368103,1.8354300260543823,1.8379499912261963
2021-11-03 15:00:00+00:00,1.8381500244140625,1.840569972991944,1.8375999927520752,1.838320016860962
2021-11-03 16:00:00+00:00,1.838320016860962,1.84197998046875,1.837689995765686,1.841930031776428
2021-11-03 17:00:00+00:00,1.8419400453567505,1.8424999713897705,1.8392200469970703,1.8398300409317017
2021-11-03 18:00:00+00:00,1.8398499488830569,1.8409600257873533,1.83542001247406,1.8371399641036987
2021-11-03 19:00:00+00:00,1.8372600078582764,1.83788001537323,1.8345500230789185,1.8357000350952148
2021-11-03 20:00:00+00:00,1.8357499837875368,1.8379000425338743,1.8349299430847168,1.8371299505233765
2021-11-03 21:00:00+00:00,1.837180018424988,1.83899998664856,1.8350000381469729,1.8365700244903564
2021-11-03 22:00:00+00:00,1.8365700244903564,1.8371399641036987,1.8349699974060056,1.8361999988555908
2021-11-03 23:00:00+00:00,1.8362300395965576,1.8363900184631348,1.833209991455078,1.833739995956421
2021-11-04 00:00:00+00:00,1.8333899974823,1.8344999551773071,1.8325200080871584,1.8342299461364744
2021-11-04 01:00:00+00:00,1.8342299461364744,1.834980010986328,1.8326300382614136,1.834030032157898
2021-11-04 02:00:00+00:00,1.834020018577576,1.834879994392395,1.831740021705628,1.832430005073548
2021-11-04 03:00:00+00:00,1.8324600458145144,1.8332699537277224,1.8315800428390503,1.832980036735535
2021-11-04 04:00:00+00:00,1.8330899477005005,1.8338700532913208,1.8316500186920168,1.8337299823760984
2021-11-04 05:00:00+00:00,1.8338199853897093,1.837049961090088,1.8334100246429443,1.836549997329712
2021-11-04 06:00:00+00:00,1.8365700244903564,1.838250041007996,1.8356399536132808,1.8375699520111084
2021-11-04 07:00:00+00:00,1.8375799655914309,1.8382799625396729,1.83433997631073,1.835970044136048
2021-11-04 08:00:00+00:00,1.8359899520874023,1.836840033531189,1.8343100547790527,1.83610999584198
2021-11-04 09:00:00+00:00,1.8361200094223025,1.8371100425720213,1.8345500230789185,1.8358500003814693
2021-11-04 10:00:00+00:00,1.8358500003814693,1.8362900018692017,1.83404004573822,1.8361400365829468
2021-11-04 11:00:00+00:00,1.8362300395965576,1.8403600454330444,1.8356300592422483,1.8382899761199951
2021-11-04 12:00:00+00:00,1.838750004768372,1.838750004768372,1.8243000507354736,1.8272900581359863
2021-11-04 13:00:00+00:00,1.8273600339889529,1.8286099433898928,1.825649976730347,1.826689958572388
2021-11-04 14:00:00+00:00,1.826689958572388,1.827569961547852,1.8246500492095947,1.826550006866455
2021-11-04 15:00:00+00:00,1.8265199661254885,1.8276000022888184,1.8221800327301023,1.822550058364868
2021-11-04 16:00:00+00:00,1.822530031204224,1.8259199857711792,1.8222500085830688,1.8238600492477417
2021-11-04 17:00:00+00:00,1.8239200115203853,1.8247300386428835,1.8228100538253784,1.8242599964141848
2021-11-04 18:00:00+00:00,1.8243600130081177,1.8251500129699707,1.8230600357055664,1.823349952697754
2021-11-04 19:00:00+00:00,1.8233400583267207,1.8245500326156616,1.823099970817566,1.8235599994659424
2021-11-04 20:00:00+00:00,1.8235700130462649,1.8249599933624268,1.8223799467086792,1.82385003566742
2021-11-04 21:00:00+00:00,1.822950005531311,1.8243999481201167,1.8213800191879272,1.8229600191116333
2021-11-04 22:00:00+00:00,1.823279976844788,1.8247400522232056,1.822659969329834,1.823930025100708
2021-11-04 23:00:00+00:00,1.82385003566742,1.8245699405670168,1.8227499723434448,1.8229899406433103
2021-11-05 00:00:00+00:00,1.823300004005432,1.8251700401306152,1.82177996635437,1.8240200281143188
2021-11-05 01:00:00+00:00,1.824049949645996,1.8265800476074217,1.8234299421310425,1.825600028038025
2021-11-05 02:00:00+00:00,1.8256200551986688,1.827929973602295,1.825279951095581,1.8260200023651123
2021-11-05 03:00:00+00:00,1.8260899782180784,1.82712996006012,1.8242499828338623,1.825070023536682
2021-11-05 04:00:00+00:00,1.824970006942749,1.825629949569702,1.8237500190734863,1.824429988861084
2021-11-05 05:00:00+00:00,1.8244400024414065,1.8266199827194207,1.8241100311279297,1.826509952545166
2021-11-05 06:00:00+00:00,1.826640009880066,1.827620029449463,1.825350046157837,1.826629996299744
2021-11-05 07:00:00+00:00,1.8265999555587769,1.828070044517517,1.82588005065918,1.8274999856948853
2021-11-05 08:00:00+00:00,1.8274799585342407,1.827569961547852,1.8223899602890008,1.8229999542236328
2021-11-05 09:00:00+00:00,1.823009967803955,1.8239699602127075,1.8211599588394165,1.8218200206756592
2021-11-05 10:00:00+00:00,1.82177996635437,1.8237099647521973,1.820520043373108,1.8234800100326536
2021-11-05 11:00:00+00:00,1.8234800100326536,1.824970006942749,1.822530031204224,1.8235599994659424
2021-11-05 12:00:00+00:00,1.823609948158264,1.8260899782180784,1.820369958877564,1.821300029754639
2021-11-05 13:00:00+00:00,1.821329951286316,1.8239799737930296,1.8199900388717647,1.822659969329834
2021-11-05 14:00:00+00:00,1.822659969329834,1.8236199617385864,1.8205699920654297,1.8208500146865845
2021-11-05 15:00:00+00:00,1.8208400011062624,1.8235700130462649,1.8202600479125977,1.8212900161743164
2021-11-05 16:00:00+00:00,1.821300029754639,1.8229299783706665,1.82014000415802,1.8227900266647337
2021-11-05 17:00:00+00:00,1.8228199481964111,1.8242199420928955,1.822550058364868,1.823349952697754
2021-11-05 18:00:00+00:00,1.8233100175857544,1.823799967765808,1.822029948234558,1.823240041732788
2021-11-05 19:00:00+00:00,1.823259949684143,1.823639988899231,1.8219499588012693,1.8228700160980225
2021-11-05 20:00:00+00:00,1.822800040245056,1.8238400220870967,1.8214499950408936,1.8228299617767327
2021-11-05 21:00:00+00:00,1.82260000705719,1.8234399557113647,1.82260000705719,1.8234399557113647
2021-11-05 22:00:00+00:00,1.8234399557113647,1.8234399557113647,1.8234399557113647,1.8234399557113647
2021-11-08 00:00:00+00:00,1.8240900039672847,1.825160026550293,1.823089957237244,1.8235399723052976
2021-11-08 01:00:00+00:00,1.8234000205993648,1.823989987373352,1.82220995426178,1.8236900568008425
2021-11-08 02:00:00+00:00,1.8236700296401973,1.8239799737930296,1.822059988975525,1.8230400085449217
2021-11-08 03:00:00+00:00,1.8231500387191768,1.8238400220870967,1.8214900493621824,1.821969985961914
2021-11-08 04:00:00+00:00,1.821900010108948,1.822610020637512,1.8207900524139404,1.8221299648284912
2021-11-08 05:00:00+00:00,1.8222899436950684,1.8227299451828003,1.8205699920654297,1.8208999633789065
2021-11-08 06:00:00+00:00,1.820970058441162,1.8227699995040887,1.820250034332276,1.8227699995040887
2021-11-08 07:00:00+00:00,1.8227699995040887,1.8227900266647337,1.820000052452088,1.8208500146865845
2021-11-08 08:00:00+00:00,1.820889949798584,1.8228700160980225,1.818950057029724,1.822510004043579
2021-11-08 09:00:00+00:00,1.822510004043579,1.8226200342178345,1.819239974021912,1.8218499422073364
2021-11-08 10:00:00+00:00,1.8218599557876587,1.822780013084412,1.821370005607605,1.8224200010299685
2021-11-08 11:00:00+00:00,1.82246994972229,1.8248900175094604,1.821239948272705,1.824790000915528
2021-11-08 12:00:00+00:00,1.824659943580628,1.8270000219345093,1.8237899541854856,1.826189994812012
2021-11-08 13:00:00+00:00,1.826259970664978,1.828029990196228,1.825819969177246,1.8268500566482544
2021-11-08 14:00:00+00:00,1.826879978179932,1.8272299766540527,1.8246899843215945,1.8266700506210327
2021-11-08 15:00:00+00:00,1.826629996299744,1.8292800188064573,1.825809955596924,1.8275099992752075
2021-11-08 16:00:00+00:00,1.8274999856948853,1.8277599811553955,1.8251099586486816,1.82574999332428
2021-11-08 17:00:00+00:00,1.825760006904602,1.8270000219345093,1.824970006942749,1.8268300294876096
2021-11-08 18:00:00+00:00,1.826810002326965,1.8269699811935425,1.8251700401306152,1.8258299827575684
2021-11-08 19:00:00+00:00,1.8260400295257568,1.826259970664978,1.824970006942749,1.8256100416183472
2021-11-08 20:00:00+00:00,1.825600028038025,1.8281099796295168,1.8253300189971924,1.82712996006012
2021-11-08 21:00:00+00:00,1.8271700143814087,1.8274600505828853,1.8258700370788568,1.8266199827194207
2021-11-08 22:00:00+00:00,1.8265700340271,1.8277299404144287,1.8231899738311768,1.827059984207153
2021-11-08 23:00:00+00:00,1.8271900415420528,1.829270005226136,1.8267799615859983,1.8290799856185915
2021-11-09 00:00:00+00:00,1.829200029373169,1.8321499824523928,1.82860004901886,1.831339955329895
2021-11-09 01:00:00+00:00,1.8313699960708616,1.8315099477767944,1.8297699689865112,1.8315099477767944
2021-11-09 02:00:00+00:00,1.8315000534057613,1.8318599462509155,1.8299100399017327,1.8313900232315063
2021-11-09 03:00:00+00:00,1.8313699960708616,1.8348000049591064,1.8311200141906736,1.8317899703979488
2021-11-09 04:00:00+00:00,1.8318599462509155,1.8323299884796145,1.830430030822754,1.8309299945831297
2021-11-09 05:00:00+00:00,1.8310500383377075,1.831169962882996,1.828969955444336,1.829859972000122
2021-11-09 06:00:00+00:00,1.829920053482056,1.830039978027344,1.8275400400161743,1.8279199600219729
2021-11-09 07:00:00+00:00,1.8279199600219729,1.829270005226136,1.8267699480056765,1.828969955444336
2021-11-09 08:00:00+00:00,1.8289899826049805,1.829270005226136,1.8265399932861328,1.827430009841919
2021-11-09 09:00:00+00:00,1.827430009841919,1.831689953804016,1.827059984207153,1.831279993057251
2021-11-09 10:00:00+00:00,1.8312900066375728,1.831629991531372,1.8296899795532229,1.830680012702942
2021-11-09 11:00:00+00:00,1.83066999912262,1.8325300216674805,1.829259991645813,1.831799983978272
2021-11-09 12:00:00+00:00,1.831779956817627,1.832810044288636,1.8311200141906736,1.8326300382614136
2021-11-09 13:00:00+00:00,1.8326300382614136,1.8332500457763672,1.8297499418258667,1.8306299448013303
2021-11-09 14:00:00+00:00,1.83053994178772,1.833590030670166,1.8290799856185915,1.833340048789978
2021-11-09 15:00:00+00:00,1.8333899974823,1.8379199504852293,1.832949995994568,1.83748996257782
2021-11-09 16:00:00+00:00,1.8374799489974976,1.83913004398346,1.8355799913406368,1.838670015335083
2021-11-09 17:00:00+00:00,1.8385900259017944,1.839699983596801,1.8380399942398071,1.838819980621338
2021-11-09 18:00:00+00:00,1.8389099836349487,1.8395800590515137,1.8377699851989744,1.8384599685668943
2021-11-09 19:00:00+00:00,1.8385499715805047,1.8389400243759155,1.837159991264344,1.838000059127808
2021-11-09 20:00:00+00:00,1.8379700183868408,1.8385100364685056,1.836609959602356,1.8369100093841555
2021-11-09 21:00:00+00:00,1.836899995803833,1.837679982185364,1.836459994316101,1.836989998817444
2021-11-09 22:00:00+00:00,1.8371299505233765,1.8380399942398071,1.8348400592803955,1.83762001991272
2021-11-09 23:00:00+00:00,1.8377000093460083,1.8391799926757808,1.836490035057068,1.838320016860962
2021-11-10 00:00:00+00:00,1.838379979133606,1.838819980621338,1.8372100591659544,1.8384300470352173
2021-11-10 01:00:00+00:00,1.8384300470352173,1.839630007743836,1.837649941444397,1.838639974594116
2021-11-10 02:00:00+00:00,1.8386600017547607,1.8410500288009644,1.8381500244140625,1.840970039367676
2021-11-10 03:00:00+00:00,1.841040015220642,1.8415800333023071,1.839769959449768,1.840440034866333
2021-11-10 04:00:00+00:00,1.8404799699783323,1.840939998626709,1.8393000364303589,1.839859962463379
2021-11-10 05:00:00+00:00,1.8399100303649905,1.842839956283569,1.839059948921204,1.842329978942871
2021-11-10 06:00:00+00:00,1.8422000408172607,1.842599987983704,1.841040015220642,1.841910004615784
2021-11-10 07:00:00+00:00,1.84185004234314,1.8425099849700928,1.840309977531433,1.840849995613098
2021-11-10 08:00:00+00:00,1.840839982032776,1.841629981994629,1.83404004573822,1.8360099792480469
2021-11-10 09:00:00+00:00,1.836050033569336,1.8375500440597528,1.8351900577545168,1.835860013961792
2021-11-10 10:00:00+00:00,1.8358700275421145,1.8377200365066528,1.8350600004196167,1.83719003200531
2021-11-10 11:00:00+00:00,1.837180018424988,1.8375699520111084,1.8344299793243408,1.8365700244903564
2021-11-10 12:00:00+00:00,1.8365600109100344,1.8365700244903564,1.8331199884414675,1.835070013999939
2021-11-10 13:00:00+00:00,1.8351199626922607,1.8369499444961548,1.831529974937439,1.8317899703979488
2021-11-10 14:00:00+00:00,1.831769943237305,1.8323899507522583,1.8297799825668333,1.830600023269653
2021-11-10 15:00:00+00:00,1.830600023269653,1.8321399688720703,1.8300800323486328,1.831130027770996
2021-11-10 16:00:00+00:00,1.8311200141906736,1.832800030708313,1.8293100595474243,1.829920053482056
2021-11-10 17:00:00+00:00,1.8299100399017327,1.831159949302673,1.8292299509048464,1.8298100233078003
2021-11-10 18:00:00+00:00,1.8298900127410889,1.8304699659347528,1.8269699811935425,1.829020023345948
2021-11-10 19:00:00+00:00,1.8292200565338133,1.830680012702942,1.8287500143051147,1.8295899629592896
2021-11-10 20:00:00+00:00,1.8295899629592896,1.8304500579833984,1.8280099630355835,1.8300199508666992
2021-11-10 21:00:00+00:00,1.8300199508666992,1.830440044403076,1.8287500143051147,1.829270005226136
2021-11-10 22:00:00+00:00,1.829270005226136,1.8303799629211424,1.8279399871826167,1.8288400173187256
2021-11-10 23:00:00+00:00,1.8288700580596924,1.8297499418258667,1.8269200325012207,1.8286700248718264
2021-11-11 00:00:00+00:00,1.828719973564148,1.8328200578689573,1.827640056610108,1.8310500383377075
2021-11-11 01:00:00+00:00,1.831110000610352,1.8317899703979488,1.829540014266968,1.830690026283264
2021-11-11 02:00:00+00:00,1.8305799961090088,1.8353899717330933,1.8299399614334104,1.8350499868392944
2021-11-11 03:00:00+00:00,1.835070013999939,1.836069941520691,1.8336000442504885,1.835100054740905
2021-11-11 04:00:00+00:00,1.83502995967865,1.8367899656295776,1.834519982337952,1.8360600471496584
2021-11-11 05:00:00+00:00,1.8360600471496584,1.836400032043457,1.8346400260925293,1.8358999490737915
2021-11-11 06:00:00+00:00,1.8358999490737915,1.836150050163269,1.83421003818512,1.8353699445724487
2021-11-11 07:00:00+00:00,1.835309982299805,1.8356800079345703,1.8323800563812256,1.8335200548172
2021-11-11 08:00:00+00:00,1.8335700035095213,1.8356900215148928,1.83256995677948,1.834699988365173
2021-11-11 09:00:00+00:00,1.83473002910614,1.836529970169068,1.83407998085022,1.8354300260543823
2021-11-11 10:00:00+00:00,1.83542001247406,1.8370100259780884,1.8346600532531736,1.8349900245666504
2021-11-11 11:00:00+00:00,1.8348900079727173,1.836529970169068,1.834149956703186,1.835070013999939
2021-11-11 12:00:00+00:00,1.8350600004196167,1.8364299535751345,1.8333499431610107,1.8356300592422483
2021-11-11 13:00:00+00:00,1.8356300592422483,1.836459994316101,1.8336800336837769,1.8343100547790527
2021-11-11 14:00:00+00:00,1.8343100547790527,1.835340023040772,1.833330035209656,1.834589958190918
2021-11-11 15:00:00+00:00,1.834570050239563,1.8349699974060056,1.831240057945252,1.832610011100769
2021-11-11 16:00:00+00:00,1.8325899839401243,1.8345099687576287,1.8316999673843384,1.8336299657821653
2021-11-11 17:00:00+00:00,1.8336299657821653,1.8344899415969849,1.832890033721924,1.833359956741333
2021-11-11 18:00:00+00:00,1.8334100246429443,1.833590030670166,1.83187997341156,1.8321199417114256
2021-11-11 19:00:00+00:00,1.832489967346192,1.8328200578689573,1.8316099643707275,1.8325400352478027
2021-11-11 20:00:00+00:00,1.8325300216674805,1.8336600065231323,1.831799983978272,1.8332899808883667
2021-11-11 21:00:00+00:00,1.8332699537277224,1.833840012550354,1.8310400247573853,1.8323400020599363
2021-11-11 22:00:00+00:00,1.8321199417114256,1.8344700336456297,1.8287400007247925,1.8325400352478027
2021-11-11 23:00:00+00:00,1.8328200578689573,1.8341200351715088,1.831969976425171,1.833009958267212
2021-11-12 00:00:00+00:00,1.833109974861145,1.8334800004959104,1.8318599462509155,1.8327800035476685
2021-11-12 01:00:00+00:00,1.832859992980957,1.834750056266785,1.8323500156402588,1.834570050239563
2021-11-12 02:00:00+00:00,1.834460020065308,1.834959983825684,1.833359956741333,1.8346699476242063
2021-11-12 03:00:00+00:00,1.8346400260925293,1.83559000492096,1.8339300155639648,1.8343600034713743
2021-11-12 04:00:00+00:00,1.8344099521636963,1.8344700336456297,1.833299994468689,1.8342599868774407
2021-11-12 05:00:00+00:00,1.834220051765442,1.8345600366592407,1.8322199583053589,1.8330399990081787
2021-11-12 06:00:00+00:00,1.8330600261688232,1.833590030670166,1.831920027732849,1.83296000957489
2021-11-12 07:00:00+00:00,1.8330600261688232,1.8339799642562864,1.8318099975585933,1.8324400186538696
2021-11-12 08:00:00+00:00,1.832450032234192,1.8360799551010127,1.8313299417495728,1.835530042648316
2021-11-12 09:00:00+00:00,1.835559964179993,1.8368200063705444,1.8348300457000728,1.836719989776612
2021-11-12 10:00:00+00:00,1.836719989776612,1.836989998817444,1.83407998085022,1.8348400592803955
2021-11-12 11:00:00+00:00,1.8348900079727173,1.836220026016236,1.8344199657440183,1.83545994758606
2021-11-12 12:00:00+00:00,1.83545994758606,1.8360999822616573,1.8339899778366089,1.835309982299805
2021-11-12 13:00:00+00:00,1.835260033607483,1.8359500169754028,1.8327499628067017,1.834650039672852
2021-11-12 14:00:00+00:00,1.83473002910614,1.834779977798462,1.8322099447250368,1.833199977874756
2021-11-12 15:00:00+00:00,1.833240032196045,1.83528995513916,1.829139947891236,1.8295300006866453
2021-11-12 16:00:00+00:00,1.8295600414276123,1.8321000337600708,1.828950047492981,1.831570029258728
2021-11-12 17:00:00+00:00,1.831560015678405,1.8316199779510496,1.829699993133545,1.8311500549316408
2021-11-12 18:00:00+00:00,1.8313000202178955,1.831990003585816,1.8299100399017327,1.830360054969788
2021-11-12 19:00:00+00:00,1.8303799629211424,1.8310500383377075,1.8297100067138672,1.8300700187683103
2021-11-12 20:00:00+00:00,1.8300700187683103,1.8306399583816528,1.8293800354003904,1.8298100233078003
2021-11-12 21:00:00+00:00,1.829789996147156,1.830420017242432,1.8260600566864007,1.8293999433517456
2021-11-12 22:00:00+00:00,1.829509973526001,1.829509973526001,1.829349994659424,1.829349994659424
2021-11-15 00:00:00+00:00,1.8296799659729004,1.83149003982544,1.829259991645813,1.8300600051879885
2021-11-15 01:00:00+00:00,1.830170035362244,1.8316600322723389,1.8294700384140008,1.8304500579833984
2021-11-15 02:00:00+00:00,1.830440044403076,1.8308299779891968,1.829100012779236,1.829789996147156
2021-11-15 03:00:00+00:00,1.829740047454834,1.8298799991607664,1.8284399509429927,1.829439997673035
2021-11-15 04:00:00+00:00,1.829450011253357,1.8297200202941888,1.8280600309371948,1.8287500143051147
2021-11-15 05:00:00+00:00,1.828760027885437,1.8300299644470213,1.8281199932098389,1.8286800384521484
2021-11-15 06:00:00+00:00,1.828760027885437,1.8289999961853027,1.827370047569275,1.8286700248718264
2021-11-15 07:00:00+00:00,1.8286800384521484,1.8289300203323364,1.8248800039291384,1.825690031051636
2021-11-15 08:00:00+00:00,1.8257399797439573,1.8257800340652464,1.823050022125244,1.8237199783325195
2021-11-15 09:00:00+00:00,1.82368004322052,1.8244600296020508,1.8216700553894043,1.8224200010299685
2021-11-15 10:00:00+00:00,1.8224200010299685,1.8228700160980225,1.8206700086593628,1.8222600221633911
2021-11-15 11:00:00+00:00,1.822280049324036,1.824589967727661,1.821269989013672,1.8244199752807613
2021-11-15 12:00:00+00:00,1.824290037155152,1.824810028076172,1.8225200176239007,1.8244400024414065
2021-11-15 13:00:00+00:00,1.82440996170044,1.8250900506973269,1.823240041732788,1.8246400356292725
2021-11-15 14:00:00+00:00,1.8246099948883057,1.825279951095581,1.823089957237244,1.8246999979019165
2021-11-15 15:00:00+00:00,1.8247300386428835,1.8273899555206297,1.82440996170044,1.8249000310897827
2021-11-15 16:00:00+00:00,1.82492995262146,1.826490044593811,1.823580026626587,1.8264199495315552
2021-11-15 17:00:00+00:00,1.8264000415802,1.8271000385284424,1.82509994506836,1.825850009918213
2021-11-15 18:00:00+00:00,1.825809955596924,1.826859951019287,1.8244400024414065,1.825940012931824
2021-11-15 19:00:00+00:00,1.825940012931824,1.827049970626831,1.8256700038909912,1.826709985733032
2021-11-15 20:00:00+00:00,1.8267300128936768,1.827569961547852,1.8247100114822388,1.8249900341033936
2021-11-15 21:00:00+00:00,1.8250199556350708,1.825909972190857,1.8245500326156616,1.8250499963760376
2021-11-15 22:00:00+00:00,1.8252300024032595,1.8267699480056765,1.8242499828338623,1.8254499435424805
2021-11-15 23:00:00+00:00,1.8254499435424805,1.8262699842453003,1.8247499465942385,1.8256399631500244
2021-11-16 00:00:00+00:00,1.8256100416183472,1.826159954071045,1.823220014572144,1.8247300386428835
2021-11-16 01:00:00+00:00,1.824720025062561,1.82506000995636,1.8224899768829343,1.8235000371932983
2021-11-16 02:00:00+00:00,1.8235599994659424,1.825279951095581,1.822759985923767,1.8244800567626955
2021-11-16 03:00:00+00:00,1.8245199918746948,1.825819969177246,1.8233100175857544,1.8255900144577024
2021-11-16 04:00:00+00:00,1.825569987297058,1.8267199993133545,1.8246999979019165,1.825659990310669
2021-11-16 05:00:00+00:00,1.8256399631500244,1.828660011291504,1.8244999647140503,1.8278299570083616
2021-11-16 06:00:00+00:00,1.827890038490296,1.829740047454834,1.827069997787476,1.829010009765625
2021-11-16 07:00:00+00:00,1.829200029373169,1.834349989891052,1.8288999795913696,1.8335200548172
2021-11-16 08:00:00+00:00,1.8338600397109983,1.834820032119751,1.8308199644088743,1.834529995918274
2021-11-16 09:00:00+00:00,1.834579944610596,1.835819959640503,1.8328200578689573,1.8348900079727173
2021-11-16 10:00:00+00:00,1.834879994392395,1.8349100351333616,1.8323999643325808,1.8328499794006348
2021-11-16 11:00:00+00:00,1.832859992980957,1.8330199718475344,1.830739974975586,1.831130027770996
2021-11-16 12:00:00+00:00,1.831130027770996,1.83378005027771,1.8305200338363647,1.8327499628067017
2021-11-16 13:00:00+00:00,1.83273994922638,1.8346699476242063,1.830350041389465,1.834439992904663
2021-11-16 14:00:00+00:00,1.8345099687576287,1.835360050201416,1.833109974861145,1.8352199792861936
2021-11-16 15:00:00+00:00,1.835279941558838,1.835909962654113,1.8333100080490112,1.83421003818512
2021-11-16 16:00:00+00:00,1.83421003818512,1.8369799852371216,1.8335100412368768,1.836899995803833
2021-11-16 17:00:00+00:00,1.8369100093841555,1.8390699625015257,1.8363499641418457,1.8380299806594849
2021-11-16 18:00:00+00:00,1.83814001083374,1.8387600183486936,1.8371299505233765,1.838369965553284
2021-11-16 19:00:00+00:00,1.838320016860962,1.839570045471192,1.837649941444397,1.8392599821090696
2021-11-16 20:00:00+00:00,1.8393100500106807,1.840569972991944,1.8380299806594849,1.8396400213241573
2021-11-16 21:00:00+00:00,1.8396400213241573,1.840090036392212,1.837309956550598,1.8384300470352173
2021-11-16 22:00:00+00:00,1.838230013847351,1.8394999504089355,1.836940050125122,1.8389099836349487
2021-11-16 23:00:00+00:00,1.8389099836349487,1.8401800394058228,1.8380099534988403,1.838750004768372
2021-11-17 00:00:00+00:00,1.8387199640274048,1.8432899713516235,1.838250041007996,1.8419599533081048
2021-11-17 01:00:00+00:00,1.8420499563217163,1.84460997581482,1.84103000164032,1.842990040779113
2021-11-17 02:00:00+00:00,1.8430399894714355,1.8440500497817995,1.8422399759292605,1.8436299562454224
2021-11-17 03:00:00+00:00,1.843250036239624,1.846009969711304,1.842829942703247,1.8438199758529663
2021-11-17 04:00:00+00:00,1.843809962272644,1.8439199924469,1.8422000408172607,1.8431999683380127
2021-11-17 05:00:00+00:00,1.8432199954986568,1.844230055809021,1.8425699472427368,1.8430800437927248
2021-11-17 06:00:00+00:00,1.8430800437927248,1.8434699773788448,1.8407700061798096,1.841969966888428
2021-11-17 07:00:00+00:00,1.8420900106430047,1.846379995346069,1.8416500091552728,1.8434300422668457
2021-11-17 08:00:00+00:00,1.843440055847168,1.845020055770874,1.8427300453186035,1.8444600105285645
2021-11-17 09:00:00+00:00,1.8444900512695312,1.846459984779358,1.8433200120925903,1.8446500301361084
2021-11-17 10:00:00+00:00,1.8446999788284304,1.8478800058364868,1.8435900211334229,1.847730040550232
2021-11-17 11:00:00+00:00,1.847749948501587,1.847769975662232,1.843809962272644,1.8447999954223635
2021-11-17 12:00:00+00:00,1.8447400331497192,1.8458600044250488,1.8440300226211548,1.844730019569397
2021-11-17 13:00:00+00:00,1.8447699546813965,1.848099946975708,1.844230055809021,1.84798002243042
2021-11-17 14:00:00+00:00,1.8479900360107424,1.8537399768829343,1.8474299907684328,1.850909948348999
2021-11-17 15:00:00+00:00,1.8509000539779663,1.8515900373458865,1.8491599559783936,1.850489974021912
2021-11-17 16:00:00+00:00,1.8505500555038448,1.8554400205612185,1.8498300313949585,1.854320049285889
2021-11-17 17:00:00+00:00,1.854320049285889,1.8565800189971924,1.8532500267028809,1.85562002658844
2021-11-17 18:00:00+00:00,1.8557100296020508,1.8569600582122805,1.8550100326538088,1.8567999601364136
2021-11-17 19:00:00+00:00,1.856809973716736,1.85739004611969,1.855530023574829,1.8572900295257568
2021-11-17 20:00:00+00:00,1.8573399782180784,1.857460021972656,1.855329990386963,1.8567800521850584
2021-11-17 21:00:00+00:00,1.8567999601364136,1.857499957084656,1.854509949684143,1.85510003566742
2021-11-17 22:00:00+00:00,1.854830026626587,1.8573600053787231,1.8541300296783447,1.8569300174713133
2021-11-17 23:00:00+00:00,1.857010006904602,1.857499957084656,1.8552299737930296,1.855530023574829
2021-11-18 00:00:00+00:00,1.8557499647140503,1.8578200340271,1.855129957199097,1.8575400114059448
2021-11-18 01:00:00+00:00,1.857570052146912,1.860030055046081,1.856899976730347,1.8587100505828853
2021-11-18 02:00:00+00:00,1.858739972114563,1.8595399856567385,1.8567700386047363,1.8571200370788568
2021-11-18 03:00:00+00:00,1.8571799993515008,1.8580000400543213,1.8554500341415403,1.8564300537109373
2021-11-18 04:00:00+00:00,1.856469988822937,1.856619954109192,1.853899955749512,1.854779958724976
2021-11-18 05:00:00+00:00,1.8547899723052976,1.85493004322052,1.8530999422073364,1.853309988975525
2021-11-18 06:00:00+00:00,1.853369951248169,1.8545600175857544,1.8523399829864504,1.8533799648284912
2021-11-18 07:00:00+00:00,1.853399991989136,1.854099988937378,1.851369976997376,1.8531299829483032
2021-11-18 08:00:00+00:00,1.853209972381592,1.8547300100326536,1.851989984512329,1.8542799949646
2021-11-18 09:00:00+00:00,1.8542499542236328,1.8547899723052976,1.8515700101852417,1.852180004119873
2021-11-18 10:00:00+00:00,1.852220058441162,1.8535399436950684,1.8514399528503416,1.8524099588394165
2021-11-18 11:00:00+00:00,1.8524199724197388,1.8527899980545044,1.8502800464630127,1.850929975509644
2021-11-18 12:00:00+00:00,1.8509399890899656,1.8514599800109863,1.849609971046448,1.8502099514007568
2021-11-18 13:00:00+00:00,1.85018002986908,1.854990005493164,1.849670052528381,1.8543100357055664
2021-11-18 14:00:00+00:00,1.854359984397888,1.8551700115203853,1.8522900342941284,1.8544299602508545
2021-11-18 15:00:00+00:00,1.8543699979782104,1.858139991760254,1.852970004081726,1.8563799858093264
2021-11-18 16:00:00+00:00,1.8563599586486816,1.857499957084656,1.853960037231445,1.8554400205612185
2021-11-18 17:00:00+00:00,1.855370044708252,1.8557000160217283,1.8531999588012693,1.85493004322052
2021-11-18 18:00:00+00:00,1.8550000190734863,1.8567399978637693,1.8547099828720093,1.856289982795716
2021-11-18 19:00:00+00:00,1.856289982795716,1.856469988822937,1.854670047760009,1.8549699783325195
2021-11-18 20:00:00+00:00,1.854990005493164,1.85548996925354,1.8539799451828003,1.8550699949264529
2021-11-18 21:00:00+00:00,1.8550699949264529,1.8558199405670168,1.8533799648284912,1.8534899950027464
2021-11-18 22:00:00+00:00,1.8538299798965447,1.8559999465942385,1.85169005393982,1.8550699949264529
2021-11-18 23:00:00+00:00,1.8548099994659424,1.855139970779419,1.853909969329834,1.8549699783325195
2021-11-19 00:00:00+00:00,1.8550699949264529,1.855290055274964,1.853700041770935,1.85493004322052
2021-11-19 01:00:00+00:00,1.85493004322052,1.8560199737548828,1.8528200387954712,1.8534799814224243
2021-11-19 02:00:00+00:00,1.8534799814224243,1.8545900583267207,1.8524199724197388,1.854449987411499
2021-11-19 03:00:00+00:00,1.854519963264465,1.8556300401687624,1.8535000085830688,1.854259967803955
2021-11-19 04:00:00+00:00,1.854259967803955,1.854580044746399,1.8528300523757928,1.8537499904632568
2021-11-19 05:00:00+00:00,1.85371994972229,1.8541500568389893,1.851619958877564,1.8520100116729736
2021-11-19 06:00:00+00:00,1.8520300388336184,1.8531299829483032,1.8512799739837649,1.8526400327682493
2021-11-19 07:00:00+00:00,1.852710008621216,1.853780031204224,1.8519799709320068,1.852499961853028
2021-11-19 08:00:00+00:00,1.8525400161743164,1.853340029716492,1.849310040473938,1.8496899604797363
2021-11-19 09:00:00+00:00,1.849760055541992,1.8549200296401973,1.8481199741363523,1.854519963264465
2021-11-19 10:00:00+00:00,1.854470014572144,1.8546799421310425,1.8522000312805176,1.854030013084412
2021-11-19 11:00:00+00:00,1.854030013084412,1.858819961547852,1.8535399436950684,1.8582299947738647
2021-11-19 12:00:00+00:00,1.85820996761322,1.85820996761322,1.854910016059876,1.8555699586868288
2021-11-19 13:00:00+00:00,1.85562002658844,1.8572399616241453,1.854339957237244,1.8550200462341309
2021-11-19 14:00:00+00:00,1.8550200462341309,1.8562599420547483,1.8525999784469604,1.8531299829483032
2021-11-19 15:00:00+00:00,1.853209972381592,1.8563599586486816,1.8523999452590945,1.8554600477218628
2021-11-19 16:00:00+00:00,1.8554600477218628,1.8569600582122805,1.8544100522994995,1.856619954109192
2021-11-19 17:00:00+00:00,1.8566499948501587,1.858590006828308,1.8554199934005733,1.857630014419556
2021-11-19 18:00:00+00:00,1.8576500415802,1.858870029449463,1.856950044631958,1.858450055122376
2021-11-19 19:00:00+00:00,1.858450055122376,1.8591200113296509,1.8577899932861328,1.8585200309753416
2021-11-19 20:00:00+00:00,1.8585100173950195,1.8592599630355835,1.857740044593811,1.8585200309753416
2021-11-19 21:00:00+00:00,1.8585200309753416,1.859509944915772,1.8562599420547483,1.858530044555664
2021-11-19 22:00:00+00:00,1.8584100008010864,1.860159993171692,1.8584100008010864,1.8597300052642824
2021-11-22 00:00:00+00:00,1.857460021972656,1.8595600128173828,1.856320023536682,1.8579100370407104
2021-11-22 01:00:00+00:00,1.8579200506210327,1.8585200309753416,1.8559900522232056,1.8562400341033936
2021-11-22 02:00:00+00:00,1.8562999963760376,1.8570300340652464,1.8546299934387207,1.85634994506836
2021-11-22 03:00:00+00:00,1.85634994506836,1.8565900325775144,1.854339957237244,1.8549400568008425
2021-11-22 04:00:00+00:00,1.8549400568008425,1.854949951171875,1.8523999452590945,1.853659987449646
2021-11-22 05:00:00+00:00,1.8536700010299685,1.854519963264465,1.8527899980545044,1.853410005569458
2021-11-22 06:00:00+00:00,1.853469967842102,1.854529976844788,1.8526300191879272,1.8542499542236328
2021-11-22 07:00:00+00:00,1.854320049285889,1.8546299934387207,1.851539969444275,1.8523399829864504
2021-11-22 08:00:00+00:00,1.852309942245484,1.8532400131225584,1.850260019302368,1.8521699905395508
2021-11-22 09:00:00+00:00,1.8521499633789065,1.8525700569152832,1.8498300313949585,1.850819945335388
2021-11-22 10:00:00+00:00,1.850810050964356,1.8519099950790403,1.8499699831008911,1.851770043373108
2021-11-22 11:00:00+00:00,1.851770043373108,1.8526699542999268,1.849869966506958,1.852309942245484
2021-11-22 12:00:00+00:00,1.85221004486084,1.8530700206756592,1.850430011749268,1.852220058441162
2021-11-22 13:00:00+00:00,1.8522299528121948,1.8523499965667725,1.8487199544906616,1.849179983139038
2021-11-22 14:00:00+00:00,1.849110007286072,1.8510700464248653,1.8471800088882449,1.85030996799469
2021-11-22 15:00:00+00:00,1.8503299951553345,1.8513400554656985,1.8479399681091309,1.848960041999817
2021-11-22 16:00:00+00:00,1.848889946937561,1.853970050811768,1.848610043525696,1.8537499904632568
2021-11-22 17:00:00+00:00,1.8537499904632568,1.854490041732788,1.8518600463867188,1.8523499965667725
2021-11-22 18:00:00+00:00,1.8522800207138064,1.853060007095337,1.8518600463867188,1.852460026741028
2021-11-22 19:00:00+00:00,1.8524399995803835,1.8530000448226929,1.851580023765564,1.85221004486084
2021-11-22 20:00:00+00:00,1.8522800207138064,1.8545000553131104,1.851989984512329,1.8540199995040887
2021-11-22 21:00:00+00:00,1.8539999723434448,1.854359984397888,1.852270007133484,1.8541200160980225
2021-11-22 22:00:00+00:00,1.8541300296783447,1.8544399738311768,1.8519400358200075,1.8536800146102903
2021-11-22 23:00:00+00:00,1.8535499572753904,1.8540400266647337,1.8525700569152832,1.853600025177002
2021-11-23 00:00:00+00:00,1.8536200523376465,1.854169964790344,1.85247004032135,1.85371994972229
2021-11-23 01:00:00+00:00,1.853780031204224,1.854339957237244,1.8516299724578853,1.8526400327682493
2021-11-23 02:00:00+00:00,1.852579951286316,1.8551700115203853,1.8521100282669067,1.853309988975525
2021-11-23 03:00:00+00:00,1.853309988975525,1.8540400266647337,1.8524399995803835,1.8536700010299685
2021-11-23 04:00:00+00:00,1.853760004043579,1.85479998588562,1.8529900312423704,1.8544600009918213
2021-11-23 05:00:00+00:00,1.854490041732788,1.855839967727661,1.853919982910156,1.8555200099945068
2021-11-23 06:00:00+00:00,1.8554600477218628,1.8556499481201167,1.853410005569458,1.854009985923767
2021-11-23 07:00:00+00:00,1.8539299964904783,1.855159997940064,1.8532899618148804,1.8538899421691888
2021-11-23 08:00:00+00:00,1.853899955749512,1.855370044708252,1.852869987487793,1.8539400100708008
2021-11-23 09:00:00+00:00,1.8540199995040887,1.854030013084412,1.850379943847656,1.85169005393982
2021-11-23 10:00:00+00:00,1.8517199754714968,1.8517600297927856,1.849120020866394,1.849660038948059
2021-11-23 11:00:00+00:00,1.8492900133132928,1.8516600131988523,1.8492900133132928,1.850540041923523
2021-11-23 12:00:00+00:00,1.850600004196167,1.851130008697509,1.849179983139038,1.850000023841858
2021-11-23 13:00:00+00:00,1.849990010261536,1.852300047874451,1.8496400117874143,1.852270007133484
2021-11-23 14:00:00+00:00,1.852270007133484,1.8524500131607056,1.849550008773804,1.850319981575012
2021-11-23 15:00:00+00:00,1.850319981575012,1.852530002593994,1.8496899604797363,1.8519500494003296
2021-11-23 16:00:00+00:00,1.8519099950790403,1.8543299436569207,1.8516700267791748,1.8536900281906128
2021-11-23 17:00:00+00:00,1.8537399768829343,1.8542799949646,1.8517999649047847,1.8528900146484373
2021-11-23 18:00:00+00:00,1.852929949760437,1.8532899618148804,1.8513599634170528,1.8518999814987185
2021-11-23 19:00:00+00:00,1.851930022239685,1.8528800010681152,1.8514200448989868,1.852460026741028
2021-11-23 20:00:00+00:00,1.852519989013672,1.8526899814605715,1.850430011749268,1.8508800268173216
2021-11-23 21:00:00+00:00,1.8508800268173216,1.8519599437713623,1.849920034408569,1.8507000207901
2021-11-23 22:00:00+00:00,1.850729942321777,1.8517199754714968,1.8492499589920044,1.850950002670288
2021-11-23 23:00:00+00:00,1.850950002670288,1.8522800207138064,1.8501399755477903,1.8519400358200075
2021-11-24 00:00:00+00:00,1.851930022239685,1.8524800539016724,1.851040005683899,1.8519599437713623
2021-11-24 01:00:00+00:00,1.8519099950790403,1.853860020637512,1.8507200479507449,1.8528599739074707
2021-11-24 02:00:00+00:00,1.8528300523757928,1.8536800146102903,1.8514100313186648,1.8525400161743164
2021-11-24 03:00:00+00:00,1.852530002593994,1.8560099601745603,1.8520400524139404,1.8553099632263184
2021-11-24 04:00:00+00:00,1.855239987373352,1.8573600053787231,1.855049967765808,1.855180025100708
2021-11-24 05:00:00+00:00,1.855530023574829,1.855929970741272,1.8536200523376465,1.854390025138855
2021-11-24 06:00:00+00:00,1.8544000387191768,1.8545000553131104,1.8525899648666384,1.853469967842102
2021-11-24 07:00:00+00:00,1.8534899950027464,1.854859948158264,1.8524800539016724,1.852499961853028
2021-11-24 08:00:00+00:00,1.852620005607605,1.853469967842102,1.8509700298309328,1.8510899543762207
2021-11-24 09:00:00+00:00,1.8511799573898315,1.8518500328063965,1.8495299816131592,1.850260019302368
2021-11-24 10:00:00+00:00,1.850319981575012,1.8520499467849727,1.849239945411682,1.8518999814987185
2021-11-24 11:00:00+00:00,1.851930022239685,1.854320049285889,1.8515199422836304,1.85359001159668
2021-11-24 12:00:00+00:00,1.8536299467086792,1.8557000160217283,1.8529800176620483,1.8535699844360352
2021-11-24 13:00:00+00:00,1.8534899950027464,1.855909943580628,1.851889967918396,1.855909943580628
2021-11-24 14:00:00+00:00,1.8559000492095947,1.8565800189971924,1.853399991989136,1.853659987449646
2021-11-24 15:00:00+00:00,1.8532299995422363,1.8540799617767327,1.8514200448989868,1.8535799980163568
2021-11-24 16:00:00+00:00,1.8535799980163568,1.854269981384277,1.8509700298309328,1.8522299528121948
2021-11-24 17:00:00+00:00,1.8522299528121948,1.853649973869324,1.8514800071716309,1.8531999588012693
2021-11-24 18:00:00+00:00,1.8531999588012693,1.85359001159668,1.8520300388336184,1.8530800342559808
2021-11-24 19:00:00+00:00,1.8531099557876587,1.8541100025177,1.8514599800109863,1.8521499633789065
2021-11-24 20:00:00+00:00,1.8521499633789065,1.8529200553894043,1.851250052452088,1.8516299724578853
2021-11-24 21:00:00+00:00,1.8516600131988523,1.852779984474182,1.8509399890899656,1.8513400554656985
2021-11-24 22:00:00+00:00,1.8513000011444087,1.852810025215149,1.85018002986908,1.8519400358200075
2021-11-24 23:00:00+00:00,1.8518799543380733,1.8523900508880613,1.8501900434494016,1.8507499694824217
2021-11-25 00:00:00+00:00,1.850890040397644,1.8519099950790403,1.8498899936676023,1.8519099950790403
2021-11-25 01:00:00+00:00,1.8518999814987185,1.852429986000061,1.8507000207901,1.8518600463867188
2021-11-25 02:00:00+00:00,1.8518799543380733,1.8528599739074707,1.850810050964356,1.852579951286316
2021-11-25 03:00:00+00:00,1.8526099920272827,1.8533899784088133,1.85169005393982,1.8528800010681152
2021-11-25 04:00:00+00:00,1.8529200553894043,1.8535799980163568,1.8523600101470947,1.8526899814605715
2021-11-25 05:00:00+00:00,1.852679967880249,1.853950023651123,1.852220058441162,1.8530800342559808
2021-11-25 06:00:00+00:00,1.8530100584030151,1.8534300327301023,1.8522000312805176,1.853209972381592
2021-11-25 07:00:00+00:00,1.8532999753952024,1.8533899784088133,1.8512200117111208,1.8532299995422363
2021-11-25 08:00:00+00:00,1.8532500267028809,1.854740023612976,1.851889967918396,1.854390025138855
2021-11-25 09:00:00+00:00,1.854449987411499,1.8564599752426147,1.8536700010299685,1.8545399904251096
2021-11-25 10:00:00+00:00,1.854580044746399,1.8550599813461304,1.8526699542999268,1.8528900146484373
2021-11-25 11:00:00+00:00,1.852910041809082,1.8545700311660769,1.8518400192260744,1.8531999588012693
2021-11-25 12:00:00+00:00,1.853209972381592,1.8538299798965447,1.851699948310852,1.8536800146102903
2021-11-25 13:00:00+00:00,1.8538099527359009,1.854349970817566,1.8517099618911743,1.853350043296814
2021-11-25 14:00:00+00:00,1.8533799648284912,1.85385000705719,1.8512400388717647,1.8515299558639529
2021-11-25 15:00:00+00:00,1.8516099452972408,1.8533200025558472,1.8509199619293213,1.8525400161743164
2021-11-25 16:00:00+00:00,1.852650046348572,1.8537399768829343,1.85224997997284,1.8531700372695925
2021-11-25 17:00:00+00:00,1.8531700372695925,1.8542300462722776,1.8525400161743164,1.8538099527359009
2021-11-25 18:00:00+00:00,1.8537700176239007,1.8546299934387207,1.85155999660492,1.8526999950408936
2021-11-25 19:00:00+00:00,1.8529900312423704,1.8541300296783447,1.851349949836731,1.85302996635437
2021-11-25 20:00:00+00:00,1.8531299829483032,1.853780031204224,1.8508399724960327,1.8531399965286253
2021-11-25 21:00:00+00:00,1.8531399965286253,1.8537399768829343,1.8511199951171875,1.851639986038208
2021-11-25 22:00:00+00:00,1.852710008621216,1.8535100221633911,1.8480299711227417,1.8526899814605715
2021-11-25 23:00:00+00:00,1.8526899814605715,1.8557100296020508,1.851099967956543,1.8554999828338623
2021-11-26 00:00:00+00:00,1.8556900024414065,1.857699990272522,1.8544000387191768,1.855839967727661
2021-11-26 01:00:00+00:00,1.8558299541473389,1.8593499660491943,1.8548799753189087,1.8590400218963623
2021-11-26 02:00:00+00:00,1.8590999841690063,1.862720012664795,1.8586399555206297,1.861979961395264
2021-11-26 03:00:00+00:00,1.862030029296875,1.8642899990081787,1.8610600233078003,1.862380027770996
2021-11-26 04:00:00+00:00,1.8623900413513184,1.8635599613189693,1.8614699840545648,1.862920045852661
2021-11-26 05:00:00+00:00,1.862920045852661,1.8639099597930908,1.861610054969788,1.862339973449707
2021-11-26 06:00:00+00:00,1.862339973449707,1.8650000095367432,1.8617099523544312,1.864429950714112
2021-11-26 07:00:00+00:00,1.8644100427627563,1.867709994316101,1.8642899990081787,1.8675999641418457
2021-11-26 08:00:00+00:00,1.8676600456237795,1.869830012321472,1.8628599643707275,1.8632500171661377
2021-11-26 09:00:00+00:00,1.8632800579071045,1.8696000576019287,1.862939953804016,1.8680700063705444
2021-11-26 10:00:00+00:00,1.8680200576782229,1.8683600425720213,1.863700032234192,1.8670400381088257
2021-11-26 11:00:00+00:00,1.8669099807739256,1.8682600259780884,1.865520000457764,1.866860032081604
2021-11-26 12:00:00+00:00,1.866979956626892,1.867400050163269,1.863800048828125,1.865630030632019
2021-11-26 13:00:00+00:00,1.865779995918274,1.8682299852371216,1.864949941635132,1.86684000492096
2021-11-26 14:00:00+00:00,1.866979956626892,1.8677599430084229,1.865190029144287,1.865820050239563
2021-11-26 15:00:00+00:00,1.865700006484985,1.8719300031661987,1.865210056304932,1.8711700439453125
2021-11-26 16:00:00+00:00,1.8712799549102783,1.8722100257873533,1.8686399459838867,1.870000004768372
2021-11-26 17:00:00+00:00,1.870059967041016,1.8712999820709229,1.8676999807357788,1.8705099821090696
2021-11-26 18:00:00+00:00,1.8705099821090696,1.87417995929718,1.8677599430084229,1.871940016746521
2021-11-26 19:00:00+00:00,1.871790051460266,1.8751399517059328,1.868839979171753,1.872779965400696
2021-11-26 20:00:00+00:00,1.8727400302886963,1.876870036125183,1.8654299974441528,1.871510028839112
2021-11-26 21:00:00+00:00,1.8716200590133667,1.8782600164413448,1.8673900365829468,1.8717999458312988
2021-11-26 22:00:00+00:00,1.871399998664856,1.871399998664856,1.871399998664856,1.871399998664856
2021-11-29 00:00:00+00:00,1.867650032043457,1.8691099882125848,1.866510033607483,1.8683600425720213
2021-11-29 01:00:00+00:00,1.868409991264344,1.868839979171753,1.8663899898529053,1.8671499490737915
2021-11-29 02:00:00+00:00,1.8671400547027588,1.868170022964477,1.8661400079727173,1.8670599460601809
2021-11-29 03:00:00+00:00,1.867030024528504,1.8688499927520752,1.865380048751831,1.865900039672852
2021-11-29 04:00:00+00:00,1.865960001945496,1.8676199913024905,1.8653199672698968,1.8666800260543823
2021-11-29 05:00:00+00:00,1.86670994758606,1.8700400590896609,1.866459965705872,1.8682199716567995
2021-11-29 06:00:00+00:00,1.868250012397766,1.869330048561096,1.8650699853897093,1.865779995918274
2021-11-29 07:00:00+00:00,1.865790009498596,1.8663400411605835,1.863860011100769,1.8647300004959104
2021-11-29 08:00:00+00:00,1.8647799491882324,1.868170022964477,1.864199995994568,1.867519974708557
2021-11-29 09:00:00+00:00,1.8676400184631348,1.868170022964477,1.8649300336837769,1.8660500049591064
2021-11-29 10:00:00+00:00,1.866029977798462,1.8678300380706787,1.864060044288636,1.8676300048828125
2021-11-29 11:00:00+00:00,1.8676300048828125,1.8679800033569336,1.8649300336837769,1.865880012512207
2021-11-29 12:00:00+00:00,1.8659100532531736,1.8683500289916992,1.865380048751831,1.86615002155304
2021-11-29 13:00:00+00:00,1.86615002155304,1.866559982299805,1.8632800579071045,1.863919973373413
2021-11-29 14:00:00+00:00,1.8638999462127688,1.8647500276565552,1.8623299598693848,1.864429950714112
2021-11-29 15:00:00+00:00,1.8645299673080444,1.868549942970276,1.863240003585816,1.8682199716567995
2021-11-29 16:00:00+00:00,1.8681800365448,1.8692200183868408,1.8665800094604488,1.867050051689148
2021-11-29 17:00:00+00:00,1.8670200109481807,1.8673700094223025,1.863919973373413,1.8659900426864624
2021-11-29 18:00:00+00:00,1.865960001945496,1.866070032119751,1.8633099794387813,1.863739967346192
2021-11-29 19:00:00+00:00,1.863680005073548,1.864789962768555,1.8632899522781368,1.864359974861145
2021-11-29 20:00:00+00:00,1.8644399642944336,1.8659299612045288,1.8640400171279907,1.865440011024475
2021-11-29 21:00:00+00:00,1.865399956703186,1.8656599521636963,1.863019943237305,1.8631099462509155
2021-11-29 22:00:00+00:00,1.863420009613037,1.866269946098328,1.8621200323104856,1.863549947738648
2021-11-29 23:00:00+00:00,1.863549947738648,1.8642499446868896,1.8625999689102173,1.8629000186920168
2021-11-30 00:00:00+00:00,1.8632099628448489,1.8649100065231323,1.861979961395264,1.8648099899291992
2021-11-30 01:00:00+00:00,1.8647799491882324,1.8650599718093872,1.8629499673843384,1.8638700246810915
2021-11-30 02:00:00+00:00,1.863919973373413,1.8643699884414675,1.862210035324097,1.8625099658966064
2021-11-30 03:00:00+00:00,1.862529993057251,1.8652499914169312,1.861999988555908,1.864050030708313
2021-11-30 04:00:00+00:00,1.8640999794006348,1.8653099536895752,1.8635200262069704,1.8646199703216555
2021-11-30 05:00:00+00:00,1.864629983901977,1.8750499486923216,1.863890051841736,1.8748199939727783
2021-11-30 06:00:00+00:00,1.8747999668121336,1.87654995918274,1.871569991111756,1.873810052871704
2021-11-30 07:00:00+00:00,1.873810052871704,1.874940037727356,1.869869947433472,1.872030019760132
2021-11-30 08:00:00+00:00,1.8719799518585205,1.8767999410629272,1.8706599473953247,1.8758100271224976
2021-11-30 09:00:00+00:00,1.87582004070282,1.8786799907684328,1.8746800422668457,1.875360012054444
2021-11-30 10:00:00+00:00,1.875360012054444,1.8758399486541748,1.8715499639511108,1.8725600242614744
2021-11-30 11:00:00+00:00,1.8725600242614744,1.873479962348938,1.8694599866867063,1.870630025863648
2021-11-30 12:00:00+00:00,1.8707200288772583,1.8709299564361568,1.8667700290679927,1.8675600290298464
2021-11-30 13:00:00+00:00,1.8675099611282349,1.8681999444961548,1.864840030670166,1.8658900260925293
2021-11-30 14:00:00+00:00,1.8658000230789185,1.866610050201416,1.8637800216674805,1.8654899597167969
2021-11-30 15:00:00+00:00,1.8655099868774407,1.8709100484848025,1.8630599975585933,1.865710020065308
2021-11-30 16:00:00+00:00,1.8656699657440183,1.8700499534606927,1.8635900020599363,1.869060039520264
2021-11-30 17:00:00+00:00,1.869060039520264,1.871019959449768,1.8668999671936035,1.8675400018692017
2021-11-30 18:00:00+00:00,1.8675400018692017,1.8677599430084229,1.8643800020217896,1.8653099536895752
2021-11-30 19:00:00+00:00,1.865280032157898,1.866029977798462,1.86421000957489,1.865339994430542
2021-11-30 20:00:00+00:00,1.8653199672698968,1.8671300411224363,1.8644800186157229,1.865949988365173
2021-11-30 21:00:00+00:00,1.86601996421814,1.8668800592422483,1.8645999431610107,1.8651200532913208
2021-11-30 22:00:00+00:00,1.8652299642562864,1.8672900199890137,1.862779974937439,1.8660900592803955
2021-11-30 23:00:00+00:00,1.866209983825684,1.867930054664612,1.865149974822998,1.8657499551773071
2021-12-01 00:00:00+00:00,1.8658699989318848,1.867089986801148,1.8631099462509155,1.864949941635132
2021-12-01 01:00:00+00:00,1.8649699687957764,1.865399956703186,1.861799955368042,1.8630800247192385
2021-12-01 02:00:00+00:00,1.8630900382995603,1.8631900548934937,1.8591500520706177,1.8595900535583496
2021-12-01 03:00:00+00:00,1.8596099615097048,1.8610700368881223,1.8582600355148315,1.8597700595855715
2021-12-01 04:00:00+00:00,1.8597999811172483,1.8600000143051147,1.8573399782180784,1.858389973640442
2021-12-01 05:00:00+00:00,1.858389973640442,1.8593499660491943,1.8576699495315552,1.859089970588684
2021-12-01 06:00:00+00:00,1.859089970588684,1.8606300354003904,1.8571799993515008,1.8604999780654907
2021-12-01 07:00:00+00:00,1.8604799509048464,1.8635300397872925,1.8597899675369265,1.862190008163452
2021-12-01 08:00:00+00:00,1.862149953842163,1.8628599643707275,1.8594900369644165,1.8602999448776243
2021-12-01 09:00:00+00:00,1.8603099584579468,1.863070011138916,1.8584200143814087,1.8606499433517456
2021-12-01 10:00:00+00:00,1.8607100248336792,1.862249970436096,1.8592900037765503,1.8607499599456787
2021-12-01 11:00:00+00:00,1.8607499599456787,1.8627899885177608,1.8592100143432613,1.8624000549316408
2021-12-01 12:00:00+00:00,1.862360000610352,1.8642499446868896,1.8614399433135984,1.86421000957489
2021-12-01 13:00:00+00:00,1.864230036735535,1.8657200336456297,1.8618899583816528,1.863929986953736
2021-12-01 14:00:00+00:00,1.8638800382614136,1.8653000593185425,1.862149953842163,1.8626799583435056
2021-12-01 15:00:00+00:00,1.862210035324097,1.8639700412750244,1.859910011291504,1.863180041313172
2021-12-01 16:00:00+00:00,1.863170027732849,1.8667000532150269,1.86243999004364,1.865949988365173
2021-12-01 17:00:00+00:00,1.86598002910614,1.8679499626159668,1.8650699853897093,1.8673900365829468
2021-12-01 18:00:00+00:00,1.8673700094223025,1.8679399490356443,1.8645199537277224,1.866260051727295
2021-12-01 19:00:00+00:00,1.866320013999939,1.8677599430084229,1.865650057792664,1.8675800561904907
2021-12-01 20:00:00+00:00,1.86749005317688,1.869500041007996,1.867069959640503,1.869369983673096
2021-12-01 21:00:00+00:00,1.869379997253418,1.8694599866867063,1.865880012512207,1.8679499626159668
2021-12-01 22:00:00+00:00,1.867859959602356,1.86913001537323,1.8655099868774407,1.868749976158142
2021-12-01 23:00:00+00:00,1.868810057640076,1.869060039520264,1.8671300411224363,1.8678200244903564
2021-12-02 00:00:00+00:00,1.8680200576782229,1.8708900213241573,1.8669899702072144,1.8699500560760496
2021-12-02 01:00:00+00:00,1.8699400424957275,1.870479941368103,1.866729974746704,1.8679100275039675
2021-12-02 02:00:00+00:00,1.8678200244903564,1.8704099655151367,1.8676300048828125,1.868839979171753
2021-12-02 03:00:00+00:00,1.868839979171753,1.869989991188049,1.868489980697632,1.8691999912261963
2021-12-02 04:00:00+00:00,1.869140028953552,1.872879981994629,1.868549942970276,1.87214994430542
2021-12-02 05:00:00+00:00,1.872120022773743,1.8728400468826287,1.8702199459075928,1.8707200288772583
2021-12-02 06:00:00+00:00,1.8707799911499023,1.8716000318527224,1.869140028953552,1.8694700002670288
2021-12-02 07:00:00+00:00,1.8695100545883176,1.8705500364303589,1.868149995803833,1.869740009307861
2021-12-02 08:00:00+00:00,1.86968994140625,1.871510028839112,1.868399977684021,1.8711800575256348
2021-12-02 09:00:00+00:00,1.871209979057312,1.8744399547576904,1.8706400394439693,1.8737200498580933
2021-12-02 10:00:00+00:00,1.8737200498580933,1.8759599924087524,1.8733400106430047,1.874019980430603
2021-12-02 11:00:00+00:00,1.8739999532699585,1.87677001953125,1.8734999895095823,1.8757100105285645
2021-12-02 12:00:00+00:00,1.8757100105285645,1.878600001335144,1.8745900392532349,1.8765900135040283
2021-12-02 13:00:00+00:00,1.8765900135040283,1.8789399862289429,1.8758100271224976,1.876579999923706
2021-12-02 14:00:00+00:00,1.8767399787902832,1.878520011901856,1.8737499713897705,1.874559998512268
2021-12-02 15:00:00+00:00,1.874420046806336,1.875730037689209,1.8717999458312988,1.8752000331878664
2021-12-02 16:00:00+00:00,1.875190019607544,1.8763699531555176,1.8732099533081048,1.8745800256729128
2021-12-02 17:00:00+00:00,1.874600052833557,1.8753199577331543,1.873129963874817,1.8747700452804563
2021-12-02 18:00:00+00:00,1.8747600317001345,1.8760299682617188,1.87362003326416,1.873960018157959
2021-12-02 19:00:00+00:00,1.8740700483322144,1.8766599893569944,1.873289942741394,1.875890016555786
2021-12-02 20:00:00+00:00,1.875920057296753,1.8761199712753296,1.8743000030517576,1.875249981880188
2021-12-02 21:00:00+00:00,1.875249981880188,1.876039981842041,1.8741099834442136,1.8747400045394893
2021-12-02 22:00:00+00:00,1.8741999864578247,1.875980019569397,1.870350003242493,1.8752000331878664
2021-12-02 23:00:00+00:00,1.8752199411392207,1.8769099712371824,1.8739900588989256,1.8765599727630613
2021-12-03 00:00:00+00:00,1.8763400316238403,1.8777300119400024,1.8759299516677856,1.877560019493103
2021-12-03 01:00:00+00:00,1.877640008926392,1.880519986152649,1.8768800497055047,1.8793400526046755
2021-12-03 02:00:00+00:00,1.879289984703064,1.8807599544525144,1.878559947013855,1.879430055618286
2021-12-03 03:00:00+00:00,1.879449963569641,1.8813799619674685,1.8781700134277344,1.8791600465774536
2021-12-03 04:00:00+00:00,1.8791600465774536,1.879979968070984,1.8777899742126465,1.878460049629212
2021-12-03 05:00:00+00:00,1.8783799409866333,1.879080057144165,1.876950025558472,1.877640008926392
2021-12-03 06:00:00+00:00,1.8775899410247805,1.880329966545105,1.8766499757766724,1.8798999786376955
2021-12-03 07:00:00+00:00,1.87995994091034,1.880020022392273,1.8785300254821773,1.8791199922561648
2021-12-03 08:00:00+00:00,1.87909996509552,1.8811500072479248,1.8785300254821773,1.8807200193405151
2021-12-03 09:00:00+00:00,1.8807799816131592,1.8845700025558472,1.8801000118255613,1.8837300539016724
2021-12-03 10:00:00+00:00,1.8837900161743164,1.8841700553894043,1.8816900253295896,1.8831499814987185
2021-12-03 11:00:00+00:00,1.8831700086593628,1.8832299709320068,1.8786200284957888,1.879870057106018
2021-12-03 12:00:00+00:00,1.87992000579834,1.880300045013428,1.877410054206848,1.8794900178909304
2021-12-03 13:00:00+00:00,1.8794699907302856,1.8817100524902344,1.8762099742889404,1.8804700374603271
2021-12-03 14:00:00+00:00,1.8803900480270384,1.8842899799346924,1.8798999786376955,1.8838399648666384
2021-12-03 15:00:00+00:00,1.883870005607605,1.8846700191497805,1.881070017814636,1.8842600584030151
2021-12-03 16:00:00+00:00,1.8842600584030151,1.887719988822937,1.8819999694824217,1.88756000995636
2021-12-03 17:00:00+00:00,1.88756000995636,1.889379978179932,1.8867499828338623,1.8885799646377563
2021-12-03 18:00:00+00:00,1.8885999917984009,1.8910399675369265,1.888100028038025,1.8908400535583496
2021-12-03 19:00:00+00:00,1.8908699750900269,1.8915899991989136,1.8896600008010864,1.890640020370484
2021-12-03 20:00:00+00:00,1.8906500339508057,1.891669988632202,1.888880014419556,1.8901300430297847
2021-12-03 21:00:00+00:00,1.890069961547852,1.8917200565338133,1.888200044631958,1.888200044631958
2021-12-03 22:00:00+00:00,1.888550043106079,1.889840006828308,1.888550043106079,1.889840006828308
2021-12-06 00:00:00+00:00,1.8858200311660769,1.8886799812316888,1.8848700523376465,1.885779976844788
2021-12-06 01:00:00+00:00,1.8859599828720093,1.8871099948883057,1.8843899965286253,1.885450005531311
2021-12-06 02:00:00+00:00,1.8854800462722776,1.8861500024795528,1.8833500146865845,1.8860900402069087
2021-12-06 03:00:00+00:00,1.8860100507736208,1.8866499662399288,1.8845800161361688,1.8852699995040887
2021-12-06 04:00:00+00:00,1.885200023651123,1.8856899738311768,1.88349997997284,1.8838399648666384
2021-12-06 05:00:00+00:00,1.883900046348572,1.8865100145339968,1.883270025253296,1.8857899904251096
2021-12-06 06:00:00+00:00,1.8858400583267207,1.8864400386810305,1.8846299648284912,1.886080026626587
2021-12-06 07:00:00+00:00,1.886160016059876,1.8863600492477417,1.885010004043579,1.886330008506775
2021-12-06 08:00:00+00:00,1.8863600492477417,1.888409972190857,1.885220050811768,1.887030005455017
2021-12-06 09:00:00+00:00,1.8870500326156616,1.887539982795716,1.8825700283050537,1.8873599767684937
2021-12-06 10:00:00+00:00,1.887410044670105,1.888069987297058,1.8849899768829343,1.88704001903534
2021-12-06 11:00:00+00:00,1.88704001903534,1.8878599405288696,1.885110020637512,1.8869199752807613
2021-12-06 12:00:00+00:00,1.8869199752807613,1.8880399465560915,1.8853199481964111,1.886330008506775
2021-12-06 13:00:00+00:00,1.8863600492477417,1.886409997940064,1.8820799589157104,1.8831000328063965
2021-12-06 14:00:00+00:00,1.8830900192260744,1.8833500146865845,1.8791899681091309,1.8795599937438965
2021-12-06 15:00:00+00:00,1.8795900344848635,1.8802000284194944,1.8768999576568604,1.878219962120056
2021-12-06 16:00:00+00:00,1.8782099485397337,1.8820799589157104,1.8781700134277344,1.8814400434494016
2021-12-06 17:00:00+00:00,1.881410002708435,1.881510019302368,1.8792200088500977,1.8812099695205688
2021-12-06 18:00:00+00:00,1.8811999559402464,1.881760001182556,1.8803900480270384,1.8812899589538568
2021-12-06 19:00:00+00:00,1.881350040435791,1.8827600479125977,1.880910038948059,1.8825500011444087
2021-12-06 20:00:00+00:00,1.882560014724732,1.883080005645752,1.8808399438858032,1.881180047988892
2021-12-06 21:00:00+00:00,1.881180047988892,1.881600022315979,1.879930019378662,1.880669951438904
2021-12-06 22:00:00+00:00,1.8808499574661253,1.8821300268173216,1.877120018005371,1.8807899951934808
2021-12-06 23:00:00+00:00,1.8811399936676023,1.8825299739837649,1.879670023918152,1.881160020828247
2021-12-07 00:00:00+00:00,1.8813799619674685,1.883489966392517,1.8810800313949585,1.8822300434112549
2021-12-07 01:00:00+00:00,1.8822300434112549,1.8828799724578853,1.8799999952316284,1.8803800344467163
2021-12-07 02:00:00+00:00,1.8803800344467163,1.8844900131225584,1.880139946937561,1.8826500177383425
2021-12-07 03:00:00+00:00,1.88264000415802,1.882889986038208,1.8780499696731567,1.880139946937561
2021-12-07 04:00:00+00:00,1.880139946937561,1.8801499605178835,1.87771999835968,1.8783700466156008
2021-12-07 05:00:00+00:00,1.8782600164413448,1.878559947013855,1.8751300573349,1.876070022583008
2021-12-07 06:00:00+00:00,1.8760499954223635,1.8763999938964844,1.8727600574493408,1.873129963874817
2021-12-07 07:00:00+00:00,1.8730800151824951,1.874040007591248,1.8717199563980105,1.872789978981018
2021-12-07 08:00:00+00:00,1.8728699684143064,1.873370051383972,1.8686100244522093,1.8691699504852293
2021-12-07 09:00:00+00:00,1.8691699504852293,1.8713899850845337,1.868170022964477,1.8687100410461424
2021-12-07 10:00:00+00:00,1.868749976158142,1.871129989624024,1.8675999641418457,1.8700400590896609
2021-12-07 11:00:00+00:00,1.870419979095459,1.870579957962036,1.8647199869155884,1.86598002910614
2021-12-07 12:00:00+00:00,1.86601996421814,1.8666499853134155,1.8627899885177608,1.8650699853897093
2021-12-07 13:00:00+00:00,1.8650699853897093,1.865540027618408,1.8627500534057613,1.8631900548934937
2021-12-07 14:00:00+00:00,1.863170027732849,1.865470051765442,1.8607499599456787,1.8625999689102173
2021-12-07 15:00:00+00:00,1.8625799417495728,1.8631900548934937,1.859529972076416,1.859830021858216
2021-12-07 16:00:00+00:00,1.859830021858216,1.8611899614334104,1.8580000400543213,1.8610299825668333
2021-12-07 17:00:00+00:00,1.861009955406189,1.8610700368881223,1.858919978141785,1.8600499629974363
2021-12-07 18:00:00+00:00,1.860100030899048,1.8617700338363647,1.8590400218963623,1.8603999614715576
2021-12-07 19:00:00+00:00,1.86040997505188,1.861549973487854,1.859820008277893,1.860270023345948
2021-12-07 20:00:00+00:00,1.860219955444336,1.861649990081787,1.85971999168396,1.8606799840927124
2021-12-07 21:00:00+00:00,1.860640048980713,1.8607100248336792,1.858970046043396,1.8601800203323364
2021-12-07 22:00:00+00:00,1.860069990158081,1.8608100414276123,1.8572299480438232,1.8604899644851685
2021-12-07 23:00:00+00:00,1.8604899644851685,1.861240029335022,1.8591899871826167,1.8595199584960933
2021-12-08 00:00:00+00:00,1.8596099615097048,1.8614599704742432,1.8591599464416504,1.859779953956604
2021-12-08 01:00:00+00:00,1.85971999168396,1.8607699871063232,1.8586399555206297,1.86054003238678
2021-12-08 02:00:00+00:00,1.8604300022125244,1.8608800172805784,1.855739951133728,1.856559991836548
2021-12-08 03:00:00+00:00,1.856510043144226,1.858669996261597,1.856060028076172,1.8580299615859983
2021-12-08 04:00:00+00:00,1.8580800294876096,1.85834002494812,1.856760025024414,1.8577500581741333
2021-12-08 05:00:00+00:00,1.8581600189208984,1.8596500158309937,1.8578699827194207,1.8587900400161743
2021-12-08 06:00:00+00:00,1.8591699600219729,1.860129952430725,1.858139991760254,1.8584100008010864
2021-12-08 07:00:00+00:00,1.858459949493408,1.8595399856567385,1.856600046157837,1.857460021972656
2021-12-08 08:00:00+00:00,1.857450008392334,1.858620047569275,1.8548099994659424,1.856909990310669
2021-12-08 09:00:00+00:00,1.8569300174713133,1.8574899435043333,1.854200005531311,1.85631000995636
2021-12-08 10:00:00+00:00,1.8562599420547483,1.8564000129699707,1.8509800434112549,1.854599952697754
2021-12-08 11:00:00+00:00,1.854699969291687,1.8556400537490845,1.8487999439239504,1.8517600297927856
2021-12-08 12:00:00+00:00,1.8517600297927856,1.8523199558258057,1.8476699590682983,1.850200057029724
2021-12-08 13:00:00+00:00,1.8502099514007568,1.8516499996185305,1.8474899530410769,1.8493900299072263
2021-12-08 14:00:00+00:00,1.849410057067871,1.849859952926636,1.8459099531173704,1.846719980239868
2021-12-08 15:00:00+00:00,1.846750020980835,1.8476099967956543,1.8438899517059328,1.8457399606704712
2021-12-08 16:00:00+00:00,1.8457399606704712,1.847480058670044,1.8447200059890747,1.8467999696731567
2021-12-08 17:00:00+00:00,1.8468400239944456,1.8470499515533447,1.8427000045776367,1.8440699577331543
2021-12-08 18:00:00+00:00,1.8440799713134768,1.84526002407074,1.8423800468444824,1.843690037727356
2021-12-08 19:00:00+00:00,1.843670010566712,1.8452399969100952,1.842960000038147,1.8435699939727783
2021-12-08 20:00:00+00:00,1.8436399698257449,1.8447400331497192,1.8423000574111936,1.842869997024536
2021-12-08 21:00:00+00:00,1.8428000211715696,1.8437000513076784,1.839100003242493,1.8408600091934204
2021-12-08 22:00:00+00:00,1.840839982032776,1.842650055885315,1.839249968528748,1.842120051383972
2021-12-08 23:00:00+00:00,1.8421299457550049,1.8432999849319456,1.84116005897522,1.842079997062683
2021-12-09 00:00:00+00:00,1.8425099849700928,1.8440699577331543,1.8415100574493408,1.843600034713745
2021-12-09 01:00:00+00:00,1.8439699411392207,1.8442000150680544,1.8409600257873533,1.842790007591248
2021-12-09 02:00:00+00:00,1.8429100513458248,1.8437000513076784,1.841860055923462,1.842350006103516
2021-12-09 03:00:00+00:00,1.8423399925231927,1.8434900045394893,1.840809941291809,1.843000054359436
2021-12-09 04:00:00+00:00,1.84306001663208,1.8435699939727783,1.840499997138977,1.8415800333023071
2021-12-09 05:00:00+00:00,1.841599941253662,1.8418300151824951,1.8399100303649905,1.8402199745178225
2021-12-09 06:00:00+00:00,1.8403400182724,1.840499997138977,1.838379979133606,1.8396400213241573
2021-12-09 07:00:00+00:00,1.83965003490448,1.84185004234314,1.8389099836349487,1.841380000114441
2021-12-09 08:00:00+00:00,1.841480016708374,1.8439199924469,1.8400499820709229,1.843309998512268
2021-12-09 09:00:00+00:00,1.843269944190979,1.8452800512313845,1.8412100076675413,1.8437600135803225
2021-12-09 10:00:00+00:00,1.84375,1.8460400104522705,1.8416199684143064,1.8428900241851809
2021-12-09 11:00:00+00:00,1.842900037765503,1.846940040588379,1.8421499729156487,1.846560001373291
2021-12-09 12:00:00+00:00,1.8465900421142576,1.847270011901856,1.844849944114685,1.846779942512512
2021-12-09 13:00:00+00:00,1.8467899560928345,1.8496500253677368,1.8459800481796265,1.848889946937561
2021-12-09 14:00:00+00:00,1.8488800525665283,1.84893000125885,1.8446999788284304,1.8452099561691284
2021-12-09 15:00:00+00:00,1.8451999425888064,1.849310040473938,1.8447500467300413,1.8487800359725952
2021-12-09 16:00:00+00:00,1.848770022392273,1.849169969558716,1.8450299501419067,1.8454099893569944
2021-12-09 17:00:00+00:00,1.8454099893569944,1.8484100103378296,1.845080018043518,1.8475300073623653
2021-12-09 18:00:00+00:00,1.847599983215332,1.848870038986206,1.8471299409866333,1.8474600315094
2021-12-09 19:00:00+00:00,1.8475500345230105,1.84975004196167,1.8471800088882449,1.8486499786376955
2021-12-09 20:00:00+00:00,1.848600029945373,1.8497099876403809,1.8481299877166748,1.848989963531494
2021-12-09 21:00:00+00:00,1.848919987678528,1.8501399755477903,1.8481899499893188,1.848350048065185
2021-12-09 22:00:00+00:00,1.848430037498474,1.850600004196167,1.8479700088500977,1.8498899936676023
2021-12-09 23:00:00+00:00,1.849920034408569,1.8509000539779663,1.8492599725723269,1.850250005722046
2021-12-10 00:00:00+00:00,1.8503600358963013,1.8512400388717647,1.8492300510406487,1.851060032844544
2021-12-10 01:00:00+00:00,1.851060032844544,1.85290002822876,1.8492900133132928,1.849679946899414
2021-12-10 02:00:00+00:00,1.849679946899414,1.850100040435791,1.8483400344848635,1.8497099876403809
2021-12-10 03:00:00+00:00,1.849769949913025,1.8497899770736688,1.8470799922943115,1.8483200073242188
2021-12-10 04:00:00+00:00,1.8483099937438965,1.8494999408721924,1.8477400541305544,1.8492200374603271
2021-12-10 05:00:00+00:00,1.8492499589920044,1.8510899543762207,1.8484899997711184,1.850640058517456
2021-12-10 06:00:00+00:00,1.850679993629456,1.8506900072097776,1.8476099967956543,1.848199963569641
2021-12-10 07:00:00+00:00,1.848209977149964,1.849550008773804,1.846889972686768,1.8480499982833865
2021-12-10 08:00:00+00:00,1.848099946975708,1.8485900163650515,1.845620036125183,1.846369981765747
2021-12-10 09:00:00+00:00,1.8463499546051023,1.8474899530410769,1.8456699848175049,1.846250057220459
2021-12-10 10:00:00+00:00,1.846259951591492,1.8474700450897217,1.844580054283142,1.8449300527572632
2021-12-10 11:00:00+00:00,1.8450000286102293,1.846199989318848,1.8436599969863887,1.8447699546813965
2021-12-10 12:00:00+00:00,1.8447599411010744,1.8467700481414795,1.844040036201477,1.8464399576187127
2021-12-10 13:00:00+00:00,1.8464299440383911,1.8481899499893188,1.8427000045776367,1.8430099487304688
2021-12-10 14:00:00+00:00,1.8430299758911133,1.8457800149917605,1.8416500091552728,1.8444700241088867
2021-12-10 15:00:00+00:00,1.8445299863815308,1.8464200496673584,1.8430099487304688,1.8451999425888064
2021-12-10 16:00:00+00:00,1.8451100587844849,1.8484699726104736,1.844730019569397,1.847769975662232
2021-12-10 17:00:00+00:00,1.8478200435638428,1.8494399785995483,1.847350001335144,1.8489500284194944
2021-12-10 18:00:00+00:00,1.8489400148391724,1.8499599695205688,1.8480600118637085,1.8491400480270384
2021-12-10 19:00:00+00:00,1.8491400480270384,1.8494700193405151,1.84815001487732,1.8492499589920044
2021-12-10 20:00:00+00:00,1.8492599725723269,1.8505899906158447,1.8488800525665283,1.85001003742218
2021-12-10 21:00:00+00:00,1.85004997253418,1.8506100177764893,1.8465399742126465,1.8493200540542605
2021-12-10 22:00:00+00:00,1.8501299619674685,1.850559949874878,1.8501299619674685,1.8504799604415887
2021-12-13 00:00:00+00:00,1.849990010261536,1.850790023803711,1.848989963531494,1.850419998168945
2021-12-13 01:00:00+00:00,1.850419998168945,1.850430011749268,1.8483400344848635,1.8495999574661253
2021-12-13 02:00:00+00:00,1.849519968032837,1.8501499891281128,1.84853994846344,1.849120020866394
2021-12-13 03:00:00+00:00,1.849110007286072,1.8492799997329712,1.846850037574768,1.8473700284957888
2021-12-13 04:00:00+00:00,1.8474600315094,1.8475600481033323,1.8456300497055047,1.8464000225067136
2021-12-13 05:00:00+00:00,1.846449971199036,1.84893000125885,1.845960021018982,1.848080039024353
2021-12-13 06:00:00+00:00,1.848199963569641,1.8487399816513064,1.8465399742126465,1.847749948501587
2021-12-13 07:00:00+00:00,1.847749948501587,1.8509700298309328,1.8471299409866333,1.8506100177764893
2021-12-13 08:00:00+00:00,1.850640058517456,1.8530399799346924,1.849679946899414,1.8514699935913088
2021-12-13 09:00:00+00:00,1.8514599800109863,1.8553400039672847,1.8508599996566768,1.854850053787232
2021-12-13 10:00:00+00:00,1.854889988899231,1.8590799570083616,1.854140043258667,1.858590006828308
2021-12-13 11:00:00+00:00,1.8586599826812744,1.8589600324630733,1.85617995262146,1.8575400114059448
2021-12-13 12:00:00+00:00,1.8574800491333008,1.8586900234222408,1.8555099964141848,1.8558800220489504
2021-12-13 13:00:00+00:00,1.8558299541473389,1.8582600355148315,1.853919982910156,1.8579800128936768
2021-12-13 14:00:00+00:00,1.8580800294876096,1.8600000143051147,1.8576699495315552,1.859429955482483
2021-12-13 15:00:00+00:00,1.859449982643128,1.862930059432984,1.8585599660873413,1.859699964523316
2021-12-13 16:00:00+00:00,1.8597099781036377,1.8603700399398804,1.85713005065918,1.8577500581741333
2021-12-13 17:00:00+00:00,1.8577500581741333,1.858060002326965,1.854640007019043,1.855049967765808
2021-12-13 18:00:00+00:00,1.855080008506775,1.8551499843597408,1.8527300357818604,1.853060007095337
2021-12-13 19:00:00+00:00,1.853150010108948,1.8531999588012693,1.8515299558639529,1.8516099452972408
2021-12-13 20:00:00+00:00,1.8516099452972408,1.853790044784546,1.8511899709701536,1.8528900146484373
2021-12-13 21:00:00+00:00,1.8528599739074707,1.853469967842102,1.851349949836731,1.85247004032135
2021-12-13 22:00:00+00:00,1.8524500131607056,1.8542100191116333,1.8505699634552,1.852270007133484
2021-12-13 23:00:00+00:00,1.852220058441162,1.853659987449646,1.8511199951171875,1.852710008621216
2021-12-14 00:00:00+00:00,1.852749943733216,1.8556499481201167,1.8519099950790403,1.85562002658844
2021-12-14 01:00:00+00:00,1.85562002658844,1.857810020446777,1.8552199602127075,1.85631000995636
2021-12-14 02:00:00+00:00,1.8562699556350708,1.8595999479293823,1.8555799722671509,1.8585200309753416
2021-12-14 03:00:00+00:00,1.8585100173950195,1.861299991607666,1.856819987297058,1.8584799766540527
2021-12-14 04:00:00+00:00,1.8584699630737305,1.8585599660873413,1.85725998878479,1.8581700325012207
2021-12-14 05:00:00+00:00,1.858180046081543,1.859779953956604,1.8571399450302124,1.85837996006012
2021-12-14 06:00:00+00:00,1.8583699464797967,1.8584799766540527,1.855599999427796,1.8565399646759035
2021-12-14 07:00:00+00:00,1.856559991836548,1.856969952583313,1.8530999422073364,1.853860020637512
2021-12-14 08:00:00+00:00,1.8538800477981567,1.8543699979782104,1.8506300449371336,1.8542300462722776
2021-12-14 09:00:00+00:00,1.854220032691956,1.85739004611969,1.8523600101470947,1.8571699857711792
2021-12-14 10:00:00+00:00,1.8571399450302124,1.8591699600219729,1.8566499948501587,1.8577500581741333
2021-12-14 11:00:00+00:00,1.8577200174331665,1.8603099584579468,1.8567700386047363,1.8572900295257568
2021-12-14 12:00:00+00:00,1.8572900295257568,1.860700011253357,1.8557000160217283,1.8602499961853027
2021-12-14 13:00:00+00:00,1.860270023345948,1.8617099523544312,1.8583500385284424,1.860129952430725
2021-12-14 14:00:00+00:00,1.860139966011048,1.861999988555908,1.857550024986267,1.857890009880066
2021-12-14 15:00:00+00:00,1.8578300476074217,1.8609000444412231,1.8555500507354736,1.859339952468872
2021-12-14 16:00:00+00:00,1.859339952468872,1.8623100519180296,1.858240008354187,1.8619600534439087
2021-12-14 17:00:00+00:00,1.861999988555908,1.862169981002808,1.8604700565338133,1.8612799644470213
2021-12-14 18:00:00+00:00,1.86135995388031,1.862280011177063,1.860599994659424,1.861549973487854
2021-12-14 19:00:00+00:00,1.861590027809143,1.861649990081787,1.8598099946975708,1.860509991645813
2021-12-14 20:00:00+00:00,1.8604700565338133,1.862280011177063,1.8597899675369265,1.8614100217819207
2021-12-14 21:00:00+00:00,1.861430048942566,1.862360000610352,1.8606799840927124,1.861940026283264
2021-12-14 22:00:00+00:00,1.8615700006484983,1.8631999492645264,1.8600900173187256,1.8628499507904053
2021-12-14 23:00:00+00:00,1.862920045852661,1.8633899688720703,1.8609700202941888,1.862229943275452
2021-12-15 00:00:00+00:00,1.8622000217437744,1.8622900247573853,1.860069990158081,1.861250042915344
2021-12-15 01:00:00+00:00,1.8612600564956665,1.8626600503921509,1.8603800535202024,1.8607399463653564
2021-12-15 02:00:00+00:00,1.8606300354003904,1.8621000051498413,1.860509991645813,1.8616299629211424
2021-12-15 03:00:00+00:00,1.8617199659347528,1.8623000383377075,1.8606300354003904,1.861170053482056
2021-12-15 04:00:00+00:00,1.8612699508666992,1.862159967422485,1.8603700399398804,1.860980033874512
2021-12-15 05:00:00+00:00,1.860990047454834,1.8615299463272093,1.859949946403504,1.8609999418258667
2021-12-15 06:00:00+00:00,1.861039996147156,1.8613300323486328,1.858549952507019,1.858919978141785
2021-12-15 07:00:00+00:00,1.8591200113296509,1.862110018730164,1.8584100008010864,1.8611299991607664
2021-12-15 08:00:00+00:00,1.861050009727478,1.862470030784607,1.8591899871826167,1.8612200021743768
2021-12-15 09:00:00+00:00,1.8613200187683103,1.8622000217437744,1.8594000339508057,1.860159993171692
2021-12-15 10:00:00+00:00,1.8601700067520144,1.861340045928955,1.858739972114563,1.8613100051879885
2021-12-15 11:00:00+00:00,1.8613300323486328,1.861780047416687,1.858780026435852,1.859429955482483
2021-12-15 12:00:00+00:00,1.859660029411316,1.8599300384521484,1.8559000492095947,1.8559800386428835
2021-12-15 13:00:00+00:00,1.8559900522232056,1.856250047683716,1.852869987487793,1.854349970817566
2021-12-15 14:00:00+00:00,1.854359984397888,1.856250047683716,1.8539999723434448,1.855780005455017
2021-12-15 15:00:00+00:00,1.855810046195984,1.8596800565719604,1.8550100326538088,1.8552199602127075
2021-12-15 16:00:00+00:00,1.8552099466323853,1.8573100566864007,1.8541300296783447,1.8546899557113647
2021-12-15 17:00:00+00:00,1.854670047760009,1.8548400402069087,1.8528300523757928,1.8532999753952024
2021-12-15 18:00:00+00:00,1.8532899618148804,1.8550000190734863,1.852810025215149,1.8533899784088133
2021-12-15 19:00:00+00:00,1.8532299995422363,1.8584100008010864,1.8504999876022337,1.853189945220948
2021-12-15 20:00:00+00:00,1.8532700538635247,1.8533899784088133,1.848520040512085,1.8487000465393064
2021-12-15 21:00:00+00:00,1.8487399816513064,1.8493200540542605,1.847730040550232,1.8489500284194944
2021-12-15 22:00:00+00:00,1.8489099740982056,1.850790023803711,1.8470499515533447,1.84883999824524
2021-12-15 23:00:00+00:00,1.8477799892425537,1.8510299921035769,1.847519993782044,1.8505699634552
2021-12-16 00:00:00+00:00,1.850419998168945,1.8518199920654297,1.846130013465881,1.847519993782044
2021-12-16 01:00:00+00:00,1.847519993782044,1.851639986038208,1.8460500240325928,1.8512799739837649
2021-12-16 02:00:00+00:00,1.8512799739837649,1.8540699481964111,1.8500299453735352,1.8535000085830688
2021-12-16 03:00:00+00:00,1.8534499406814573,1.85371994972229,1.85004997253418,1.8517600297927856
2021-12-16 04:00:00+00:00,1.8517800569534304,1.8528900146484373,1.850119948387146,1.8504799604415887
2021-12-16 05:00:00+00:00,1.8504799604415887,1.85221004486084,1.849859952926636,1.85125994682312
2021-12-16 06:00:00+00:00,1.851250052452088,1.851289987564087,1.8488999605178835,1.849269986152649
2021-12-16 07:00:00+00:00,1.849370002746582,1.850119948387146,1.8476200103759768,1.849009990692139
2021-12-16 08:00:00+00:00,1.8490400314331048,1.8521900177001955,1.8485300540924072,1.84906005859375
2021-12-16 09:00:00+00:00,1.8490400314331048,1.8496899604797363,1.8451100587844849,1.845710039138794
2021-12-16 10:00:00+00:00,1.8456000089645384,1.847270011901856,1.843709945678711,1.8442699909210205
2021-12-16 11:00:00+00:00,1.8442599773406985,1.844599962234497,1.841410040855408,1.8416500091552728
2021-12-16 12:00:00+00:00,1.8416500091552728,1.8531700372695925,1.8416099548339844,1.8510700464248653
2021-12-16 13:00:00+00:00,1.8510799407958984,1.8528399467468264,1.848520040512085,1.8497899770736688
2021-12-16 14:00:00+00:00,1.849810004234314,1.8540199995040887,1.8478200435638428,1.852270007133484
2021-12-16 15:00:00+00:00,1.8521699905395508,1.85510003566742,1.850530028343201,1.8538899421691888
2021-12-16 16:00:00+00:00,1.853860020637512,1.854769945144653,1.850299954414368,1.8528200387954712
2021-12-16 17:00:00+00:00,1.852779984474182,1.8547899723052976,1.8521000146865845,1.854359984397888
2021-12-16 18:00:00+00:00,1.8547500371932983,1.8549200296401973,1.852020025253296,1.853090047836304
2021-12-16 19:00:00+00:00,1.8530800342559808,1.8562300205230715,1.8524500131607056,1.8558299541473389
2021-12-16 20:00:00+00:00,1.8558199405670168,1.856089949607849,1.853839993476868,1.8554699420928955
2021-12-16 21:00:00+00:00,1.8554699420928955,1.8556499481201167,1.853369951248169,1.854300022125244
2021-12-16 22:00:00+00:00,1.8543699979782104,1.8556400537490845,1.852579951286316,1.855080008506775
2021-12-16 23:00:00+00:00,1.8552199602127075,1.85837996006012,1.854159951210022,1.856690049171448
2021-12-17 00:00:00+00:00,1.8566800355911253,1.8574299812316888,1.8558900356292725,1.8563400506973269
2021-12-17 01:00:00+00:00,1.85617995262146,1.857010006904602,1.8552500009536743,1.8563400506973269
2021-12-17 02:00:00+00:00,1.8563599586486816,1.8579699993133545,1.855409979820252,1.856600046157837
2021-12-17 03:00:00+00:00,1.856619954109192,1.8605600595474243,1.855970025062561,1.860100030899048
2021-12-17 04:00:00+00:00,1.8600599765777588,1.862210035324097,1.8587100505828853,1.8590600490570068
2021-12-17 05:00:00+00:00,1.8590500354766848,1.860919952392578,1.8585000038146973,1.8598599433898928
2021-12-17 06:00:00+00:00,1.8598400354385376,1.861240029335022,1.8571699857711792,1.860569953918457
2021-12-17 07:00:00+00:00,1.860550045967102,1.8606200218200684,1.8574899435043333,1.8590199947357176
2021-12-17 08:00:00+00:00,1.85903000831604,1.8600499629974363,1.8564200401306152,1.8574199676513672
2021-12-17 09:00:00+00:00,1.8573399782180784,1.8620500564575195,1.857200026512146,1.85933005809784
2021-12-17 10:00:00+00:00,1.8593699932098389,1.859470009803772,1.8554199934005733,1.856760025024414
2021-12-17 11:00:00+00:00,1.8567399978637693,1.858090043067932,1.8551700115203853,1.8562599420547483
2021-12-17 12:00:00+00:00,1.8559000492095947,1.8578699827194207,1.8555500507354736,1.8571699857711792
2021-12-17 13:00:00+00:00,1.8572200536727903,1.8588299751281736,1.8549699783325195,1.8575299978256223
2021-12-17 14:00:00+00:00,1.8576099872589111,1.8588000535964968,1.854339957237244,1.85579001903534
2021-12-17 15:00:00+00:00,1.8558800220489504,1.8590099811553955,1.854089975357056,1.8544100522994995
2021-12-17 16:00:00+00:00,1.854449987411499,1.856410026550293,1.853760004043579,1.8559499979019165
2021-12-17 17:00:00+00:00,1.8559499979019165,1.8572299480438232,1.8549400568008425,1.856279969215393
2021-12-17 18:00:00+00:00,1.8562599420547483,1.8573399782180784,1.8555699586868288,1.856099963188172
2021-12-17 19:00:00+00:00,1.856119990348816,1.8575199842453003,1.8552199602127075,1.856969952583313
2021-12-17 20:00:00+00:00,1.857059955596924,1.858090043067932,1.8557300567626955,1.8578699827194207
2021-12-17 21:00:00+00:00,1.857959985733032,1.8582500219345093,1.8557599782943728,1.8573499917984009
2021-12-17 22:00:00+00:00,1.857460021972656,1.8587599992752075,1.857460021972656,1.8587599992752075
2021-12-20 00:00:00+00:00,1.8588299751281736,1.858890056610108,1.856500029563904,1.8576600551605225
2021-12-20 01:00:00+00:00,1.8577200174331665,1.8593000173568728,1.856600046157837,1.858010053634644
2021-12-20 02:00:00+00:00,1.858010053634644,1.8590600490570068,1.856500029563904,1.858590006828308
2021-12-20 03:00:00+00:00,1.858590006828308,1.8596899509429927,1.857630014419556,1.858839988708496
2021-12-20 04:00:00+00:00,1.8588500022888184,1.861250042915344,1.8579100370407104,1.8601499795913696
2021-12-20 05:00:00+00:00,1.860159993171692,1.862470030784607,1.859410047531128,1.8606499433517456
2021-12-20 06:00:00+00:00,1.8607200384140008,1.863549947738648,1.860010027885437,1.8631199598312376
2021-12-20 07:00:00+00:00,1.8631199598312376,1.8646600246429443,1.861240029335022,1.862939953804016
2021-12-20 08:00:00+00:00,1.8628900051116943,1.86312997341156,1.8595900535583496,1.8603999614715576
2021-12-20 09:00:00+00:00,1.86054003238678,1.86343002319336,1.8576500415802,1.858970046043396
2021-12-20 10:00:00+00:00,1.8589600324630733,1.8589999675750728,1.854949951171875,1.856619954109192
2021-12-20 11:00:00+00:00,1.8566800355911253,1.857319951057434,1.854269981384277,1.8566499948501587
2021-12-20 12:00:00+00:00,1.8567099571228027,1.860599994659424,1.8557300567626955,1.8595000505447388
2021-12-20 13:00:00+00:00,1.8598099946975708,1.861289978027344,1.8584799766540527,1.8598599433898928
2021-12-20 14:00:00+00:00,1.85985004901886,1.860100030899048,1.8567800521850584,1.857800006866455
2021-12-20 15:00:00+00:00,1.857800006866455,1.8604300022125244,1.85493004322052,1.859760046005249
2021-12-20 16:00:00+00:00,1.859760046005249,1.860290050506592,1.856660008430481,1.8577500581741333
2021-12-20 17:00:00+00:00,1.857759952545166,1.8582899570465088,1.855810046195984,1.8564200401306152
2021-12-20 18:00:00+00:00,1.8564200401306152,1.8572100400924685,1.854519963264465,1.8559199571609497
2021-12-20 19:00:00+00:00,1.8559800386428835,1.857380032539368,1.854910016059876,1.856600046157837
2021-12-20 20:00:00+00:00,1.856619954109192,1.8579100370407104,1.8555200099945068,1.8578599691390991
2021-12-20 21:00:00+00:00,1.857800006866455,1.858299970626831,1.856029987335205,1.856660008430481
2021-12-20 22:00:00+00:00,1.8565900325775144,1.8590099811553955,1.855430006980896,1.8586100339889529
2021-12-20 23:00:00+00:00,1.858489990234375,1.8590999841690063,1.8570499420166016,1.8576500415802
2021-12-21 00:00:00+00:00,1.8579100370407104,1.8593100309371948,1.8566499948501587,1.8575799465179443
2021-12-21 01:00:00+00:00,1.8575799465179443,1.859380006790161,1.8551100492477417,1.8558199405670168
2021-12-21 02:00:00+00:00,1.855870008468628,1.8583699464797967,1.8555200099945068,1.8574700355529783
2021-12-21 03:00:00+00:00,1.8575899600982664,1.8587100505828853,1.856410026550293,1.857550024986267
2021-12-21 04:00:00+00:00,1.8575899600982664,1.8581199645996087,1.8564399480819704,1.857200026512146
2021-12-21 05:00:00+00:00,1.85725998878479,1.8576899766922,1.8563599586486816,1.857409954071045
2021-12-21 06:00:00+00:00,1.857380032539368,1.8574700355529783,1.8550599813461304,1.856559991836548
2021-12-21 07:00:00+00:00,1.8565900325775144,1.85903000831604,1.8555899858474727,1.8589099645614624
2021-12-21 08:00:00+00:00,1.858870029449463,1.860700011253357,1.858090043067932,1.8592100143432613
2021-12-21 09:00:00+00:00,1.8592300415039065,1.8598699569702148,1.857380032539368,1.8586399555206297
2021-12-21 10:00:00+00:00,1.8586399555206297,1.859410047531128,1.8565800189971924,1.856809973716736
2021-12-21 11:00:00+00:00,1.856750011444092,1.858399987220764,1.8562599420547483,1.8566499948501587
2021-12-21 12:00:00+00:00,1.8566700220108032,1.858070015907288,1.8547500371932983,1.8576899766922
2021-12-21 13:00:00+00:00,1.8576799631118768,1.859339952468872,1.8564499616622925,1.859279990196228
2021-12-21 14:00:00+00:00,1.8592100143432613,1.860610008239746,1.856089949607849,1.8565900325775144
2021-12-21 15:00:00+00:00,1.8566700220108032,1.856879949569702,1.853800058364868,1.8552299737930296
2021-12-21 16:00:00+00:00,1.8552299737930296,1.857710003852844,1.854009985923767,1.8557699918746948
2021-12-21 17:00:00+00:00,1.85579001903534,1.8562599420547483,1.853760004043579,1.8542900085449217
2021-12-21 18:00:00+00:00,1.854359984397888,1.854889988899231,1.8531399965286253,1.853790044784546
2021-12-21 19:00:00+00:00,1.8537499904632568,1.854910016059876,1.8533300161361688,1.8540600538253784
2021-12-21 20:00:00+00:00,1.8541100025177,1.8552099466323853,1.8530100584030151,1.8542399406433103
2021-12-21 21:00:00+00:00,1.854200005531311,1.85510003566742,1.8517600297927856,1.852120041847229
2021-12-21 22:00:00+00:00,1.8518199920654297,1.8563599586486816,1.8506499528884888,1.855029940605164
2021-12-21 23:00:00+00:00,1.8550599813461304,1.8568600416183472,1.8534200191497805,1.8561400175094604
2021-12-22 00:00:00+00:00,1.8561999797821045,1.8575199842453003,1.854850053787232,1.8550200462341309
2021-12-22 01:00:00+00:00,1.8553400039672847,1.8568400144577024,1.8544000387191768,1.85657000541687
2021-12-22 02:00:00+00:00,1.8562599420547483,1.8576699495315552,1.8552600145339968,1.85713005065918
2021-12-22 03:00:00+00:00,1.8572200536727903,1.859140038490296,1.8567899465560915,1.8587100505828853
2021-12-22 04:00:00+00:00,1.8587499856948853,1.8592900037765503,1.85699999332428,1.8580299615859983
2021-12-22 05:00:00+00:00,1.8580199480056765,1.860689997673035,1.8576600551605225,1.858870029449463
2021-12-22 06:00:00+00:00,1.8589400053024288,1.8594800233840945,1.857300043106079,1.8594199419021609
2021-12-22 07:00:00+00:00,1.8592499494552608,1.8595000505447388,1.85634994506836,1.8588500022888184
2021-12-22 08:00:00+00:00,1.858890056610108,1.8597999811172483,1.856809973716736,1.856899976730347
2021-12-22 09:00:00+00:00,1.8569300174713133,1.8576500415802,1.854699969291687,1.857010006904602
2021-12-22 10:00:00+00:00,1.857010006904602,1.8594399690628047,1.8561099767684937,1.858989953994751
2021-12-22 11:00:00+00:00,1.85906994342804,1.8601200580596924,1.8573700189590447,1.858629941940308
2021-12-22 12:00:00+00:00,1.858629941940308,1.858629941940308,1.855049967765808,1.8558199405670168
2021-12-22 13:00:00+00:00,1.8558199405670168,1.8567899465560915,1.853860020637512,1.8542799949646
2021-12-22 14:00:00+00:00,1.8542799949646,1.85479998588562,1.8512200117111208,1.853970050811768
2021-12-22 15:00:00+00:00,1.8538700342178345,1.8541200160980225,1.84906005859375,1.8525999784469604
2021-12-22 16:00:00+00:00,1.852560043334961,1.853360056877136,1.8492300510406487,1.8497300148010247
2021-12-22 17:00:00+00:00,1.84975004196167,1.8507699966430664,1.84853994846344,1.8502800464630127
2021-12-22 18:00:00+00:00,1.8503400087356567,1.850819945335388,1.849570035934448,1.8504799604415887
2021-12-22 19:00:00+00:00,1.8504999876022337,1.8521599769592283,1.849850058555603,1.851430058479309
2021-12-22 20:00:00+00:00,1.8515199422836304,1.851770043373108,1.8502099514007568,1.8508000373840328
2021-12-22 21:00:00+00:00,1.8508000373840328,1.851740002632141,1.8494399785995483,1.8503600358963013
2021-12-22 22:00:00+00:00,1.849609971046448,1.8544600009918213,1.848289966583252,1.8521300554275515
2021-12-22 23:00:00+00:00,1.8521499633789065,1.8528399467468264,1.850489974021912,1.8511600494384768
2021-12-23 00:00:00+00:00,1.851060032844544,1.8519400358200075,1.8499599695205688,1.8516600131988523
2021-12-23 01:00:00+00:00,1.85169005393982,1.8535100221633911,1.850950002670288,1.852139949798584
2021-12-23 02:00:00+00:00,1.852139949798584,1.8545000553131104,1.8517099618911743,1.85207998752594
2021-12-23 03:00:00+00:00,1.8522000312805176,1.853780031204224,1.85169005393982,1.852550029754639
2021-12-23 04:00:00+00:00,1.852650046348572,1.8527400493621824,1.851130008697509,1.8514800071716309
2021-12-23 05:00:00+00:00,1.8514100313186648,1.851539969444275,1.84906005859375,1.84961998462677
2021-12-23 06:00:00+00:00,1.8499000072479248,1.8507000207901,1.8492900133132928,1.8499000072479248
2021-12-23 07:00:00+00:00,1.849910020828247,1.8505899906158447,1.847350001335144,1.850350022315979
2021-12-23 08:00:00+00:00,1.850430011749268,1.850780010223389,1.8477200269699097,1.849679946899414
2021-12-23 09:00:00+00:00,1.8496299982070925,1.8512300252914429,1.8485499620437624,1.8509700298309328
2021-12-23 10:00:00+00:00,1.850890040397644,1.854220032691956,1.8502700328826904,1.8525099754333496
2021-12-23 11:00:00+00:00,1.852499961853028,1.8555200099945068,1.8520400524139404,1.855389952659607
2021-12-23 12:00:00+00:00,1.855329990386963,1.8566299676895144,1.8531399965286253,1.856529951095581
2021-12-23 13:00:00+00:00,1.8564499616622925,1.8576899766922,1.854779958724976,1.8557000160217283
2021-12-23 14:00:00+00:00,1.8557699918746948,1.8561500310897827,1.8517999649047847,1.8559199571609497
2021-12-23 15:00:00+00:00,1.855970025062561,1.8574899435043333,1.8508700132369995,1.8512699604034424
2021-12-23 16:00:00+00:00,1.85125994682312,1.8534499406814573,1.850950002670288,1.8519400358200075
2021-12-23 17:00:00+00:00,1.8519500494003296,1.852329969406128,1.8498300313949585,1.8507000207901
2021-12-23 18:00:00+00:00,1.850679993629456,1.8509399890899656,1.8494700193405151,1.850810050964356
2021-12-23 19:00:00+00:00,1.8508399724960327,1.8520699739456177,1.8502899408340447,1.8511799573898315
2021-12-23 20:00:00+00:00,1.851140022277832,1.8516499996185305,1.8499799966812127,1.8515199422836304
2021-12-23 21:00:00+00:00,1.8515199422836304,1.852309942245484,1.849740028381348,1.850450038909912
2021-12-23 22:00:00+00:00,1.85018002986908,1.8529399633407595,1.8485000133514404,1.851999998092652
2021-12-23 23:00:00+00:00,1.8518600463867188,1.854390025138855,1.8499599695205688,1.8530700206756592
2021-12-24 00:00:00+00:00,1.8532600402832031,1.854470014572144,1.8511899709701536,1.8520400524139404
2021-12-24 01:00:00+00:00,1.8520100116729736,1.8545900583267207,1.8510199785232544,1.8531299829483032
2021-12-24 02:00:00+00:00,1.853119969367981,1.8533899784088133,1.851349949836731,1.853209972381592
2021-12-24 03:00:00+00:00,1.853219985961914,1.8548799753189087,1.8521699905395508,1.854359984397888
2021-12-24 04:00:00+00:00,1.854419946670532,1.8548699617385864,1.852910041809082,1.853350043296814
2021-12-24 05:00:00+00:00,1.853360056877136,1.8540400266647337,1.8505200147628784,1.8509399890899656
2021-12-24 06:00:00+00:00,1.8508800268173216,1.853209972381592,1.8501100540161133,1.851789951324463
2021-12-24 07:00:00+00:00,1.851789951324463,1.8540799617767327,1.850640058517456,1.85302996635437
2021-12-24 08:00:00+00:00,1.8528800010681152,1.853839993476868,1.8497300148010247,1.8509000539779663
2021-12-24 09:00:00+00:00,1.8509000539779663,1.852519989013672,1.8499599695205688,1.851199984550476
2021-12-24 10:00:00+00:00,1.8511799573898315,1.852620005607605,1.850219964981079,1.8523499965667725
2021-12-24 11:00:00+00:00,1.8523499965667725,1.8542499542236328,1.8514800071716309,1.8534499406814573
2021-12-24 12:00:00+00:00,1.8534899950027464,1.8555899858474727,1.852579951286316,1.8550200462341309
2021-12-24 13:00:00+00:00,1.855029940605164,1.855239987373352,1.8515900373458865,1.8526599407196045
2021-12-24 14:00:00+00:00,1.8526999950408936,1.855679988861084,1.851289987564087,1.8544299602508545
2021-12-24 15:00:00+00:00,1.854050040245056,1.8556699752807613,1.8528900146484373,1.853469967842102
2021-12-24 16:00:00+00:00,1.8534799814224243,1.8562999963760376,1.851889967918396,1.8531700372695925
2021-12-24 17:00:00+00:00,1.85345995426178,1.8560500144958496,1.851989984512329,1.85479998588562
2021-12-24 18:00:00+00:00,1.85479998588562,1.855540037155152,1.8514100313186648,1.852929949760437
2021-12-24 19:00:00+00:00,1.85276997089386,1.85548996925354,1.8495800495147705,1.851330041885376
2021-12-24 20:00:00+00:00,1.8513799905776973,1.854470014572144,1.8494499921798704,1.8532700538635247
2021-12-24 21:00:00+00:00,1.8533300161361688,1.8553999662399288,1.8492000102996824,1.851770043373108
2021-12-24 22:00:00+00:00,1.8528200387954712,1.8528200387954712,1.8528200387954712,1.8528200387954712
2021-12-27 00:00:00+00:00,1.8536200523376465,1.8537700176239007,1.851539969444275,1.852560043334961
2021-12-27 01:00:00+00:00,1.852489948272705,1.8533200025558472,1.851740002632141,1.85247004032135
2021-12-27 02:00:00+00:00,1.852560043334961,1.8530100584030151,1.8515700101852417,1.852429986000061
2021-12-27 03:00:00+00:00,1.8524800539016724,1.8532700538635247,1.8518400192260744,1.852560043334961
2021-12-27 04:00:00+00:00,1.853019952774048,1.8535399436950684,1.85207998752594,1.8534400463104248
2021-12-27 05:00:00+00:00,1.8534799814224243,1.854339957237244,1.852550029754639,1.854220032691956
2021-12-27 06:00:00+00:00,1.8541799783706665,1.8545600175857544,1.8531299829483032,1.8541100025177
2021-12-27 07:00:00+00:00,1.854200005531311,1.8557000160217283,1.853150010108948,1.855299949645996
2021-12-27 08:00:00+00:00,1.8553099632263184,1.8579699993133545,1.8543100357055664,1.8559999465942385
2021-12-27 09:00:00+00:00,1.8560099601745603,1.8592400550842283,1.8558900356292725,1.8589099645614624
2021-12-27 10:00:00+00:00,1.858890056610108,1.8591500520706177,1.857439994812012,1.858010053634644
2021-12-27 11:00:00+00:00,1.8580800294876096,1.8584400415420528,1.8564499616622925,1.8574700355529783
2021-12-27 12:00:00+00:00,1.8574199676513672,1.859339952468872,1.8559499979019165,1.8590099811553955
2021-12-27 13:00:00+00:00,1.8590400218963623,1.860659956932068,1.85631000995636,1.85657000541687
2021-12-27 14:00:00+00:00,1.8568899631500244,1.8582199811935425,1.856279969215393,1.857149958610535
2021-12-27 15:00:00+00:00,1.857149958610535,1.8573100566864007,1.8517800569534304,1.8534499406814573
2021-12-27 16:00:00+00:00,1.853610038757324,1.856819987297058,1.852959990501404,1.8564599752426147
2021-12-27 17:00:00+00:00,1.856469988822937,1.858299970626831,1.856060028076172,1.8575400114059448
2021-12-27 18:00:00+00:00,1.8575299978256223,1.8580000400543213,1.8553999662399288,1.8556499481201167
2021-12-27 19:00:00+00:00,1.8557000160217283,1.8570499420166016,1.855180025100708,1.85634994506836
2021-12-27 20:00:00+00:00,1.8563400506973269,1.8573700189590447,1.8550200462341309,1.85699999332428
2021-12-27 21:00:00+00:00,1.8570200204849243,1.8578300476074217,1.8554699420928955,1.8562099933624268
2021-12-27 22:00:00+00:00,1.8558599948883057,1.8578499555587769,1.8548699617385864,1.8565800189971924
2021-12-27 23:00:00+00:00,1.8566800355911253,1.8583699464797967,1.85562002658844,1.857570052146912
2021-12-28 00:00:00+00:00,1.8574899435043333,1.8577200174331665,1.8555699586868288,1.8560199737548828
2021-12-28 01:00:00+00:00,1.8560500144958496,1.857900023460388,1.8557699918746948,1.8574800491333008
2021-12-28 02:00:00+00:00,1.8575400114059448,1.857759952545166,1.855389952659607,1.856279969215393
2021-12-28 03:00:00+00:00,1.8562599420547483,1.8567999601364136,1.8555599451065063,1.8562999963760376
2021-12-28 04:00:00+00:00,1.85634994506836,1.856369972229004,1.8548400402069087,1.85562002658844
2021-12-28 05:00:00+00:00,1.8555699586868288,1.8560199737548828,1.8544600009918213,1.8550699949264529
2021-12-28 06:00:00+00:00,1.8550599813461304,1.8555099964141848,1.8538199663162231,1.854349970817566
2021-12-28 07:00:00+00:00,1.8543800115585327,1.8564300537109373,1.853909969329834,1.8561099767684937
2021-12-28 08:00:00+00:00,1.856119990348816,1.8572800159454343,1.8546199798583984,1.8561700582504272
2021-12-28 09:00:00+00:00,1.8561700582504272,1.8565200567245483,1.8534499406814573,1.854740023612976
2021-12-28 10:00:00+00:00,1.854359984397888,1.8556900024414065,1.854200005531311,1.8550200462341309
2021-12-28 11:00:00+00:00,1.8550100326538088,1.856250047683716,1.8547099828720093,1.8552700281143188
2021-12-28 12:00:00+00:00,1.855290055274964,1.855430006980896,1.8522299528121948,1.85316002368927
2021-12-28 13:00:00+00:00,1.8531999588012693,1.854910016059876,1.8514000177383425,1.854699969291687
2021-12-28 14:00:00+00:00,1.854830026626587,1.856660008430481,1.8539799451828003,1.855849981307984
2021-12-28 15:00:00+00:00,1.855929970741272,1.8587100505828853,1.855299949645996,1.856969952583313
2021-12-28 16:00:00+00:00,1.856969952583313,1.8581000566482544,1.8562999963760376,1.85699999332428
2021-12-28 17:00:00+00:00,1.857059955596924,1.85933005809784,1.8563899993896484,1.858970046043396
2021-12-28 18:00:00+00:00,1.858950018882752,1.8597700595855715,1.8581700325012207,1.8587499856948853
2021-12-28 19:00:00+00:00,1.8587299585342407,1.858970046043396,1.8564800024032595,1.8566800355911253
2021-12-28 20:00:00+00:00,1.8566999435424805,1.858669996261597,1.8559499979019165,1.8581199645996087
2021-12-28 21:00:00+00:00,1.858139991760254,1.8583500385284424,1.8561999797821045,1.8569899797439573
2021-12-28 22:00:00+00:00,1.8572200536727903,1.859949946403504,1.855280041694641,1.85834002494812
2021-12-28 23:00:00+00:00,1.85834002494812,1.8591500520706177,1.856729984283448,1.857059955596924
2021-12-29 00:00:00+00:00,1.8573399782180784,1.8577300310134888,1.8561899662017824,1.857460021972656
2021-12-29 01:00:00+00:00,1.8575299978256223,1.860759973526001,1.8565499782562256,1.8598699569702148
2021-12-29 02:00:00+00:00,1.8598699569702148,1.8607399463653564,1.85834002494812,1.859470009803772
2021-12-29 03:00:00+00:00,1.859529972076416,1.860319972038269,1.857100009918213,1.857190012931824
2021-12-29 04:00:00+00:00,1.8575600385665887,1.857800006866455,1.8564200401306152,1.857100009918213
2021-12-29 05:00:00+00:00,1.8568899631500244,1.8582799434661863,1.8563899993896484,1.857300043106079
2021-12-29 06:00:00+00:00,1.8573499917984009,1.8595900535583496,1.8565800189971924,1.8589400053024288
2021-12-29 07:00:00+00:00,1.8590400218963623,1.8592100143432613,1.8558599948883057,1.85634994506836
2021-12-29 08:00:00+00:00,1.8563599586486816,1.857069969177246,1.854220032691956,1.856040000915528
2021-12-29 09:00:00+00:00,1.8559199571609497,1.8593499660491943,1.8550100326538088,1.8582799434661863
2021-12-29 10:00:00+00:00,1.8583300113677976,1.8593699932098389,1.8572900295257568,1.8592499494552608
2021-12-29 11:00:00+00:00,1.85933005809784,1.860389947891236,1.8575600385665887,1.8597099781036377
2021-12-29 12:00:00+00:00,1.8597099781036377,1.860139966011048,1.8574800491333008,1.8578300476074217
2021-12-29 13:00:00+00:00,1.857810020446777,1.8612799644470213,1.8571100234985352,1.86080002784729
2021-12-29 14:00:00+00:00,1.860790014266968,1.861850023269653,1.8581700325012207,1.860350012779236
2021-12-29 15:00:00+00:00,1.860219955444336,1.8605600595474243,1.855849981307984,1.8575299978256223
2021-12-29 16:00:00+00:00,1.857499957084656,1.8616299629211424,1.856320023536682,1.860849976539612
2021-12-29 17:00:00+00:00,1.860919952392578,1.8615200519561768,1.859570026397705,1.860659956932068
2021-12-29 18:00:00+00:00,1.860659956932068,1.860919952392578,1.8593499660491943,1.860350012779236
2021-12-29 19:00:00+00:00,1.8603800535202024,1.860610008239746,1.8590199947357176,1.8599599599838257
2021-12-29 20:00:00+00:00,1.8600499629974363,1.860419988632202,1.858489990234375,1.859320044517517
2021-12-29 21:00:00+00:00,1.8592499494552608,1.860859990119934,1.8578699827194207,1.858780026435852
2021-12-29 22:00:00+00:00,1.858549952507019,1.8615299463272093,1.8567999601364136,1.859879970550537
2021-12-29 23:00:00+00:00,1.85971999168396,1.8604700565338133,1.8585799932479856,1.85920000076294
2021-12-30 00:00:00+00:00,1.8593599796295168,1.86080002784729,1.8585000038146973,1.860159993171692
2021-12-30 01:00:00+00:00,1.8602999448776243,1.8614699840545648,1.8579200506210327,1.8582199811935425
2021-12-30 02:00:00+00:00,1.858180046081543,1.860010027885437,1.8577799797058103,1.85889995098114
2021-12-30 03:00:00+00:00,1.858919978141785,1.859279990196228,1.8576799631118768,1.85820996761322
2021-12-30 04:00:00+00:00,1.8582600355148315,1.858530044555664,1.8574299812316888,1.8582299947738647
2021-12-30 05:00:00+00:00,1.858180046081543,1.85988998413086,1.8573499917984009,1.859449982643128
2021-12-30 06:00:00+00:00,1.8594800233840945,1.859949946403504,1.857900023460388,1.8585799932479856
2021-12-30 07:00:00+00:00,1.858569979667664,1.859339952468872,1.8558599948883057,1.856809973716736
2021-12-30 08:00:00+00:00,1.8567800521850584,1.8567899465560915,1.8540600538253784,1.8559199571609497
2021-12-30 09:00:00+00:00,1.855929970741272,1.8561899662017824,1.853780031204224,1.8545900583267207
2021-12-30 10:00:00+00:00,1.854580044746399,1.8573600053787231,1.854359984397888,1.8562400341033936
2021-12-30 11:00:00+00:00,1.8562999963760376,1.857249975204468,1.8550699949264529,1.8563599586486816
2021-12-30 12:00:00+00:00,1.8563799858093264,1.8586900234222408,1.8554699420928955,1.858010053634644
2021-12-30 13:00:00+00:00,1.858049988746643,1.8595000505447388,1.856850028038025,1.8574299812316888
2021-12-30 14:00:00+00:00,1.8573399782180784,1.859629988670349,1.8570200204849243,1.858919978141785
2021-12-30 15:00:00+00:00,1.858919978141785,1.8608200550079343,1.8574299812316888,1.8606300354003904
2021-12-30 16:00:00+00:00,1.8606200218200684,1.8608299493789675,1.8582799434661863,1.8591699600219729
2021-12-30 17:00:00+00:00,1.8595499992370603,1.8611199855804443,1.8582799434661863,1.8595600128173828
2021-12-30 18:00:00+00:00,1.8595199584960933,1.8618299961090088,1.8591599464416504,1.8609000444412231
2021-12-30 19:00:00+00:00,1.860919952392578,1.8617600202560425,1.8597400188446045,1.861729979515076
2021-12-30 20:00:00+00:00,1.861739993095398,1.8623199462890625,1.860129952430725,1.8613300323486328
2021-12-30 21:00:00+00:00,1.8613200187683103,1.8624500036239624,1.857959985733032,1.8598999977111816
2021-12-30 22:00:00+00:00,1.861250042915344,1.8632899522781368,1.8575799465179443,1.8620699644088743
2021-12-30 23:00:00+00:00,1.86191999912262,1.863219976425171,1.8610999584198,1.861590027809143
2021-12-31 00:00:00+00:00,1.8616399765014648,1.8624500036239624,1.8611899614334104,1.861479997634888
2021-12-31 01:00:00+00:00,1.8616299629211424,1.8625400066375728,1.860550045967102,1.8611600399017327
2021-12-31 02:00:00+00:00,1.8610600233078003,1.862229943275452,1.860550045967102,1.8610299825668333
2021-12-31 03:00:00+00:00,1.861089944839477,1.8625600337982176,1.8600200414657595,1.860919952392578
2021-12-31 04:00:00+00:00,1.860919952392578,1.8614699840545648,1.8597500324249268,1.8602099418640137
2021-12-31 05:00:00+00:00,1.8601499795913696,1.8606799840927124,1.8591099977493288,1.8595199584960933
2021-12-31 06:00:00+00:00,1.859529972076416,1.860159993171692,1.858629941940308,1.860159993171692
2021-12-31 07:00:00+00:00,1.860129952430725,1.8609700202941888,1.8592599630355835,1.8603800535202024
2021-12-31 08:00:00+00:00,1.8603800535202024,1.860919952392578,1.8586900234222408,1.8603700399398804
2021-12-31 09:00:00+00:00,1.8603700399398804,1.8604799509048464,1.857059955596924,1.8588500022888184
2021-12-31 10:00:00+00:00,1.8588500022888184,1.859429955482483,1.857409954071045,1.8584100008010864
2021-12-31 11:00:00+00:00,1.858450055122376,1.8588800430297847,1.8565200567245483,1.858549952507019
2021-12-31 12:00:00+00:00,1.8586000204086304,1.860520005226136,1.8572900295257568,1.860360026359558
2021-12-31 13:00:00+00:00,1.8603700399398804,1.860790014266968,1.8566499948501587,1.860440015792847
2021-12-31 14:00:00+00:00,1.860550045967102,1.8629499673843384,1.8590199947357176,1.8608900308609009
2021-12-31 15:00:00+00:00,1.8609299659729004,1.865820050239563,1.860010027885437,1.8630000352859497
2021-12-31 16:00:00+00:00,1.8630000352859497,1.865020036697388,1.860419988632202,1.8629499673843384
2021-12-31 17:00:00+00:00,1.8628699779510496,1.8634400367736816,1.859660029411316,1.859830021858216
2021-12-31 18:00:00+00:00,1.859830021858216,1.8614699840545648,1.8596500158309937,1.861199975013733
2021-12-31 19:00:00+00:00,1.8612099885940552,1.861549973487854,1.859820008277893,1.8611400127410889
2021-12-31 20:00:00+00:00,1.8611299991607664,1.861479997634888,1.8602399826049805,1.8610600233078003
2021-12-31 21:00:00+00:00,1.8610199689865112,1.8641899824142456,1.8587700128555296,1.8621799945831297
2021-12-31 22:00:00+00:00,1.8622599840164185,1.86395001411438,1.8622599840164185,1.8635400533676147
2022-01-03 00:00:00+00:00,1.860450029373169,1.8609999418258667,1.8588099479675293,1.860319972038269
2022-01-03 01:00:00+00:00,1.8603700399398804,1.863450050354004,1.858450055122376,1.862879991531372
2022-01-03 02:00:00+00:00,1.8627699613571167,1.864109992980957,1.861250042915344,1.862030029296875
2022-01-03 03:00:00+00:00,1.862030029296875,1.864169955253601,1.861050009727478,1.862229943275452
2022-01-03 04:00:00+00:00,1.8622900247573853,1.862720012664795,1.861500024795532,1.861860036849976
2022-01-03 05:00:00+00:00,1.86191999912262,1.863029956817627,1.861350059509277,1.862779974937439
2022-01-03 06:00:00+00:00,1.862930059432984,1.86329996585846,1.861590027809143,1.86191999912262
2022-01-03 07:00:00+00:00,1.861940026283264,1.862529993057251,1.8601800203323364,1.8610199689865112
2022-01-03 08:00:00+00:00,1.8610199689865112,1.862470030784607,1.859910011291504,1.862380027770996
2022-01-03 09:00:00+00:00,1.8623700141906736,1.8637900352478027,1.861600041389465,1.863070011138916
2022-01-03 10:00:00+00:00,1.863010048866272,1.864179968833924,1.861840009689331,1.863569974899292
2022-01-03 11:00:00+00:00,1.8636200428009035,1.865020036697388,1.863070011138916,1.8635300397872925
2022-01-03 12:00:00+00:00,1.863919973373413,1.8653700351715088,1.863489985466004,1.864240050315857
2022-01-03 13:00:00+00:00,1.864300012588501,1.8676600456237795,1.863489985466004,1.8672300577163696
2022-01-03 14:00:00+00:00,1.8672300577163696,1.8717199563980105,1.8670599460601809,1.8702399730682373
2022-01-03 15:00:00+00:00,1.87024998664856,1.8714599609375,1.8680200576782229,1.871129989624024
2022-01-03 16:00:00+00:00,1.8710399866104128,1.8724299669265747,1.8690199851989744,1.8719099760055544
2022-01-03 17:00:00+00:00,1.8719099760055544,1.8735500574111936,1.8707799911499023,1.871649980545044
2022-01-03 18:00:00+00:00,1.8718899488449097,1.872660040855408,1.87107002735138,1.872099995613098
2022-01-03 19:00:00+00:00,1.872089982032776,1.875309944152832,1.8718600273132324,1.8751699924469
2022-01-03 20:00:00+00:00,1.8751800060272217,1.8757599592208865,1.873829960823059,1.8752199411392207
2022-01-03 21:00:00+00:00,1.875249981880188,1.875830054283142,1.872130036354065,1.8737800121307373
2022-01-03 22:00:00+00:00,1.873769998550415,1.875570058822632,1.8713300228118896,1.87379002571106
2022-01-03 23:00:00+00:00,1.8737599849700928,1.8751499652862549,1.8724000453948968,1.87336003780365
2022-01-04 00:00:00+00:00,1.8735599517822263,1.8738000392913816,1.871809959411621,1.872339963912964
2022-01-04 01:00:00+00:00,1.8724499940872192,1.8728400468826287,1.8703900575637813,1.872189998626709
2022-01-04 02:00:00+00:00,1.8721400499343872,1.87296998500824,1.8705300092697144,1.8714599609375
2022-01-04 03:00:00+00:00,1.8714599609375,1.8718600273132324,1.868559956550598,1.869250059127808
2022-01-04 04:00:00+00:00,1.8691600561141968,1.8692599534988403,1.866420030593872,1.867779970169068
2022-01-04 05:00:00+00:00,1.867740035057068,1.8687599897384644,1.866269946098328,1.867069959640503
2022-01-04 06:00:00+00:00,1.8671200275421145,1.8685699701309204,1.8663100004196167,1.8675600290298464
2022-01-04 07:00:00+00:00,1.8675800561904907,1.871260046958924,1.8669400215148928,1.871260046958924
2022-01-04 08:00:00+00:00,1.871260046958924,1.872470021247864,1.869809985160828,1.871569991111756
2022-01-04 09:00:00+00:00,1.871500015258789,1.873810052871704,1.8702000379562376,1.873430013656616
2022-01-04 10:00:00+00:00,1.8734400272369385,1.8739999532699585,1.87076997756958,1.8733400106430047
2022-01-04 11:00:00+00:00,1.873270034790039,1.8747600317001345,1.8719099760055544,1.8747199773788448
2022-01-04 12:00:00+00:00,1.8746399879455569,1.8764300346374512,1.8724499940872192,1.875599980354309
2022-01-04 13:00:00+00:00,1.8755600452423096,1.8759299516677856,1.8738800287246704,1.8748300075531008
2022-01-04 14:00:00+00:00,1.874850034713745,1.8761500120162964,1.8727500438690183,1.87336003780365
2022-01-04 15:00:00+00:00,1.8729499578475952,1.8743300437927248,1.8696999549865725,1.8702399730682373
2022-01-04 16:00:00+00:00,1.8702900409698489,1.8723700046539309,1.8693499565124512,1.869979977607727
2022-01-04 17:00:00+00:00,1.869920015335083,1.8707799911499023,1.868839979171753,1.8694100379943848
2022-01-04 18:00:00+00:00,1.8694499731063845,1.870169997215271,1.868250012397766,1.8697600364685056
2022-01-04 19:00:00+00:00,1.8697999715805047,1.8701200485229488,1.8684600591659544,1.8687200546264648
2022-01-04 20:00:00+00:00,1.8687299489974976,1.8691099882125848,1.8670799732208248,1.868549942970276
2022-01-04 21:00:00+00:00,1.8686000108718872,1.8700100183486936,1.8672699928283687,1.8690099716186523
2022-01-04 22:00:00+00:00,1.868409991264344,1.8703999519348145,1.86584997177124,1.8687200546264648
2022-01-04 23:00:00+00:00,1.8687200546264648,1.8696999549865725,1.8671499490737915,1.8687700033187864
2022-01-05 00:00:00+00:00,1.8690799474716189,1.869809985160828,1.8671799898147583,1.869120001792908
2022-01-05 01:00:00+00:00,1.8691699504852293,1.871870040893555,1.8681000471115112,1.871649980545044
2022-01-05 02:00:00+00:00,1.8716299533844,1.871899962425232,1.869070053100586,1.87076997756958
2022-01-05 03:00:00+00:00,1.8708100318908687,1.872230052947998,1.8697199821472168,1.8703199625015257
2022-01-05 04:00:00+00:00,1.8703399896621704,1.8707400560379028,1.8692799806594849,1.870020031929016
2022-01-05 05:00:00+00:00,1.8700900077819824,1.872380018234253,1.8694599866867063,1.8721100091934204
2022-01-05 06:00:00+00:00,1.8720500469207764,1.872499942779541,1.870169997215271,1.8712999820709229
2022-01-05 07:00:00+00:00,1.8712899684906008,1.872069954872132,1.8691699504852293,1.870959997177124
2022-01-05 08:00:00+00:00,1.8709100484848025,1.872910022735596,1.8697199821472168,1.871379971504212
2022-01-05 09:00:00+00:00,1.871440052986145,1.871510028839112,1.8665800094604488,1.8670400381088257
2022-01-05 10:00:00+00:00,1.867210030555725,1.86899995803833,1.865520000457764,1.8666399717330933
2022-01-05 11:00:00+00:00,1.8666399717330933,1.8676899671554563,1.8653500080108645,1.865820050239563
2022-01-05 12:00:00+00:00,1.865820050239563,1.8675700426101685,1.865090012550354,1.8675700426101685
2022-01-05 13:00:00+00:00,1.8675600290298464,1.867840051651001,1.8652199506759644,1.8667500019073489
2022-01-05 14:00:00+00:00,1.8667399883270264,1.8683600425720213,1.8640999794006348,1.8648200035095213
2022-01-05 15:00:00+00:00,1.8648500442504885,1.8670099973678589,1.8636900186538696,1.865839958190918
2022-01-05 16:00:00+00:00,1.865820050239563,1.8699699640274048,1.8652399778366089,1.869339942932129
2022-01-05 17:00:00+00:00,1.8693499565124512,1.8711600303649905,1.8678499460220337,1.8709299564361568
2022-01-05 18:00:00+00:00,1.87107002735138,1.87228000164032,1.8703700304031368,1.870949983596801
2022-01-05 19:00:00+00:00,1.87107002735138,1.8778599500656128,1.8702000379562376,1.8772300481796265
2022-01-05 20:00:00+00:00,1.8772499561309808,1.877660036087036,1.8757200241088867,1.876520037651062
2022-01-05 21:00:00+00:00,1.876539945602417,1.877699971199036,1.8755799531936648,1.876960039138794
2022-01-05 22:00:00+00:00,1.8768800497055047,1.877969980239868,1.8759000301361084,1.87663996219635
2022-01-05 23:00:00+00:00,1.8763999938964844,1.8786900043487549,1.875849962234497,1.87706995010376
2022-01-06 00:00:00+00:00,1.877120018005371,1.8780499696731567,1.876539945602417,1.8774800300598145
2022-01-06 01:00:00+00:00,1.877500057220459,1.8795000314712524,1.8770899772644043,1.8782999515533447
2022-01-06 02:00:00+00:00,1.8783299922943115,1.880990028381348,1.8780499696731567,1.880489945411682
2022-01-06 03:00:00+00:00,1.880489945411682,1.8827099800109863,1.879699945449829,1.8824000358581543
2022-01-06 04:00:00+00:00,1.8824399709701536,1.885699987411499,1.8816100358963013,1.8846999406814573
2022-01-06 05:00:00+00:00,1.8846999406814573,1.8865900039672847,1.8845700025558472,1.8859699964523315
2022-01-06 06:00:00+00:00,1.8859699964523315,1.8876999616622925,1.8855400085449217,1.886849999427796
2022-01-06 07:00:00+00:00,1.886849999427796,1.888260006904602,1.885740041732788,1.8862299919128416
2022-01-06 08:00:00+00:00,1.8862299919128416,1.8898299932479856,1.884909987449646,1.8878400325775144
2022-01-06 09:00:00+00:00,1.887869954109192,1.8895200490951536,1.8868999481201167,1.888059973716736
2022-01-06 10:00:00+00:00,1.8880200386047363,1.8884700536727903,1.8848299980163568,1.886029958724976
2022-01-06 11:00:00+00:00,1.886019945144653,1.889189958572388,1.885599970817566,1.8883299827575684
2022-01-06 12:00:00+00:00,1.8883899450302124,1.8895299434661863,1.8868099451065063,1.8883600234985352
2022-01-06 13:00:00+00:00,1.8883600234985352,1.889799952507019,1.886489987373352,1.889709949493408
2022-01-06 14:00:00+00:00,1.8897900581359863,1.890879988670349,1.8870699405670168,1.8897199630737305
2022-01-06 15:00:00+00:00,1.889799952507019,1.891129970550537,1.8867000341415403,1.8897600173950195
2022-01-06 16:00:00+00:00,1.889709949493408,1.890390038490296,1.887719988822937,1.8889100551605225
2022-01-06 17:00:00+00:00,1.8889000415802,1.889569997787476,1.886540055274964,1.887910008430481
2022-01-06 18:00:00+00:00,1.888010025024414,1.8888499736785889,1.887120008468628,1.8878400325775144
2022-01-06 19:00:00+00:00,1.8878300189971924,1.8887300491333008,1.8870799541473389,1.8877099752426147
2022-01-06 20:00:00+00:00,1.8876399993896484,1.8896600008010864,1.8867599964141848,1.8885999917984009
2022-01-06 21:00:00+00:00,1.8885999917984009,1.8897700309753416,1.8868299722671509,1.88864004611969
2022-01-06 22:00:00+00:00,1.8886100053787231,1.889870047569275,1.885419964790344,1.889320015907288
2022-01-06 23:00:00+00:00,1.88919997215271,1.889879941940308,1.888069987297058,1.8890899419784544
2022-01-07 00:00:00+00:00,1.8893500566482544,1.88945996761322,1.8866900205612185,1.8878599405288696
2022-01-07 01:00:00+00:00,1.8877700567245483,1.8896100521087649,1.8867599964141848,1.889320015907288
2022-01-07 02:00:00+00:00,1.88919997215271,1.8909300565719604,1.8886699676513672,1.889189958572388
2022-01-07 03:00:00+00:00,1.889189958572388,1.890779972076416,1.888440012931824,1.8904900550842283
2022-01-07 04:00:00+00:00,1.8904900550842283,1.8923699855804443,1.889950037002564,1.8918299674987795
2022-01-07 05:00:00+00:00,1.8918299674987795,1.892289996147156,1.8904000520706177,1.8906099796295168
2022-01-07 06:00:00+00:00,1.8905400037765503,1.8927600383758545,1.890529990196228,1.8922200202941888
2022-01-07 07:00:00+00:00,1.8922100067138672,1.8928699493408203,1.8910200595855715,1.8924100399017327
2022-01-07 08:00:00+00:00,1.8924599885940552,1.895509958267212,1.8912700414657595,1.8943899869918823
2022-01-07 09:00:00+00:00,1.894420027732849,1.895140051841736,1.8926500082015991,1.8943099975585933
2022-01-07 10:00:00+00:00,1.894320011138916,1.89468002319336,1.891350030899048,1.892169952392578
2022-01-07 11:00:00+00:00,1.892169952392578,1.89451003074646,1.891950011253357,1.893740057945252
2022-01-07 12:00:00+00:00,1.893720030784607,1.89437997341156,1.8927799463272093,1.894029974937439
2022-01-07 13:00:00+00:00,1.8940500020980835,1.8979500532150269,1.891610026359558,1.8963099718093872
2022-01-07 14:00:00+00:00,1.8963700532913208,1.896389961242676,1.890820026397705,1.8921400308609009
2022-01-07 15:00:00+00:00,1.8921400308609009,1.896399974822998,1.890820026397705,1.8943300247192385
2022-01-07 16:00:00+00:00,1.8943099975585933,1.894490003585816,1.8896199464797967,1.8901900053024288
2022-01-07 17:00:00+00:00,1.8902900218963623,1.8923100233078003,1.8896000385284424,1.891700029373169
2022-01-07 18:00:00+00:00,1.8917399644851685,1.892339944839477,1.890519976615905,1.8913300037384035
2022-01-07 19:00:00+00:00,1.8912899494171145,1.8926299810409544,1.890699982643128,1.8922799825668333
2022-01-07 20:00:00+00:00,1.892240047454834,1.8933000564575195,1.8916300535202024,1.8929599523544312
2022-01-07 21:00:00+00:00,1.892979979515076,1.893779993057251,1.890630006790161,1.891520023345948
2022-01-07 22:00:00+00:00,1.891819953918457,1.8926199674606323,1.891819953918457,1.892099976539612
2022-01-10 00:00:00+00:00,1.8933000564575195,1.893399953842163,1.890949964523316,1.892040014266968
2022-01-10 01:00:00+00:00,1.8920899629592896,1.8924100399017327,1.889389991760254,1.890120029449463
2022-01-10 02:00:00+00:00,1.890089988708496,1.890120029449463,1.8885300159454343,1.8891199827194207
2022-01-10 03:00:00+00:00,1.8891199827194207,1.889549970626831,1.888350009918213,1.88919997215271
2022-01-10 04:00:00+00:00,1.88919997215271,1.8892500400543213,1.887349963188172,1.8886499404907229
2022-01-10 05:00:00+00:00,1.888659954071045,1.889310002326965,1.8875099420547483,1.888960003852844
2022-01-10 06:00:00+00:00,1.8889000415802,1.8895399570465088,1.8875099420547483,1.8878799676895144
2022-01-10 07:00:00+00:00,1.887979984283448,1.8889800310134888,1.886680006980896,1.8877300024032595
2022-01-10 08:00:00+00:00,1.887719988822937,1.8921500444412231,1.887060046195984,1.8904900550842283
2022-01-10 09:00:00+00:00,1.8904399871826167,1.89110004901886,1.888190031051636,1.889189958572388
2022-01-10 10:00:00+00:00,1.8891199827194207,1.8893500566482544,1.8860399723052976,1.8878400325775144
2022-01-10 11:00:00+00:00,1.8878599405288696,1.889559984207153,1.8870500326156616,1.888820052146912
2022-01-10 12:00:00+00:00,1.888710021972656,1.8909300565719604,1.8880900144577024,1.8907500505447388
2022-01-10 13:00:00+00:00,1.8907999992370603,1.8918100595474243,1.8887200355529783,1.889879941940308
2022-01-10 14:00:00+00:00,1.889879941940308,1.891759991645813,1.8877899646759035,1.891520023345948
2022-01-10 15:00:00+00:00,1.891510009765625,1.895990014076233,1.890820026397705,1.893610000610352
2022-01-10 16:00:00+00:00,1.8935099840164185,1.8941999673843384,1.89096999168396,1.891759991645813
2022-01-10 17:00:00+00:00,1.891800045967102,1.8932199478149407,1.8912400007247925,1.892590045928955
2022-01-10 18:00:00+00:00,1.892590045928955,1.8935600519180296,1.891759991645813,1.8924299478530884
2022-01-10 19:00:00+00:00,1.8924299478530884,1.8940500020980835,1.8917200565338133,1.892590045928955
2022-01-10 20:00:00+00:00,1.8925600051879885,1.893589973449707,1.8915300369262693,1.891909956932068
2022-01-10 21:00:00+00:00,1.8918999433517456,1.893409967422485,1.8883600234985352,1.8929500579833984
2022-01-10 22:00:00+00:00,1.893419981002808,1.8940900564193728,1.889320015907288,1.892590045928955
2022-01-10 23:00:00+00:00,1.892590045928955,1.8932199478149407,1.8906500339508057,1.8911700248718264
2022-01-11 00:00:00+00:00,1.891199946403504,1.891860008239746,1.889209985733032,1.890200018882752
2022-01-11 01:00:00+00:00,1.8903000354766848,1.892850041389465,1.8899600505828853,1.891890048980713
2022-01-11 02:00:00+00:00,1.891950011253357,1.8927799463272093,1.890069961547852,1.890519976615905
2022-01-11 03:00:00+00:00,1.890519976615905,1.8907500505447388,1.888800024986267,1.890470027923584
2022-01-11 04:00:00+00:00,1.8904900550842283,1.8914999961853027,1.889709949493408,1.891319990158081
2022-01-11 05:00:00+00:00,1.891319990158081,1.8919299840927124,1.8899400234222408,1.8908400535583496
2022-01-11 06:00:00+00:00,1.8908599615097048,1.8946900367736816,1.8900599479675293,1.893720030784607
2022-01-11 07:00:00+00:00,1.893610000610352,1.8940900564193728,1.89031994342804,1.891319990158081
2022-01-11 08:00:00+00:00,1.891319990158081,1.8955299854278564,1.8904099464416504,1.8947900533676147
2022-01-11 09:00:00+00:00,1.8947800397872925,1.8951599597930908,1.8924100399017327,1.894180059432984
2022-01-11 10:00:00+00:00,1.894170045852661,1.895580053329468,1.892850041389465,1.8945900201797483
2022-01-11 11:00:00+00:00,1.8945900201797483,1.895210027694702,1.8915599584579468,1.8924800157547
2022-01-11 12:00:00+00:00,1.8924599885940552,1.8946499824523928,1.8912299871444704,1.89300000667572
2022-01-11 13:00:00+00:00,1.892940044403076,1.894610047340393,1.8918399810791016,1.8943400382995603
2022-01-11 14:00:00+00:00,1.8943400382995603,1.8962199687957764,1.8935199975967407,1.8946599960327148
2022-01-11 15:00:00+00:00,1.8947499990463257,1.895400047302246,1.8924800157547,1.894739985466004
2022-01-11 16:00:00+00:00,1.894760012626648,1.89520001411438,1.891890048980713,1.892729997634888
2022-01-11 17:00:00+00:00,1.892789959907532,1.8932100534439087,1.8910399675369265,1.8918399810791016
2022-01-11 18:00:00+00:00,1.8918299674987795,1.891980051994324,1.8882700204849243,1.888569951057434
2022-01-11 19:00:00+00:00,1.8885300159454343,1.890630006790161,1.88838005065918,1.8905400037765503
2022-01-11 20:00:00+00:00,1.890519976615905,1.8907500505447388,1.8894100189208984,1.8902900218963623
2022-01-11 21:00:00+00:00,1.8902599811553955,1.8914300203323364,1.889649987220764,1.890830039978028
2022-01-11 22:00:00+00:00,1.89110004901886,1.8915300369262693,1.888890027999878,1.8905500173568728
2022-01-11 23:00:00+00:00,1.8904600143432613,1.8912700414657595,1.8880200386047363,1.8907999992370603
2022-01-12 00:00:00+00:00,1.8907099962234497,1.8917200565338133,1.889709949493408,1.8902699947357176
2022-01-12 01:00:00+00:00,1.8902900218963623,1.892009973526001,1.8895200490951536,1.891010046005249
2022-01-12 02:00:00+00:00,1.891010046005249,1.8921799659729004,1.890239953994751,1.8907500505447388
2022-01-12 03:00:00+00:00,1.89110004901886,1.8914400339126587,1.88959002494812,1.88959002494812
2022-01-12 04:00:00+00:00,1.8899799585342407,1.8904199600219729,1.8884199857711792,1.889439940452576
2022-01-12 05:00:00+00:00,1.8895299434661863,1.8908499479293823,1.889060020446777,1.8899600505828853
2022-01-12 06:00:00+00:00,1.8900200128555296,1.8905600309371948,1.8884299993515008,1.8896600008010864
2022-01-12 07:00:00+00:00,1.889709949493408,1.8923300504684448,1.8889100551605225,1.891639947891236
2022-01-12 08:00:00+00:00,1.8916200399398804,1.892930030822754,1.8903100490570068,1.8916499614715576
2022-01-12 09:00:00+00:00,1.891540050506592,1.8921799659729004,1.8889399766922,1.8895000219345093
2022-01-12 10:00:00+00:00,1.8895000219345093,1.890470027923584,1.8887200355529783,1.8899999856948853
2022-01-12 11:00:00+00:00,1.8900799751281736,1.8913300037384035,1.889389991760254,1.8908599615097048
2022-01-12 12:00:00+00:00,1.890830039978028,1.891819953918457,1.8896600008010864,1.8904600143432613
2022-01-12 13:00:00+00:00,1.8904800415039065,1.8919700384140008,1.8859399557113647,1.886540055274964
2022-01-12 14:00:00+00:00,1.8865200281143188,1.887369990348816,1.883020043373108,1.8842600584030151
2022-01-12 15:00:00+00:00,1.8842400312423704,1.8848299980163568,1.8805299997329712,1.8828799724578853
2022-01-12 16:00:00+00:00,1.8828799724578853,1.8840500116348269,1.881319999694824,1.881979942321777
2022-01-12 17:00:00+00:00,1.8817700147628784,1.8833199739456177,1.8805899620056152,1.881780028343201
2022-01-12 18:00:00+00:00,1.881780028343201,1.882740020751953,1.881369948387146,1.8822699785232544
2022-01-12 19:00:00+00:00,1.8823000192642207,1.882560014724732,1.8795599937438965,1.8804800510406487
2022-01-12 20:00:00+00:00,1.880360007286072,1.8816399574279783,1.879979968070984,1.88074004650116
2022-01-12 21:00:00+00:00,1.880679965019226,1.881680011749268,1.8790899515151973,1.8803900480270384
2022-01-12 22:00:00+00:00,1.8786799907684328,1.882140040397644,1.8786799907684328,1.8813999891281128
2022-01-12 23:00:00+00:00,1.881469964981079,1.882310032844544,1.880239963531494,1.882159948348999
2022-01-13 00:00:00+00:00,1.8820899724960327,1.8832900524139404,1.881250023841858,1.8822100162506104
2022-01-13 01:00:00+00:00,1.8822499513626096,1.8839800357818604,1.881309986114502,1.883679986000061
2022-01-13 02:00:00+00:00,1.883769989013672,1.884590029716492,1.8817299604415887,1.8822699785232544
2022-01-13 03:00:00+00:00,1.8822699785232544,1.883370041847229,1.8807200193405151,1.8811399936676023
2022-01-13 04:00:00+00:00,1.8812099695205688,1.8821500539779663,1.8802000284194944,1.881010055541992
2022-01-13 05:00:00+00:00,1.881119966506958,1.883389949798584,1.8804099559783936,1.8827799558639529
2022-01-13 06:00:00+00:00,1.8827099800109863,1.882830023765564,1.880910038948059,1.8820500373840328
2022-01-13 07:00:00+00:00,1.882040023803711,1.8826099634170528,1.879449963569641,1.880669951438904
2022-01-13 08:00:00+00:00,1.8806899785995483,1.881309986114502,1.878159999847412,1.880010008811951
2022-01-13 09:00:00+00:00,1.8799899816513064,1.8818299770355225,1.8785400390625,1.87923002243042
2022-01-13 10:00:00+00:00,1.8791300058364868,1.880929946899414,1.878520011901856,1.880859971046448
2022-01-13 11:00:00+00:00,1.880820035934448,1.881890058517456,1.879539966583252,1.8804099559783936
2022-01-13 12:00:00+00:00,1.8804099559783936,1.8815200328826904,1.879150032997132,1.8803900480270384
2022-01-13 13:00:00+00:00,1.8802800178527832,1.8804999589920044,1.878029942512512,1.880239963531494
2022-01-13 14:00:00+00:00,1.880210041999817,1.8809700012207031,1.8783700466156008,1.8808900117874143
2022-01-13 15:00:00+00:00,1.880910038948059,1.8837300539016724,1.8804700374603271,1.881739974021912
2022-01-13 16:00:00+00:00,1.881569981575012,1.8825500011444087,1.87978994846344,1.8801000118255613
2022-01-13 17:00:00+00:00,1.8801599740982056,1.8828999996185305,1.879889965057373,1.880920052528381
2022-01-13 18:00:00+00:00,1.880920052528381,1.882200002670288,1.880579948425293,1.881180047988892
2022-01-13 19:00:00+00:00,1.8811399936676023,1.882619976997376,1.8803399801254272,1.8818299770355225
2022-01-13 20:00:00+00:00,1.8817700147628784,1.8836499452590945,1.8812899589538568,1.883119940757752
2022-01-13 21:00:00+00:00,1.8830900192260744,1.883579969406128,1.8796900510787964,1.8808300495147705
2022-01-13 22:00:00+00:00,1.8816399574279783,1.883999943733216,1.8799500465393064,1.8824599981307983
2022-01-13 23:00:00+00:00,1.8824900388717647,1.8839800357818604,1.8821699619293213,1.8831900358200075
2022-01-14 00:00:00+00:00,1.8832800388336184,1.885210037231445,1.882889986038208,1.88401997089386
2022-01-14 01:00:00+00:00,1.883999943733216,1.8873800039291384,1.8834799528121948,1.886639952659607
2022-01-14 02:00:00+00:00,1.8866300582885744,1.8881700038909912,1.885609984397888,1.886379957199097
2022-01-14 03:00:00+00:00,1.886430025100708,1.8880900144577024,1.8861500024795528,1.8867299556732176
2022-01-14 04:00:00+00:00,1.886790037155152,1.8868000507354736,1.8845000267028809,1.8849300146102903
2022-01-14 05:00:00+00:00,1.884860038757324,1.8861700296401973,1.884209990501404,1.8844300508499143
2022-01-14 06:00:00+00:00,1.8844799995422363,1.884909987449646,1.883020043373108,1.88470995426178
2022-01-14 07:00:00+00:00,1.884719967842102,1.885570049285889,1.883059978485108,1.884860038757324
2022-01-14 08:00:00+00:00,1.884899973869324,1.8870099782943728,1.8826600313186648,1.8868000507354736
2022-01-14 09:00:00+00:00,1.8867599964141848,1.889299988746643,1.886080026626587,1.888569951057434
2022-01-14 10:00:00+00:00,1.8885200023651123,1.8893500566482544,1.8871500492095947,1.889009952545166
2022-01-14 11:00:00+00:00,1.889009952545166,1.889569997787476,1.8873300552368164,1.8891199827194207
2022-01-14 12:00:00+00:00,1.889150023460388,1.8917100429534912,1.8886100053787231,1.8915499448776243
2022-01-14 13:00:00+00:00,1.8915599584579468,1.8945200443267824,1.8910399675369265,1.8928799629211424
2022-01-14 14:00:00+00:00,1.892860054969788,1.8932100534439087,1.887410044670105,1.887850046157837
2022-01-14 15:00:00+00:00,1.8878400325775144,1.8925299644470213,1.8873599767684937,1.8918399810791016
2022-01-14 16:00:00+00:00,1.8918700218200684,1.89300000667572,1.890910029411316,1.8924399614334104
2022-01-14 17:00:00+00:00,1.8924599885940552,1.8961000442504885,1.891980051994324,1.8959300518035889
2022-01-14 18:00:00+00:00,1.895949959754944,1.8981300592422483,1.895509958267212,1.89752995967865
2022-01-14 19:00:00+00:00,1.8975499868392944,1.898169994354248,1.89683997631073,1.8973900079727173
2022-01-14 20:00:00+00:00,1.8973599672317505,1.8976099491119385,1.8952499628067017,1.895609974861145
2022-01-14 21:00:00+00:00,1.895550012588501,1.897629976272583,1.8941400051116943,1.8954700231552124
2022-01-14 22:00:00+00:00,1.897349953651428,1.897349953651428,1.897349953651428,1.897349953651428
2022-01-17 00:00:00+00:00,1.894670009613037,1.897089958190918,1.894299983978272,1.896649956703186
2022-01-17 01:00:00+00:00,1.8967299461364744,1.8991700410842896,1.896139979362488,1.8988900184631348
2022-01-17 02:00:00+00:00,1.8989299535751345,1.8989299535751345,1.895699977874756,1.8962199687957764
2022-01-17 03:00:00+00:00,1.896289944648743,1.897289991378784,1.8957500457763672,1.8967499732971191
2022-01-17 04:00:00+00:00,1.8967499732971191,1.8981499671936035,1.8960700035095213,1.897860050201416
2022-01-17 05:00:00+00:00,1.89795994758606,1.8983999490737915,1.8970099687576287,1.8980400562286377
2022-01-17 06:00:00+00:00,1.8980499505996704,1.8987499475479128,1.8968199491500848,1.898169994354248
2022-01-17 07:00:00+00:00,1.898169994354248,1.8985999822616573,1.8955299854278564,1.895900011062622
2022-01-17 08:00:00+00:00,1.8959300518035889,1.897420048713684,1.8945300579071045,1.8948899507522583
2022-01-17 09:00:00+00:00,1.8949099779129028,1.8960599899291992,1.8939100503921509,1.895609974861145
2022-01-17 10:00:00+00:00,1.895640015602112,1.895830035209656,1.8934500217437744,1.8941600322723389
2022-01-17 11:00:00+00:00,1.8941099643707275,1.8943599462509155,1.8912099599838257,1.8920199871063232
2022-01-17 12:00:00+00:00,1.892040014266968,1.8923799991607664,1.889340043067932,1.892199993133545
2022-01-17 13:00:00+00:00,1.892199993133545,1.893239974975586,1.8914200067520144,1.89260995388031
2022-01-17 14:00:00+00:00,1.8926199674606323,1.8935099840164185,1.8918999433517456,1.8928899765014648
2022-01-17 15:00:00+00:00,1.8928699493408203,1.893749952316284,1.8909000158309937,1.8924000263214111
2022-01-17 16:00:00+00:00,1.8926500082015991,1.893740057945252,1.892199993133545,1.8930100202560425
2022-01-17 17:00:00+00:00,1.8930200338363647,1.8939499855041504,1.89179003238678,1.892109990119934
2022-01-17 18:00:00+00:00,1.8921500444412231,1.8924800157547,1.891389966011048,1.8920300006866453
2022-01-17 19:00:00+00:00,1.8920600414276123,1.8923699855804443,1.891450047492981,1.8922100067138672
2022-01-17 20:00:00+00:00,1.8922200202941888,1.892500042915344,1.891389966011048,1.8923200368881223
2022-01-17 21:00:00+00:00,1.8923100233078003,1.8926199674606323,1.889870047569275,1.8902699947357176
2022-01-17 22:00:00+00:00,1.8916800022125244,1.8930699825286863,1.8896600008010864,1.892789959907532
2022-01-17 23:00:00+00:00,1.892359972000122,1.893460035324097,1.890570044517517,1.8924399614334104
2022-01-18 00:00:00+00:00,1.8923799991607664,1.8933000564575195,1.891080021858216,1.891819953918457
2022-01-18 01:00:00+00:00,1.891849994659424,1.8924100399017327,1.8895399570465088,1.8903800249099727
2022-01-18 02:00:00+00:00,1.890390038490296,1.8917100429534912,1.8899600505828853,1.8907699584960933
2022-01-18 03:00:00+00:00,1.8908400535583496,1.89723002910614,1.890200018882752,1.89654004573822
2022-01-18 04:00:00+00:00,1.8964200019836424,1.8989100456237795,1.8952900171279907,1.895679950714112
2022-01-18 05:00:00+00:00,1.895709991455078,1.8968000411987305,1.894860029220581,1.8957600593566888
2022-01-18 06:00:00+00:00,1.8957600593566888,1.895900011062622,1.8932900428771973,1.893720030784607
2022-01-18 07:00:00+00:00,1.8937699794769287,1.89614999294281,1.893499970436096,1.8943699598312376
2022-01-18 08:00:00+00:00,1.8944000005722048,1.8974699974060056,1.894240021705628,1.8963099718093872
2022-01-18 09:00:00+00:00,1.8963099718093872,1.897289991378784,1.8948700428009035,1.895300030708313
2022-01-18 10:00:00+00:00,1.895359992980957,1.895509958267212,1.8933000564575195,1.8943899869918823
2022-01-18 11:00:00+00:00,1.8943599462509155,1.89468002319336,1.8923799991607664,1.892840027809143
2022-01-18 12:00:00+00:00,1.892799973487854,1.893030047416687,1.8902900218963623,1.8908400535583496
2022-01-18 13:00:00+00:00,1.8908499479293823,1.893030047416687,1.8896700143814087,1.8919600248336792
2022-01-18 14:00:00+00:00,1.8919600248336792,1.8922499418258667,1.8902100324630733,1.8913099765777588
2022-01-18 15:00:00+00:00,1.891319990158081,1.8915599584579468,1.8876500129699707,1.889449954032898
2022-01-18 16:00:00+00:00,1.8894699811935425,1.8918800354003904,1.888689994812012,1.8901900053024288
2022-01-18 17:00:00+00:00,1.890239953994751,1.893149971961975,1.8899099826812744,1.8923100233078003
2022-01-18 18:00:00+00:00,1.8924100399017327,1.893610000610352,1.8916300535202024,1.892109990119934
2022-01-18 19:00:00+00:00,1.8921200037002563,1.89274001121521,1.8912299871444704,1.8921600580215447
2022-01-18 20:00:00+00:00,1.8921600580215447,1.8933000564575195,1.8915599584579468,1.8924700021743768
2022-01-18 21:00:00+00:00,1.892449975013733,1.8932199478149407,1.8914799690246584,1.8921899795532229
2022-01-18 22:00:00+00:00,1.8915599584579468,1.893229961395264,1.8904900550842283,1.892670035362244
2022-01-18 23:00:00+00:00,1.8925199508666992,1.892920017242432,1.8910499811172483,1.892420053482056
2022-01-19 00:00:00+00:00,1.8920700550079343,1.893419981002808,1.8910000324249268,1.8921500444412231
2022-01-19 01:00:00+00:00,1.8922200202941888,1.8928300142288208,1.8903700113296509,1.8923799991607664
2022-01-19 02:00:00+00:00,1.8924000263214111,1.8924599885940552,1.8905999660491943,1.891469955444336
2022-01-19 03:00:00+00:00,1.8915300369262693,1.8939599990844729,1.8910000324249268,1.8925199508666992
2022-01-19 04:00:00+00:00,1.892590045928955,1.893479943275452,1.8904999494552608,1.8930799961090088
2022-01-19 05:00:00+00:00,1.893030047416687,1.893589973449707,1.89191997051239,1.8925100564956665
2022-01-19 06:00:00+00:00,1.892500042915344,1.892979979515076,1.89031994342804,1.890949964523316
2022-01-19 07:00:00+00:00,1.8910000324249268,1.893030047416687,1.890660047531128,1.8925600051879885
2022-01-19 08:00:00+00:00,1.892539978027344,1.8935500383377075,1.8900099992752075,1.8903100490570068
2022-01-19 09:00:00+00:00,1.890570044517517,1.8918399810791016,1.889060020446777,1.890089988708496
2022-01-19 10:00:00+00:00,1.8900799751281736,1.890640020370484,1.888499975204468,1.8894100189208984
2022-01-19 11:00:00+00:00,1.889400005340576,1.8920899629592896,1.8886200189590447,1.8898600339889529
2022-01-19 12:00:00+00:00,1.889989972114563,1.8906099796295168,1.8889399766922,1.889709949493408
2022-01-19 13:00:00+00:00,1.8897500038146973,1.889899969100952,1.885740041732788,1.886430025100708
2022-01-19 14:00:00+00:00,1.886530041694641,1.887940049171448,1.884529948234558,1.8861900568008425
2022-01-19 15:00:00+00:00,1.886109948158264,1.888100028038025,1.8856600522994995,1.8871999979019165
2022-01-19 16:00:00+00:00,1.887220025062561,1.888100028038025,1.884610056877136,1.885699987411499
2022-01-19 17:00:00+00:00,1.8857300281524656,1.886430025100708,1.8840399980545044,1.8845399618148804
2022-01-19 18:00:00+00:00,1.8845399618148804,1.8859599828720093,1.883970022201538,1.8853299617767327
2022-01-19 19:00:00+00:00,1.885349988937378,1.8864799737930296,1.88484001159668,1.885949969291687
2022-01-19 20:00:00+00:00,1.8859699964523315,1.8874599933624268,1.8849999904632568,1.886989951133728
2022-01-19 21:00:00+00:00,1.886970043182373,1.888010025024414,1.886409997940064,1.8871899843215945
2022-01-19 22:00:00+00:00,1.8872499465942385,1.8885899782180784,1.8854600191116333,1.887159943580628
2022-01-19 23:00:00+00:00,1.8871899843215945,1.8879200220108032,1.8847700357437127,1.8857500553131104
2022-01-20 00:00:00+00:00,1.8857500553131104,1.886080026626587,1.8818299770355225,1.882349967956543
2022-01-20 01:00:00+00:00,1.8824000358581543,1.88332998752594,1.879770040512085,1.88264000415802
2022-01-20 02:00:00+00:00,1.8827999830245967,1.88441002368927,1.8820899724960327,1.8828200101852417
2022-01-20 03:00:00+00:00,1.882869958877564,1.883970022201538,1.8814400434494016,1.8832600116729736
2022-01-20 04:00:00+00:00,1.8832000494003296,1.8836100101470947,1.881979942321777,1.8828500509262085
2022-01-20 05:00:00+00:00,1.8829200267791748,1.886240005493164,1.882060050964356,1.8855799436569207
2022-01-20 06:00:00+00:00,1.8855799436569207,1.885740041732788,1.8840700387954712,1.8847600221633911
2022-01-20 07:00:00+00:00,1.8847700357437127,1.88510000705719,1.8823299407958984,1.8836499452590945
2022-01-20 08:00:00+00:00,1.883710026741028,1.884649991989136,1.8824599981307983,1.883810043334961
2022-01-20 09:00:00+00:00,1.883810043334961,1.885419964790344,1.882680058479309,1.8844900131225584
2022-01-20 10:00:00+00:00,1.8844499588012693,1.8845399618148804,1.8808499574661253,1.8820199966430664
2022-01-20 11:00:00+00:00,1.882009983062744,1.882040023803711,1.8786900043487549,1.8792200088500977
2022-01-20 12:00:00+00:00,1.879199981689453,1.8812099695205688,1.8782000541687007,1.8803499937057493
2022-01-20 13:00:00+00:00,1.8803499937057493,1.8810900449752808,1.8766499757766724,1.8782600164413448
2022-01-20 14:00:00+00:00,1.8782299757003784,1.880010008811951,1.877750039100647,1.8785400390625
2022-01-20 15:00:00+00:00,1.8785400390625,1.879539966583252,1.876270055770874,1.8776799440383911
2022-01-20 16:00:00+00:00,1.877660036087036,1.8788100481033323,1.8768399953842163,1.8775899410247805
2022-01-20 17:00:00+00:00,1.877629995346069,1.877940058708191,1.875659942626953,1.877120018005371
2022-01-20 18:00:00+00:00,1.8771599531173704,1.8791099786758425,1.876760005950928,1.878890037536621
2022-01-20 19:00:00+00:00,1.878890037536621,1.8809800148010247,1.8778400421142576,1.879580020904541
2022-01-20 20:00:00+00:00,1.879600048065185,1.8824100494384768,1.8791199922561648,1.8815399408340447
2022-01-20 21:00:00+00:00,1.881510019302368,1.8823699951171875,1.880560040473938,1.8817299604415887
2022-01-20 22:00:00+00:00,1.8817100524902344,1.8825900554656985,1.878730058670044,1.8820899724960327
2022-01-20 23:00:00+00:00,1.8819899559021,1.8868099451065063,1.8806500434875488,1.8842300176620483
2022-01-21 00:00:00+00:00,1.883970022201538,1.8889199495315552,1.883749961853028,1.887809991836548
2022-01-21 01:00:00+00:00,1.8879899978637693,1.8909800052642824,1.8873900175094604,1.888309955596924
2022-01-21 02:00:00+00:00,1.8884199857711792,1.8902599811553955,1.8866900205612185,1.889009952545166
2022-01-21 03:00:00+00:00,1.889009952545166,1.8920600414276123,1.8885300159454343,1.8903299570083616
2022-01-21 04:00:00+00:00,1.8904099464416504,1.8918100595474243,1.889569997787476,1.8904800415039065
2022-01-21 05:00:00+00:00,1.8904199600219729,1.891280055046081,1.888350009918213,1.889060020446777
2022-01-21 06:00:00+00:00,1.8890999555587769,1.889989972114563,1.8874399662017824,1.8892699480056765
2022-01-21 07:00:00+00:00,1.8892500400543213,1.8897500038146973,1.8858200311660769,1.886160016059876
2022-01-21 08:00:00+00:00,1.8861199617385864,1.8873000144958496,1.8843899965286253,1.886379957199097
2022-01-21 09:00:00+00:00,1.8863999843597408,1.8890000581741333,1.8862500190734863,1.887369990348816
2022-01-21 10:00:00+00:00,1.887410044670105,1.8880900144577024,1.8823599815368648,1.882789969444275
2022-01-21 11:00:00+00:00,1.8828599452972408,1.8851200342178345,1.8824399709701536,1.8844200372695925
2022-01-21 12:00:00+00:00,1.884340047836304,1.8876999616622925,1.8838200569152832,1.886639952659607
2022-01-21 13:00:00+00:00,1.8867199420928955,1.8868900537490845,1.8812700510025024,1.882030010223389
2022-01-21 14:00:00+00:00,1.8819999694824217,1.8849400281906128,1.8805299997329712,1.8845200538635247
2022-01-21 15:00:00+00:00,1.8845100402832031,1.8855400085449217,1.8813600540161133,1.88264000415802
2022-01-21 16:00:00+00:00,1.88264000415802,1.884610056877136,1.8807599544525144,1.8833800554275515
2022-01-21 17:00:00+00:00,1.88349997997284,1.8859000205993648,1.8830699920654297,1.885390043258667
2022-01-21 18:00:00+00:00,1.8854800462722776,1.8869400024414065,1.8848700523376465,1.8864500522613523
2022-01-21 19:00:00+00:00,1.886409997940064,1.8891600370407104,1.8860399723052976,1.888710021972656
2022-01-21 20:00:00+00:00,1.8886699676513672,1.8894200325012207,1.887539982795716,1.8885300159454343
2022-01-21 21:00:00+00:00,1.8886100053787231,1.8896199464797967,1.884559988975525,1.8862299919128416
2022-01-21 22:00:00+00:00,1.88673996925354,1.8868600130081177,1.88673996925354,1.8868600130081177
2022-01-24 00:00:00+00:00,1.885890007019043,1.8881100416183472,1.8856799602508545,1.887570023536682
2022-01-24 01:00:00+00:00,1.8875800371170044,1.888569951057434,1.8862899541854856,1.887869954109192
2022-01-24 02:00:00+00:00,1.887869954109192,1.8896600008010864,1.8866300582885744,1.887760043144226
2022-01-24 03:00:00+00:00,1.8877700567245483,1.8885400295257568,1.8868800401687624,1.8877700567245483
2022-01-24 04:00:00+00:00,1.8877700567245483,1.888710021972656,1.8868199586868288,1.88838005065918
2022-01-24 05:00:00+00:00,1.8884899616241453,1.891860008239746,1.8875800371170044,1.890570044517517
2022-01-24 06:00:00+00:00,1.89058005809784,1.8921400308609009,1.889709949493408,1.891980051994324
2022-01-24 07:00:00+00:00,1.891980051994324,1.8928699493408203,1.8899099826812744,1.890720009803772
2022-01-24 08:00:00+00:00,1.890630006790161,1.8928200006484983,1.8894100189208984,1.892590045928955
2022-01-24 09:00:00+00:00,1.892549991607666,1.8928200006484983,1.8898899555206297,1.89031994342804
2022-01-24 10:00:00+00:00,1.89031994342804,1.8935199975967407,1.8901599645614624,1.8915899991989136
2022-01-24 11:00:00+00:00,1.891540050506592,1.8924100399017327,1.8904199600219729,1.8909800052642824
2022-01-24 12:00:00+00:00,1.891010046005249,1.893030047416687,1.8903000354766848,1.892789959907532
2022-01-24 13:00:00+00:00,1.892699956893921,1.8957500457763672,1.892549991607666,1.895210027694702
2022-01-24 14:00:00+00:00,1.895179986953736,1.896880030632019,1.8940900564193728,1.8968199491500848
2022-01-24 15:00:00+00:00,1.8968100547790527,1.8969899415969849,1.892490029335022,1.8940900564193728
2022-01-24 16:00:00+00:00,1.8939800262451167,1.89451003074646,1.8917299509048464,1.8933000564575195
2022-01-24 17:00:00+00:00,1.8933500051498413,1.895230054855347,1.891569972038269,1.8920700550079343
2022-01-24 18:00:00+00:00,1.8921300172805784,1.8930100202560425,1.890390038490296,1.8914799690246584
2022-01-24 19:00:00+00:00,1.8914300203323364,1.8928200006484983,1.8895800113677976,1.891280055046081
2022-01-24 20:00:00+00:00,1.8912999629974363,1.8913700580596924,1.8868800401687624,1.8885400295257568
2022-01-24 21:00:00+00:00,1.8885799646377563,1.8894100189208984,1.8867700099945068,1.8867700099945068
2022-01-24 22:00:00+00:00,1.887030005455017,1.88919997215271,1.8861700296401973,1.8876500129699707
2022-01-24 23:00:00+00:00,1.887410044670105,1.8878599405288696,1.884909987449646,1.8851200342178345
2022-01-25 00:00:00+00:00,1.885300040245056,1.8864699602127075,1.8774900436401367,1.8827099800109863
2022-01-25 01:00:00+00:00,1.8828200101852417,1.885779976844788,1.882290005683899,1.8847299814224243
2022-01-25 02:00:00+00:00,1.8848700523376465,1.8862600326538088,1.8840399980545044,1.885550022125244
2022-01-25 03:00:00+00:00,1.885669946670532,1.8875499963760376,1.8855400085449217,1.8863199949264529
2022-01-25 04:00:00+00:00,1.8863699436187744,1.8896600008010864,1.8860000371932983,1.8889800310134888
2022-01-25 05:00:00+00:00,1.8889700174331665,1.889389991760254,1.8859800100326536,1.88635003566742
2022-01-25 06:00:00+00:00,1.886330008506775,1.8882399797439573,1.8858799934387207,1.8877099752426147
2022-01-25 07:00:00+00:00,1.8876999616622925,1.889299988746643,1.8862700462341309,1.887570023536682
2022-01-25 08:00:00+00:00,1.8875900506973269,1.8889100551605225,1.886109948158264,1.8881200551986688
2022-01-25 09:00:00+00:00,1.8881100416183472,1.8892500400543213,1.885030031204224,1.8855799436569207
2022-01-25 10:00:00+00:00,1.8855799436569207,1.8874900341033936,1.8845100402832031,1.8873599767684937
2022-01-25 11:00:00+00:00,1.8873900175094604,1.887979984283448,1.8857300281524656,1.8863600492477417
2022-01-25 12:00:00+00:00,1.88635003566742,1.888319969177246,1.8851399421691888,1.888260006904602
2022-01-25 13:00:00+00:00,1.8882800340652464,1.8894200325012207,1.8870500326156616,1.8883399963378904
2022-01-25 14:00:00+00:00,1.8883600234985352,1.890239953994751,1.886659979820252,1.889400005340576
2022-01-25 15:00:00+00:00,1.889400005340576,1.890140056610108,1.8841400146484373,1.8884199857711792
2022-01-25 16:00:00+00:00,1.888450026512146,1.8908499479293823,1.8879300355911253,1.890570044517517
2022-01-25 17:00:00+00:00,1.8905400037765503,1.8911099433898928,1.8885899782180784,1.8889700174331665
2022-01-25 18:00:00+00:00,1.889060020446777,1.889569997787476,1.8854399919509888,1.8858100175857544
2022-01-25 19:00:00+00:00,1.885800004005432,1.8868000507354736,1.885169982910156,1.885509967803955
2022-01-25 20:00:00+00:00,1.885450005531311,1.887779951095581,1.88510000705719,1.8877700567245483
2022-01-25 21:00:00+00:00,1.8877300024032595,1.888550043106079,1.884269952774048,1.8862600326538088
2022-01-25 22:00:00+00:00,1.886389970779419,1.888960003852844,1.885390043258667,1.888000011444092
2022-01-25 23:00:00+00:00,1.888000011444092,1.8884600400924685,1.88618004322052,1.8872300386428835
2022-01-26 00:00:00+00:00,1.8871500492095947,1.8887399435043333,1.8866300582885744,1.888190031051636
2022-01-26 01:00:00+00:00,1.8883399963378904,1.889310002326965,1.88673996925354,1.8871500492095947
2022-01-26 02:00:00+00:00,1.8870500326156616,1.8884899616241453,1.8862600326538088,1.888000011444092
2022-01-26 03:00:00+00:00,1.8880300521850584,1.888129949569702,1.8867199420928955,1.8871400356292725
2022-01-26 04:00:00+00:00,1.887159943580628,1.8875499963760376,1.8861700296401973,1.8864599466323853
2022-01-26 05:00:00+00:00,1.8864599466323853,1.8878599405288696,1.8858699798583984,1.8862899541854856
2022-01-26 06:00:00+00:00,1.8862899541854856,1.887740015983581,1.8856899738311768,1.8872300386428835
2022-01-26 07:00:00+00:00,1.8872499465942385,1.8876099586486816,1.885699987411499,1.887290000915528
2022-01-26 08:00:00+00:00,1.887290000915528,1.887470006942749,1.884310007095337,1.885259985923767
2022-01-26 09:00:00+00:00,1.8852299451828003,1.8857300281524656,1.8824800252914429,1.8842899799346924
2022-01-26 10:00:00+00:00,1.8842999935150144,1.8846900463104248,1.88126003742218,1.8831100463867188
2022-01-26 11:00:00+00:00,1.8831499814987185,1.885589957237244,1.8824299573898315,1.8831100463867188
2022-01-26 12:00:00+00:00,1.8831100463867188,1.8847500085830688,1.8829200267791748,1.884179949760437
2022-01-26 13:00:00+00:00,1.88415002822876,1.8847700357437127,1.8824800252914429,1.88415002822876
2022-01-26 14:00:00+00:00,1.884119987487793,1.8859599828720093,1.882869958877564,1.883769989013672
2022-01-26 15:00:00+00:00,1.883800029754639,1.887320041656494,1.883489966392517,1.8868600130081177
2022-01-26 16:00:00+00:00,1.8868399858474727,1.887320041656494,1.885259985923767,1.885859966278076
2022-01-26 17:00:00+00:00,1.885800004005432,1.8871099948883057,1.8848899602890008,1.885769963264465
2022-01-26 18:00:00+00:00,1.8858799934387207,1.8871699571609497,1.884809970855713,1.88604998588562
2022-01-26 19:00:00+00:00,1.886279940605164,1.8924599885940552,1.882830023765564,1.8894799947738647
2022-01-26 20:00:00+00:00,1.889700055122376,1.895140051841736,1.889299988746643,1.8925700187683103
2022-01-26 21:00:00+00:00,1.892600059509277,1.8933199644088743,1.8903100490570068,1.891860008239746
2022-01-26 22:00:00+00:00,1.8918100595474243,1.892230033874512,1.889340043067932,1.8904600143432613
2022-01-26 23:00:00+00:00,1.890140056610108,1.8923699855804443,1.890140056610108,1.8909900188446045
2022-01-27 00:00:00+00:00,1.8909599781036377,1.8951300382614136,1.8906699419021609,1.894930005073548
2022-01-27 01:00:00+00:00,1.8949400186538696,1.899930000305176,1.894430041313172,1.899240016937256
2022-01-27 02:00:00+00:00,1.8991999626159668,1.9007899761199951,1.896780014038086,1.8985799551010127
2022-01-27 03:00:00+00:00,1.8985400199890137,1.899029970169068,1.896849989891052,1.8976199626922607
2022-01-27 04:00:00+00:00,1.897570013999939,1.8981000185012813,1.8964999914169312,1.897279977798462
2022-01-27 05:00:00+00:00,1.89726996421814,1.9001699686050413,1.8966799974441528,1.8988300561904907
2022-01-27 06:00:00+00:00,1.8989399671554563,1.9003499746322632,1.8977999687194824,1.8997900485992432
2022-01-27 07:00:00+00:00,1.8998600244522093,1.899870038032532,1.89657998085022,1.8973400592803955
2022-01-27 08:00:00+00:00,1.897519946098328,1.897699952125549,1.8935799598693848,1.8943599462509155
2022-01-27 09:00:00+00:00,1.894430041313172,1.8950300216674805,1.8923499584198,1.8931200504302976
2022-01-27 10:00:00+00:00,1.8931200504302976,1.8945300579071045,1.891389966011048,1.8944000005722048
2022-01-27 11:00:00+00:00,1.8943300247192385,1.894469976425171,1.8914300203323364,1.891950011253357
2022-01-27 12:00:00+00:00,1.89191997051239,1.8929100036621087,1.8902100324630733,1.892549991607666
2022-01-27 13:00:00+00:00,1.892549991607666,1.8931299448013303,1.8890000581741333,1.8898899555206297
2022-01-27 14:00:00+00:00,1.8899699449539185,1.8928300142288208,1.8897299766540527,1.8918100595474243
2022-01-27 15:00:00+00:00,1.89191997051239,1.89998996257782,1.8911900520324707,1.8991999626159668
2022-01-27 16:00:00+00:00,1.899209976196289,1.901419997215271,1.8979300260543823,1.8999700546264648
2022-01-27 17:00:00+00:00,1.8999799489974976,1.9017599821090696,1.8991400003433228,1.901020050048828
2022-01-27 18:00:00+00:00,1.9009499549865725,1.902940034866333,1.900619983673096,1.9026600122451784
2022-01-27 19:00:00+00:00,1.9026600122451784,1.9043200016021729,1.9013700485229488,1.9035700559616089
2022-01-27 20:00:00+00:00,1.9035799503326416,1.904530048370361,1.9020299911499023,1.903689980506897
2022-01-27 21:00:00+00:00,1.9036799669265747,1.9038300514221191,1.9011000394821167,1.9024200439453125
2022-01-27 22:00:00+00:00,1.902559995651245,1.9034500122070312,1.8997900485992432,1.9022599458694456
2022-01-27 23:00:00+00:00,1.9023300409317017,1.903069972991944,1.90093994140625,1.9027199745178225
2022-01-28 00:00:00+00:00,1.9028899669647217,1.904379963874817,1.901950001716613,1.9036200046539309
2022-01-28 01:00:00+00:00,1.9036200046539309,1.9036200046539309,1.901559948921204,1.901919960975647
2022-01-28 02:00:00+00:00,1.9019800424575808,1.9033000469207764,1.9013999700546265,1.9021199941635127
2022-01-28 03:00:00+00:00,1.9022200107574463,1.90435004234314,1.9017800092697144,1.903689980506897
2022-01-28 04:00:00+00:00,1.903540015220642,1.9076800346374512,1.903220057487488,1.9076600074768064
2022-01-28 05:00:00+00:00,1.9076600074768064,1.908959984779358,1.904659986495972,1.905769944190979
2022-01-28 06:00:00+00:00,1.9057600498199463,1.9062399864196773,1.904289960861206,1.905500054359436
2022-01-28 07:00:00+00:00,1.9055099487304688,1.9085899591445925,1.9048899412155151,1.907520055770874
2022-01-28 08:00:00+00:00,1.9074699878692627,1.9101799726486208,1.906100034713745,1.9088000059127808
2022-01-28 09:00:00+00:00,1.908720016479492,1.9113999605178835,1.907729983329773,1.911329984664917
2022-01-28 10:00:00+00:00,1.9114099740982056,1.9183000326156616,1.91048002243042,1.9181499481201167
2022-01-28 11:00:00+00:00,1.918099999427796,1.9207899570465088,1.917629957199097,1.9182599782943728
2022-01-28 12:00:00+00:00,1.918280005455017,1.918869972229004,1.915910005569458,1.918470025062561
2022-01-28 13:00:00+00:00,1.918540000915528,1.9210200309753416,1.916360020637512,1.9179199934005733
2022-01-28 14:00:00+00:00,1.9179600477218628,1.9221099615097048,1.916839957237244,1.91884994506836
2022-01-28 15:00:00+00:00,1.9188400506973269,1.919939994812012,1.9139100313186648,1.9172199964523315
2022-01-28 16:00:00+00:00,1.917240023612976,1.9191999435424805,1.914929986000061,1.9173200130462649
2022-01-28 17:00:00+00:00,1.9173099994659424,1.9179600477218628,1.91526997089386,1.915809988975525
2022-01-28 18:00:00+00:00,1.9159300327301023,1.916280031204224,1.9144599437713623,1.9148399829864504
2022-01-28 19:00:00+00:00,1.9148399829864504,1.9175900220870967,1.914270043373108,1.9169299602508545
2022-01-28 20:00:00+00:00,1.916990041732788,1.917080044746399,1.914330005645752,1.914430022239685
2022-01-28 21:00:00+00:00,1.914520025253296,1.9182300567626955,1.911139965057373,1.916280031204224
2022-01-28 22:00:00+00:00,1.917240023612976,1.917240023612976,1.915470004081726,1.915470004081726
2022-01-28 23:00:00+00:00,1.915470004081726,1.915470004081726,1.915470004081726,1.915470004081726
2022-01-31 00:00:00+00:00,1.915560007095337,1.916470050811768,1.91457998752594,1.9161200523376465
2022-01-31 01:00:00+00:00,1.9161299467086792,1.9163899421691888,1.91268002986908,1.9133700132369995
2022-01-31 02:00:00+00:00,1.9133700132369995,1.9139399528503416,1.911329984664917,1.911610007286072
2022-01-31 03:00:00+00:00,1.9116300344467163,1.914080023765564,1.9108599424362185,1.913640022277832
2022-01-31 04:00:00+00:00,1.913640022277832,1.9144400358200075,1.9125900268554688,1.9134600162506104
2022-01-31 05:00:00+00:00,1.9134399890899656,1.9136899709701536,1.9103599786758425,1.9109100103378296
2022-01-31 06:00:00+00:00,1.910949945449829,1.911110043525696,1.907230019569397,1.9087300300598145
2022-01-31 07:00:00+00:00,1.9087300300598145,1.909199953079224,1.9060100317001345,1.9072400331497192
2022-01-31 08:00:00+00:00,1.9072099924087524,1.908959984779358,1.9042400121688845,1.90556001663208
2022-01-31 09:00:00+00:00,1.9055399894714355,1.907140016555786,1.903349995613098,1.906360030174256
2022-01-31 10:00:00+00:00,1.906309962272644,1.9080400466918943,1.9054700136184688,1.906110048294068
2022-01-31 11:00:00+00:00,1.9061199426651,1.9066400527954104,1.9016599655151367,1.901829957962036
2022-01-31 12:00:00+00:00,1.901880025863648,1.904430031776428,1.9005299806594849,1.902809977531433
2022-01-31 13:00:00+00:00,1.9027999639511108,1.90378999710083,1.9002900123596191,1.9019399881362915
2022-01-31 14:00:00+00:00,1.9019800424575808,1.9020899534225464,1.8982499837875368,1.899659991264344
2022-01-31 15:00:00+00:00,1.899680018424988,1.9052000045776367,1.8992999792099,1.903290033340454
2022-01-31 16:00:00+00:00,1.903309941291809,1.9055099487304688,1.9020899534225464,1.902500033378601
2022-01-31 17:00:00+00:00,1.9024900197982788,1.902899980545044,1.8995399475097656,1.9024900197982788
2022-01-31 18:00:00+00:00,1.9024900197982788,1.903370022773743,1.9020500183105469,1.902459979057312
2022-01-31 19:00:00+00:00,1.902439951896668,1.9033299684524536,1.901950001716613,1.9023000001907349
2022-01-31 20:00:00+00:00,1.90232002735138,1.9039599895477293,1.9014300107955933,1.902310013771057
2022-01-31 21:00:00+00:00,1.902310013771057,1.9033299684524536,1.9011499881744385,1.902070045471192
2022-01-31 22:00:00+00:00,1.9022400379180908,1.903200030326844,1.899799942970276,1.9023900032043457
2022-01-31 23:00:00+00:00,1.902359962463379,1.9031599760055544,1.900439977645874,1.9020299911499023
2022-02-01 00:00:00+00:00,1.9020999670028689,1.9026000499725344,1.90093994140625,1.9011900424957275
2022-02-01 01:00:00+00:00,1.9011900424957275,1.9030100107192995,1.9003599882125848,1.9025399684906008
2022-02-01 02:00:00+00:00,1.9025499820709229,1.903069972991944,1.9003599882125848,1.9009000062942505
2022-02-01 03:00:00+00:00,1.900889992713928,1.9102799892425537,1.9004700183868408,1.9096599817276
2022-02-01 04:00:00+00:00,1.9096699953079224,1.9098299741744995,1.903380036354065,1.90378999710083
2022-02-01 05:00:00+00:00,1.903779983520508,1.9048099517822263,1.9028400182724,1.9036999940872192
2022-02-01 06:00:00+00:00,1.903689980506897,1.9063700437545776,1.9030499458312988,1.9037100076675413
2022-02-01 07:00:00+00:00,1.903630018234253,1.904539942741394,1.9018100500106807,1.902760028839112
2022-02-01 08:00:00+00:00,1.9027899503707888,1.903599977493286,1.9000200033187864,1.9028600454330444
2022-02-01 09:00:00+00:00,1.9027999639511108,1.9066499471664429,1.9010100364685056,1.9062700271606443
2022-02-01 10:00:00+00:00,1.9058899879455569,1.906630039215088,1.903849959373474,1.9045699834823608
2022-02-01 11:00:00+00:00,1.9045599699020384,1.9047000408172607,1.9002900123596191,1.900920033454895
2022-02-01 12:00:00+00:00,1.9009100198745728,1.901110053062439,1.89752995967865,1.8996100425720213
2022-02-01 13:00:00+00:00,1.899649977684021,1.9013400077819824,1.898800015449524,1.899829983711243
2022-02-01 14:00:00+00:00,1.8998600244522093,1.9036500453948968,1.8985400199890137,1.902690052986145
2022-02-01 15:00:00+00:00,1.902690052986145,1.9057199954986568,1.8983900547027588,1.899209976196289
2022-02-01 16:00:00+00:00,1.8992300033569336,1.90038001537323,1.8977700471878047,1.8993899822235107
2022-02-01 17:00:00+00:00,1.899359941482544,1.900629997253418,1.898470044136048,1.8989800214767456
2022-02-01 18:00:00+00:00,1.8989200592041016,1.899749994277954,1.8982700109481807,1.8994799852371216
2022-02-01 19:00:00+00:00,1.8995100259780884,1.9001400470733645,1.8988200426101685,1.899530053138733
2022-02-01 20:00:00+00:00,1.8995100259780884,1.8997600078582764,1.896690011024475,1.897079944610596
2022-02-01 21:00:00+00:00,1.897079944610596,1.898110032081604,1.8954399824142456,1.8965599536895752
2022-02-01 22:00:00+00:00,1.8956600427627563,1.8975499868392944,1.8914799690246584,1.8965599536895752
2022-02-01 23:00:00+00:00,1.896880030632019,1.8970600366592407,1.8940199613571167,1.895509958267212
2022-02-02 00:00:00+00:00,1.8957600593566888,1.8961000442504885,1.8931200504302976,1.8940800428390503
2022-02-02 01:00:00+00:00,1.894180059432984,1.89654004573822,1.8925299644470213,1.8957699537277224
2022-02-02 02:00:00+00:00,1.8957699537277224,1.8963799476623533,1.8926299810409544,1.8948800563812256
2022-02-02 03:00:00+00:00,1.8948800563812256,1.8969899415969849,1.893839955329895,1.895990014076233
2022-02-02 04:00:00+00:00,1.8960299491882324,1.896119952201844,1.8945399522781368,1.895259976387024
2022-02-02 05:00:00+00:00,1.8952499628067017,1.8960100412368768,1.893970012664795,1.8950999975204468
2022-02-02 06:00:00+00:00,1.8950899839401243,1.8959200382232664,1.8941500186920168,1.8952800035476685
2022-02-02 07:00:00+00:00,1.8953499794006348,1.896950006484985,1.8951200246810915,1.89614999294281
2022-02-02 08:00:00+00:00,1.8961600065231323,1.900480031967163,1.89520001411438,1.899399995803833
2022-02-02 09:00:00+00:00,1.899399995803833,1.8996299505233765,1.895709991455078,1.8959699869155884
2022-02-02 10:00:00+00:00,1.8960700035095213,1.8964500427246087,1.893460035324097,1.894569993019104
2022-02-02 11:00:00+00:00,1.894629955291748,1.897449970245361,1.8942500352859497,1.897279977798462
2022-02-02 12:00:00+00:00,1.8972599506378167,1.8980400562286377,1.8959699869155884,1.897379994392395
2022-02-02 13:00:00+00:00,1.8973699808120728,1.9004600048065183,1.896209955215454,1.900179982185364
2022-02-02 14:00:00+00:00,1.9002699851989744,1.9030200242996216,1.898360013961792,1.9014099836349487
2022-02-02 15:00:00+00:00,1.90149998664856,1.905329942703247,1.901119947433472,1.904279947280884
2022-02-02 16:00:00+00:00,1.904270052909851,1.904919981956482,1.9024900197982788,1.9039599895477293
2022-02-02 17:00:00+00:00,1.904019951820373,1.9044599533081048,1.9016900062561035,1.9020299911499023
2022-02-02 18:00:00+00:00,1.902209997177124,1.9028899669647217,1.9009100198745728,1.901579976081848
2022-02-02 19:00:00+00:00,1.901550054550171,1.9026199579238887,1.900750041007996,1.9011499881744385
2022-02-02 20:00:00+00:00,1.901110053062439,1.90132999420166,1.899440050125122,1.9008400440216064
2022-02-02 21:00:00+00:00,1.900869965553284,1.9027099609375,1.900189995765686,1.9017399549484253
2022-02-02 22:00:00+00:00,1.901550054550171,1.903349995613098,1.90024995803833,1.9021199941635127
2022-02-02 23:00:00+00:00,1.9021199941635127,1.9053200483322144,1.901859998703003,1.9046399593353271
2022-02-03 00:00:00+00:00,1.904850006103516,1.9055399894714355,1.903880000114441,1.9045900106430047
2022-02-03 01:00:00+00:00,1.9046299457550049,1.9053800106048584,1.903499960899353,1.9044599533081048
2022-02-03 02:00:00+00:00,1.90447998046875,1.9055299758911133,1.902269959449768,1.9032100439071653
2022-02-03 03:00:00+00:00,1.9032700061798096,1.9038100242614744,1.9019399881362915,1.9028500318527224
2022-02-03 04:00:00+00:00,1.9028400182724,1.9040100574493408,1.902250051498413,1.9039000272750848
2022-02-03 05:00:00+00:00,1.903880000114441,1.904229998588562,1.901350021362305,1.902130007743836
2022-02-03 06:00:00+00:00,1.90215003490448,1.9034899473190308,1.9016400575637813,1.9028700590133667
2022-02-03 07:00:00+00:00,1.9029799699783323,1.903249979019165,1.9009599685668943,1.90132999420166
2022-02-03 08:00:00+00:00,1.901419997215271,1.9039000272750848,1.900830030441284,1.902379989624024
2022-02-03 09:00:00+00:00,1.9023499488830569,1.90556001663208,1.9005299806594849,1.9053200483322144
2022-02-03 10:00:00+00:00,1.9053200483322144,1.905400037765503,1.901960015296936,1.90421998500824
2022-02-03 11:00:00+00:00,1.9042400121688845,1.906749963760376,1.9035099744796755,1.906209945678711
2022-02-03 12:00:00+00:00,1.906290054321289,1.914639949798584,1.903540015220642,1.9053200483322144
2022-02-03 13:00:00+00:00,1.905419945716858,1.906859993934632,1.9015300273895264,1.903910040855408
2022-02-03 14:00:00+00:00,1.9040499925613403,1.9045599699020384,1.898419976234436,1.904189944267273
2022-02-03 15:00:00+00:00,1.904170036315918,1.9048999547958367,1.9009699821472168,1.9036699533462524
2022-02-03 16:00:00+00:00,1.90366005897522,1.905349969863892,1.9022799730300903,1.904620051383972
2022-02-03 17:00:00+00:00,1.9045599699020384,1.9058400392532349,1.903779983520508,1.9054399728775024
2022-02-03 18:00:00+00:00,1.905519962310791,1.9063999652862549,1.9045499563217163,1.905060052871704
2022-02-03 19:00:00+00:00,1.905089974403381,1.9063299894332888,1.903540015220642,1.9049400091171265
2022-02-03 20:00:00+00:00,1.904960036277771,1.9069499969482424,1.904160022735596,1.9062700271606443
2022-02-03 21:00:00+00:00,1.9062700271606443,1.906309962272644,1.902629971504212,1.9036099910736084
2022-02-03 22:00:00+00:00,1.9032399654388428,1.905920028686524,1.9023699760437007,1.904680013656616
2022-02-03 23:00:00+00:00,1.9044400453567505,1.9049700498580933,1.9027400016784668,1.90378999710083
2022-02-04 00:00:00+00:00,1.9037100076675413,1.905850052833557,1.902780055999756,1.904770016670227
2022-02-04 01:00:00+00:00,1.9047399759292605,1.9076199531555176,1.9038599729537964,1.906610012054444
2022-02-04 02:00:00+00:00,1.906630039215088,1.9072699546813965,1.904170036315918,1.906190037727356
2022-02-04 03:00:00+00:00,1.9062800407409668,1.9062800407409668,1.904410004615784,1.9047499895095823
2022-02-04 04:00:00+00:00,1.9047499895095823,1.905269980430603,1.902459979057312,1.9029200077056885
2022-02-04 05:00:00+00:00,1.9029200077056885,1.903970003128052,1.9019800424575808,1.90366005897522
2022-02-04 06:00:00+00:00,1.903730034828186,1.9071199893951416,1.9027099609375,1.9063700437545776
2022-02-04 07:00:00+00:00,1.9064199924469,1.9097800254821773,1.905679941177368,1.90871000289917
2022-02-04 08:00:00+00:00,1.908630013465881,1.9106899499893188,1.907969951629639,1.908660054206848
2022-02-04 09:00:00+00:00,1.9086699485778809,1.9107400178909304,1.9072200059890747,1.9081100225448608
2022-02-04 10:00:00+00:00,1.9081000089645384,1.9109100103378296,1.906149983406067,1.9104299545288088
2022-02-04 11:00:00+00:00,1.91048002243042,1.9150999784469604,1.910249948501587,1.91419005393982
2022-02-04 12:00:00+00:00,1.9142800569534304,1.9150400161743164,1.9110900163650515,1.9117799997329712
2022-02-04 13:00:00+00:00,1.9117900133132928,1.9156299829483032,1.909119963645935,1.9150700569152832
2022-02-04 14:00:00+00:00,1.9150899648666384,1.9159400463104248,1.911520004272461,1.914770007133484
2022-02-04 15:00:00+00:00,1.9147900342941284,1.9177700281143188,1.9134999513626096,1.916769981384277
2022-02-04 16:00:00+00:00,1.916769981384277,1.9178600311279297,1.9156099557876587,1.916360020637512
2022-02-04 17:00:00+00:00,1.9163899421691888,1.916509985923767,1.9135799407958984,1.914929986000061
2022-02-04 18:00:00+00:00,1.914870023727417,1.9149099588394165,1.9127299785614007,1.9130200147628784
2022-02-04 19:00:00+00:00,1.9130200147628784,1.9136199951171875,1.9118399620056152,1.912050008773804
2022-02-04 20:00:00+00:00,1.912050008773804,1.9126499891281128,1.9107500314712524,1.912559986114502
2022-02-04 21:00:00+00:00,1.912569999694824,1.913930058479309,1.9090900421142576,1.912350058555603
2022-02-04 22:00:00+00:00,1.9110100269317627,1.9127700328826904,1.9109400510787964,1.9121299982070925
2022-02-07 00:00:00+00:00,1.9113999605178835,1.91389000415802,1.910979986190796,1.9125200510025024
2022-02-07 01:00:00+00:00,1.91251003742218,1.913630008697509,1.9102400541305544,1.91185998916626
2022-02-07 02:00:00+00:00,1.911810040473938,1.9122799634933472,1.9101200103759768,1.9108999967575075
2022-02-07 03:00:00+00:00,1.910920023918152,1.912919998168945,1.910249948501587,1.9111599922180176
2022-02-07 04:00:00+00:00,1.91117000579834,1.9114500284194944,1.9075000286102293,1.907979965209961
2022-02-07 05:00:00+00:00,1.907950043678284,1.908830046653748,1.907520055770874,1.908460021018982
2022-02-07 06:00:00+00:00,1.908460021018982,1.9088000059127808,1.9067800045013428,1.9080300331115725
2022-02-07 07:00:00+00:00,1.9079099893569944,1.9084199666976929,1.905740022659301,1.9063999652862549
2022-02-07 08:00:00+00:00,1.9064099788665767,1.9089900255203247,1.905679941177368,1.9063299894332888
2022-02-07 09:00:00+00:00,1.9063299894332888,1.9076199531555176,1.9042500257492063,1.9045000076293943
2022-02-07 10:00:00+00:00,1.904539942741394,1.9055700302124023,1.902310013771057,1.9036500453948968
2022-02-07 11:00:00+00:00,1.9036999940872192,1.9048199653625488,1.9027999639511108,1.903470039367676
2022-02-07 12:00:00+00:00,1.903470039367676,1.903630018234253,1.901119947433472,1.9018700122833248
2022-02-07 13:00:00+00:00,1.9019099473953247,1.902340054512024,1.8998500108718872,1.9018399715423584
2022-02-07 14:00:00+00:00,1.9018399715423584,1.902439951896668,1.898569941520691,1.8995699882507324
2022-02-07 15:00:00+00:00,1.8995599746704104,1.9017000198364256,1.8988100290298464,1.9011000394821167
2022-02-07 16:00:00+00:00,1.9011000394821167,1.903839945793152,1.900370001792908,1.902899980545044
2022-02-07 17:00:00+00:00,1.902899980545044,1.9036099910736084,1.9010100364685056,1.901610016822815
2022-02-07 18:00:00+00:00,1.901600003242493,1.901729941368103,1.8997700214385984,1.9002699851989744
2022-02-07 19:00:00+00:00,1.90024995803833,1.900589942932129,1.8980499505996704,1.898970007896424
2022-02-07 20:00:00+00:00,1.8989200592041016,1.9004100561141968,1.8980000019073489,1.9000999927520752
2022-02-07 21:00:00+00:00,1.9000500440597528,1.9002000093460083,1.8985799551010127,1.899399995803833
2022-02-07 22:00:00+00:00,1.899420022964477,1.8999799489974976,1.8951599597930908,1.8996700048446653
2022-02-07 23:00:00+00:00,1.8995200395584104,1.9005399942398071,1.896900057792664,1.8991299867630005
2022-02-08 00:00:00+00:00,1.8991899490356443,1.8999099731445312,1.8971199989318848,1.897539973258972
2022-02-08 01:00:00+00:00,1.8974900245666504,1.898769974708557,1.896080017089844,1.8964799642562864
2022-02-08 02:00:00+00:00,1.8964500427246087,1.8981399536132808,1.8960100412368768,1.897729992866516
2022-02-08 03:00:00+00:00,1.8977400064468384,1.8983099460601809,1.895879983901977,1.897199988365173
2022-02-08 04:00:00+00:00,1.89723002910614,1.8997000455856323,1.895859956741333,1.899049997329712
2022-02-08 05:00:00+00:00,1.899090051651001,1.90146005153656,1.8987300395965576,1.900320053100586
2022-02-08 06:00:00+00:00,1.900390028953552,1.901080012321472,1.8982700109481807,1.8994300365448
2022-02-08 07:00:00+00:00,1.8994499444961548,1.901000022888184,1.897459983825684,1.9000500440597528
2022-02-08 08:00:00+00:00,1.90024995803833,1.900580048561096,1.8968199491500848,1.899749994277954
2022-02-08 09:00:00+00:00,1.899749994277954,1.9010100364685056,1.8983999490737915,1.8991700410842896
2022-02-08 10:00:00+00:00,1.8991600275039675,1.902519941329956,1.8988800048828125,1.902400016784668
2022-02-08 11:00:00+00:00,1.9024300575256348,1.904979944229126,1.90132999420166,1.901769995689392
2022-02-08 12:00:00+00:00,1.9018700122833248,1.903689980506897,1.9004600048065183,1.9006600379943848
2022-02-08 13:00:00+00:00,1.9006500244140625,1.901610016822815,1.8983500003814693,1.9001100063323968
2022-02-08 14:00:00+00:00,1.9000999927520752,1.9009599685668943,1.898990035057068,1.9000099897384644
2022-02-08 15:00:00+00:00,1.9000200033187864,1.902130007743836,1.8982599973678589,1.9016400575637813
2022-02-08 16:00:00+00:00,1.9016400575637813,1.901960015296936,1.8994699716567995,1.8999500274658203
2022-02-08 17:00:00+00:00,1.899940013885498,1.900060057640076,1.897539973258972,1.8984400033950808
2022-02-08 18:00:00+00:00,1.8984899520874023,1.899420022964477,1.8974699974060056,1.897840023040772
2022-02-08 19:00:00+00:00,1.8979099988937376,1.898470044136048,1.896829962730408,1.8978999853134155
2022-02-08 20:00:00+00:00,1.8978999853134155,1.898110032081604,1.895840048789978,1.8964099884033203
2022-02-08 21:00:00+00:00,1.896460056304932,1.896960020065308,1.8941199779510496,1.8946599960327148
2022-02-08 22:00:00+00:00,1.8946499824523928,1.895990014076233,1.8932100534439087,1.89546000957489
2022-02-08 23:00:00+00:00,1.895830035209656,1.8962600231170648,1.8947199583053589,1.895859956741333
2022-02-09 00:00:00+00:00,1.895840048789978,1.896880030632019,1.8945200443267824,1.8957899808883667
2022-02-09 01:00:00+00:00,1.8956899642944336,1.8963700532913208,1.893149971961975,1.8939499855041504
2022-02-09 02:00:00+00:00,1.8940900564193728,1.895169973373413,1.8932700157165527,1.8944799900054927
2022-02-09 03:00:00+00:00,1.8945200443267824,1.8949400186538696,1.892850041389465,1.893339991569519
2022-02-09 04:00:00+00:00,1.893380045890808,1.893589973449707,1.8909599781036377,1.8915599584579468
2022-02-09 05:00:00+00:00,1.8915499448776243,1.893669962882996,1.8912500143051147,1.893489956855774
2022-02-09 06:00:00+00:00,1.8935199975967407,1.894629955291748,1.892680048942566,1.8935600519180296
2022-02-09 07:00:00+00:00,1.893489956855774,1.895259976387024,1.8925199508666992,1.894219994544983
2022-02-09 08:00:00+00:00,1.894189953804016,1.895400047302246,1.892699956893921,1.8937699794769287
2022-02-09 09:00:00+00:00,1.893779993057251,1.8942500352859497,1.8921500444412231,1.8941600322723389
2022-02-09 10:00:00+00:00,1.894219994544983,1.8948099613189693,1.892099976539612,1.8929699659347528
2022-02-09 11:00:00+00:00,1.892979979515076,1.892979979515076,1.889919996261597,1.8912500143051147
2022-02-09 12:00:00+00:00,1.8912500143051147,1.892009973526001,1.8897199630737305,1.8916800022125244
2022-02-09 13:00:00+00:00,1.891639947891236,1.891939997673035,1.8893699645996087,1.891450047492981
2022-02-09 14:00:00+00:00,1.891450047492981,1.891510009765625,1.886579990386963,1.8872300386428835
2022-02-09 15:00:00+00:00,1.8872400522232056,1.887369990348816,1.8837599754333496,1.886080026626587
2022-02-09 16:00:00+00:00,1.8860700130462649,1.8872499465942385,1.8844799995422363,1.885220050811768
2022-02-09 17:00:00+00:00,1.885210037231445,1.885609984397888,1.8834099769592283,1.884469985961914
2022-02-09 18:00:00+00:00,1.8845399618148804,1.8854999542236328,1.883960008621216,1.885050058364868
2022-02-09 19:00:00+00:00,1.8850200176239007,1.885040044784546,1.883309960365296,1.883579969406128
2022-02-09 20:00:00+00:00,1.8836400508880613,1.8851200342178345,1.8833500146865845,1.8846700191497805
2022-02-09 21:00:00+00:00,1.8846700191497805,1.8852900266647337,1.883139967918396,1.8845000267028809
2022-02-09 22:00:00+00:00,1.884559988975525,1.8858200311660769,1.883270025253296,1.8854299783706665
2022-02-09 23:00:00+00:00,1.8854299783706665,1.88604998588562,1.8838499784469604,1.885409951210022
2022-02-10 00:00:00+00:00,1.885419964790344,1.8868199586868288,1.8846800327301023,1.8865000009536743
2022-02-10 01:00:00+00:00,1.8865699768066408,1.888100028038025,1.886019945144653,1.8878300189971924
2022-02-10 02:00:00+00:00,1.8878599405288696,1.889140009880066,1.887220025062561,1.8883299827575684
2022-02-10 03:00:00+00:00,1.8883299827575684,1.8893699645996087,1.8869800567626955,1.8875900506973269
2022-02-10 04:00:00+00:00,1.8876099586486816,1.887809991836548,1.8851300477981567,1.8858699798583984
2022-02-10 05:00:00+00:00,1.8859100341796875,1.8868000507354736,1.8851799964904783,1.8863999843597408
2022-02-10 06:00:00+00:00,1.886389970779419,1.8872499465942385,1.885759949684143,1.8868800401687624
2022-02-10 07:00:00+00:00,1.886970043182373,1.887220025062561,1.884269952774048,1.884960055351257
2022-02-10 08:00:00+00:00,1.885010004043579,1.886659979820252,1.883309960365296,1.886139988899231
2022-02-10 09:00:00+00:00,1.886080026626587,1.8880399465560915,1.8853100538253784,1.887869954109192
2022-02-10 10:00:00+00:00,1.8880399465560915,1.8882800340652464,1.8847999572753904,1.885589957237244
2022-02-10 11:00:00+00:00,1.8856199979782104,1.8859399557113647,1.8833800554275515,1.8850799798965447
2022-02-10 12:00:00+00:00,1.8850599527359009,1.8866100311279297,1.8836100101470947,1.8862500190734863
2022-02-10 13:00:00+00:00,1.8862500190734863,1.893360018730164,1.8853800296783447,1.890779972076416
2022-02-10 14:00:00+00:00,1.8907899856567385,1.892240047454834,1.884619951248169,1.886160016059876
2022-02-10 15:00:00+00:00,1.88618004322052,1.8866300582885744,1.8798400163650515,1.8812299966812127
2022-02-10 16:00:00+00:00,1.88129997253418,1.8840399980545044,1.8803499937057493,1.8819400072097776
2022-02-10 17:00:00+00:00,1.8819700479507449,1.887969970703125,1.880660057067871,1.8863400220870967
2022-02-10 18:00:00+00:00,1.886330008506775,1.891510009765625,1.885409951210022,1.8903100490570068
2022-02-10 19:00:00+00:00,1.89028000831604,1.893360018730164,1.8891700506210327,1.893249988555908
2022-02-10 20:00:00+00:00,1.893249988555908,1.8947299718856807,1.8899999856948853,1.891950011253357
2022-02-10 21:00:00+00:00,1.8919999599456787,1.893710017204285,1.8896900415420528,1.891010046005249
2022-02-10 22:00:00+00:00,1.8911499977111816,1.893489956855774,1.889430046081543,1.892240047454834
2022-02-10 23:00:00+00:00,1.8924399614334104,1.893839955329895,1.8907899856567385,1.892230033874512
2022-02-11 00:00:00+00:00,1.891860008239746,1.8973100185394287,1.8915899991989136,1.895859956741333
2022-02-11 01:00:00+00:00,1.895859956741333,1.898010015487671,1.8941600322723389,1.8950300216674805
2022-02-11 02:00:00+00:00,1.8950599431991573,1.8968700170516968,1.89468002319336,1.8955700397491453
2022-02-11 03:00:00+00:00,1.895509958267212,1.8967399597167969,1.894819974899292,1.896090030670166
2022-02-11 04:00:00+00:00,1.89614999294281,1.9013400077819824,1.8951200246810915,1.9002200365066528
2022-02-11 05:00:00+00:00,1.9002100229263303,1.9017399549484253,1.8989499807357788,1.90093994140625
2022-02-11 06:00:00+00:00,1.9010299444198608,1.902250051498413,1.8997600078582764,1.8998500108718872
2022-02-11 07:00:00+00:00,1.8999199867248533,1.9016200304031368,1.8986400365829468,1.8997700214385984
2022-02-11 08:00:00+00:00,1.8997700214385984,1.9020899534225464,1.897199988365173,1.9012800455093384
2022-02-11 09:00:00+00:00,1.9012800455093384,1.902570009231568,1.899739980697632,1.9024800062179563
2022-02-11 10:00:00+00:00,1.9024699926376345,1.9036999940872192,1.9002000093460083,1.901170015335083
2022-02-11 11:00:00+00:00,1.901239991188049,1.9020500183105469,1.899420022964477,1.9000999927520752
2022-02-11 12:00:00+00:00,1.9000699520111084,1.9017900228500368,1.896980047225952,1.898280024528504
2022-02-11 13:00:00+00:00,1.898280024528504,1.8985099792480469,1.8944100141525269,1.8957899808883667
2022-02-11 14:00:00+00:00,1.895840048789978,1.8961100578308103,1.891610026359558,1.8925800323486328
2022-02-11 15:00:00+00:00,1.8926199674606323,1.896090030670166,1.8916300535202024,1.8953499794006348
2022-02-11 16:00:00+00:00,1.8954399824142456,1.896720051765442,1.8938900232315063,1.894610047340393
2022-02-11 17:00:00+00:00,1.894670009613037,1.895609974861145,1.893919944763184,1.8942899703979488
2022-02-11 18:00:00+00:00,1.894299983978272,1.9008599519729608,1.892940044403076,1.8987900018692017
2022-02-11 19:00:00+00:00,1.898720026016236,1.9020999670028689,1.896790027618408,1.901559948921204
2022-02-11 20:00:00+00:00,1.901520013809204,1.9016499519348145,1.8981200456619265,1.899940013885498
2022-02-11 21:00:00+00:00,1.899999976158142,1.90378999710083,1.8973400592803955,1.8975600004196167
2022-02-11 22:00:00+00:00,1.9005199670791624,1.9005199670791624,1.9005199670791624,1.9005199670791624
2022-02-14 00:00:00+00:00,1.8991600275039675,1.901710033416748,1.898339986801148,1.90038001537323
2022-02-14 01:00:00+00:00,1.900429964065552,1.9024200439453125,1.899279952049256,1.9019399881362915
2022-02-14 02:00:00+00:00,1.901950001716613,1.902400016784668,1.899930000305176,1.9015899896621704
2022-02-14 03:00:00+00:00,1.901669979095459,1.902510046958924,1.899999976158142,1.9015400409698489
2022-02-14 04:00:00+00:00,1.9016400575637813,1.9027700424194336,1.9012600183486936,1.9025399684906008
2022-02-14 05:00:00+00:00,1.902590036392212,1.9027299880981443,1.9007699489593504,1.901610016822815
2022-02-14 06:00:00+00:00,1.9015899896621704,1.9021899700164795,1.89998996257782,1.900239944458008
2022-02-14 07:00:00+00:00,1.900320053100586,1.9024800062179563,1.898859977722168,1.9006999731063845
2022-02-14 08:00:00+00:00,1.90081000328064,1.904729962348938,1.8995100259780884,1.903769969940185
2022-02-14 09:00:00+00:00,1.9038000106811523,1.9046499729156487,1.901550054550171,1.9040900468826287
2022-02-14 10:00:00+00:00,1.9042500257492063,1.9055500030517576,1.9029799699783323,1.9038200378417969
2022-02-14 11:00:00+00:00,1.9038100242614744,1.905679941177368,1.9031100273132324,1.9041500091552728
2022-02-14 12:00:00+00:00,1.9041500091552728,1.9047000408172607,1.8980200290679927,1.8996700048446653
2022-02-14 13:00:00+00:00,1.899659991264344,1.901610016822815,1.897819995880127,1.9014699459075928
2022-02-14 14:00:00+00:00,1.901419997215271,1.901960015296936,1.8977700471878047,1.8988300561904907
2022-02-14 15:00:00+00:00,1.8988900184631348,1.9011000394821167,1.8971199989318848,1.898069977760315
2022-02-14 16:00:00+00:00,1.898069977760315,1.90024995803833,1.8957600593566888,1.896039962768555
2022-02-14 17:00:00+00:00,1.8960200548172,1.897320032119751,1.894989967346192,1.895210027694702
2022-02-14 18:00:00+00:00,1.895400047302246,1.900390028953552,1.8948099613189693,1.899930000305176
2022-02-14 19:00:00+00:00,1.899930000305176,1.901360034942627,1.89752995967865,1.898550033569336
2022-02-14 20:00:00+00:00,1.8985099792480469,1.899399995803833,1.8971799612045288,1.8988699913024905
2022-02-14 21:00:00+00:00,1.8988499641418457,1.8995100259780884,1.8967399597167969,1.896900057792664
2022-02-14 22:00:00+00:00,1.897570013999939,1.899250030517578,1.8951200246810915,1.8982199430465696
2022-02-14 23:00:00+00:00,1.897819995880127,1.8990700244903564,1.8969899415969849,1.897279977798462
2022-02-15 00:00:00+00:00,1.897279977798462,1.89900004863739,1.896340012550354,1.8986999988555908
2022-02-15 01:00:00+00:00,1.8986999988555908,1.901059985160828,1.8981000185012813,1.898900032043457
2022-02-15 02:00:00+00:00,1.898900032043457,1.8989800214767456,1.895949959754944,1.8963700532913208
2022-02-15 03:00:00+00:00,1.8963099718093872,1.899659991264344,1.8958899974823,1.899549961090088
2022-02-15 04:00:00+00:00,1.8995599746704104,1.900239944458008,1.8981000185012813,1.8995699882507324
2022-02-15 05:00:00+00:00,1.899530053138733,1.9047000408172607,1.899359941482544,1.9045000076293943
2022-02-15 06:00:00+00:00,1.90447998046875,1.9049400091171265,1.9016499519348145,1.9019999504089355
2022-02-15 07:00:00+00:00,1.9021199941635127,1.903040051460266,1.9009599685668943,1.9022200107574463
2022-02-15 08:00:00+00:00,1.9022300243377688,1.9023699760437007,1.8948400020599363,1.895949959754944
2022-02-15 09:00:00+00:00,1.895879983901977,1.8985099792480469,1.89506995677948,1.8968600034713743
2022-02-15 10:00:00+00:00,1.896880030632019,1.9002799987792969,1.896329998970032,1.8985099792480469
2022-02-15 11:00:00+00:00,1.898530006408692,1.8998500108718872,1.8957500457763672,1.8967299461364744
2022-02-15 12:00:00+00:00,1.8968100547790527,1.8992300033569336,1.8955899477005005,1.89709997177124
2022-02-15 13:00:00+00:00,1.897070050239563,1.897600054740905,1.8948800563812256,1.8953499794006348
2022-02-15 14:00:00+00:00,1.8953399658203125,1.897809982299805,1.893180012702942,1.895830035209656
2022-02-15 15:00:00+00:00,1.895859956741333,1.8961700201034544,1.8920700550079343,1.8936400413513184
2022-02-15 16:00:00+00:00,1.8936200141906736,1.89546000957489,1.8929699659347528,1.893479943275452
2022-02-15 17:00:00+00:00,1.893489956855774,1.8949400186538696,1.8925600051879885,1.8936799764633176
2022-02-15 18:00:00+00:00,1.8937300443649288,1.8939800262451167,1.891890048980713,1.8926399946212769
2022-02-15 19:00:00+00:00,1.8926399946212769,1.893779993057251,1.8919700384140008,1.8923900127410889
2022-02-15 20:00:00+00:00,1.892300009727478,1.894700050354004,1.891700029373169,1.892850041389465
2022-02-15 21:00:00+00:00,1.892840027809143,1.893749952316284,1.891849994659424,1.892240047454834
2022-02-15 22:00:00+00:00,1.8923499584198,1.893749952316284,1.890429973602295,1.892860054969788
2022-02-15 23:00:00+00:00,1.8928300142288208,1.8943899869918823,1.892300009727478,1.8941500186920168
2022-02-16 00:00:00+00:00,1.894129991531372,1.894629955291748,1.892729997634888,1.89454996585846
2022-02-16 01:00:00+00:00,1.8945000171661377,1.895300030708313,1.893380045890808,1.894430041313172
2022-02-16 02:00:00+00:00,1.894469976425171,1.8945300579071045,1.8913300037384035,1.893360018730164
2022-02-16 03:00:00+00:00,1.8933299779891968,1.893919944763184,1.8923200368881223,1.8930200338363647
2022-02-16 04:00:00+00:00,1.8930100202560425,1.893939971923828,1.8918800354003904,1.893149971961975
2022-02-16 05:00:00+00:00,1.89316999912262,1.8934299945831297,1.891939997673035,1.8930799961090088
2022-02-16 06:00:00+00:00,1.8931299448013303,1.89316999912262,1.8897600173950195,1.8901300430297847
2022-02-16 07:00:00+00:00,1.890239953994751,1.891260027885437,1.889310002326965,1.889739990234375
2022-02-16 08:00:00+00:00,1.889780044555664,1.89096999168396,1.888100028038025,1.8890800476074217
2022-02-16 09:00:00+00:00,1.889140009880066,1.891129970550537,1.8885999917984009,1.89058005809784
2022-02-16 10:00:00+00:00,1.8905999660491943,1.8925199508666992,1.8894699811935425,1.891950011253357
2022-02-16 11:00:00+00:00,1.891950011253357,1.8928899765014648,1.8884600400924685,1.8888700008392327
2022-02-16 12:00:00+00:00,1.8889100551605225,1.89045000076294,1.8879599571228027,1.889739990234375
2022-02-16 13:00:00+00:00,1.8896900415420528,1.892099976539612,1.888569951057434,1.891569972038269
2022-02-16 14:00:00+00:00,1.891569972038269,1.894930005073548,1.891070008277893,1.8934299945831297
2022-02-16 15:00:00+00:00,1.8934299945831297,1.895169973373413,1.892259955406189,1.893839955329895
2022-02-16 16:00:00+00:00,1.893839955329895,1.8941500186920168,1.8907400369644165,1.8912099599838257
2022-02-16 17:00:00+00:00,1.891219973564148,1.8927099704742432,1.8901599645614624,1.8909599781036377
2022-02-16 18:00:00+00:00,1.890830039978028,1.89136004447937,1.8891099691390991,1.890679955482483
2022-02-16 19:00:00+00:00,1.890910029411316,1.8922499418258667,1.8870699405670168,1.8880399465560915
2022-02-16 20:00:00+00:00,1.8880399465560915,1.888399958610535,1.886680006980896,1.8876899480819704
2022-02-16 21:00:00+00:00,1.8876700401306152,1.8883899450302124,1.8862199783325195,1.8878599405288696
2022-02-16 22:00:00+00:00,1.887529969215393,1.8905500173568728,1.8863199949264529,1.8871400356292725
2022-02-16 23:00:00+00:00,1.8871400356292725,1.8883600234985352,1.884850025177002,1.888190031051636
2022-02-17 00:00:00+00:00,1.888229966163636,1.8883299827575684,1.884619951248169,1.888129949569702
2022-02-17 01:00:00+00:00,1.8881700038909912,1.88850998878479,1.8851200342178345,1.885740041732788
2022-02-17 02:00:00+00:00,1.8856899738311768,1.885830044746399,1.883139967918396,1.885220050811768
2022-02-17 03:00:00+00:00,1.885210037231445,1.895050048828125,1.8840800523757928,1.894760012626648
2022-02-17 04:00:00+00:00,1.8946399688720703,1.8963199853897093,1.8876299858093264,1.8926600217819207
2022-02-17 05:00:00+00:00,1.892549991607666,1.892699956893921,1.8896199464797967,1.8900099992752075
2022-02-17 06:00:00+00:00,1.8900099992752075,1.8909200429916384,1.8876399993896484,1.890030026435852
2022-02-17 07:00:00+00:00,1.8900200128555296,1.8904000520706177,1.886299967765808,1.8867700099945068
2022-02-17 08:00:00+00:00,1.8867599964141848,1.889840006828308,1.8839199542999268,1.888260006904602
2022-02-17 09:00:00+00:00,1.88824999332428,1.8921600580215447,1.8876399993896484,1.890630006790161
2022-02-17 10:00:00+00:00,1.8907400369644165,1.8909599781036377,1.8870699405670168,1.8880800008773804
2022-02-17 11:00:00+00:00,1.8880200386047363,1.8903100490570068,1.887339949607849,1.8888100385665887
2022-02-17 12:00:00+00:00,1.8888399600982664,1.8895299434661863,1.8873900175094604,1.888759970664978
2022-02-17 13:00:00+00:00,1.8887200355529783,1.892600059509277,1.8877700567245483,1.890640020370484
2022-02-17 14:00:00+00:00,1.890699982643128,1.892169952392578,1.8875800371170044,1.8918299674987795
2022-02-17 15:00:00+00:00,1.891819953918457,1.893939971923828,1.8890700340271,1.891950011253357
2022-02-17 16:00:00+00:00,1.891950011253357,1.893839955329895,1.89110004901886,1.893409967422485
2022-02-17 17:00:00+00:00,1.893419981002808,1.894299983978272,1.890910029411316,1.892899990081787
2022-02-17 18:00:00+00:00,1.8928899765014648,1.893499970436096,1.8919899463653564,1.892500042915344
2022-02-17 19:00:00+00:00,1.8925100564956665,1.894060015678405,1.891770005226136,1.89382004737854
2022-02-17 20:00:00+00:00,1.8938000202178955,1.895609974861145,1.89300000667572,1.89368999004364
2022-02-17 21:00:00+00:00,1.89368999004364,1.8946399688720703,1.893100023269653,1.8941500186920168
2022-02-17 22:00:00+00:00,1.894029974937439,1.8952900171279907,1.891450047492981,1.8943699598312376
2022-02-17 23:00:00+00:00,1.8943599462509155,1.8955199718475344,1.8927600383758545,1.8942899703979488
2022-02-18 00:00:00+00:00,1.8941999673843384,1.895699977874756,1.8935999870300293,1.8952900171279907
2022-02-18 01:00:00+00:00,1.895300030708313,1.895429968833924,1.890630006790161,1.8916300535202024
2022-02-18 02:00:00+00:00,1.8916300535202024,1.89179003238678,1.889569997787476,1.890519976615905
2022-02-18 03:00:00+00:00,1.8904900550842283,1.891409993171692,1.888749957084656,1.889559984207153
2022-02-18 04:00:00+00:00,1.889569997787476,1.8899799585342407,1.887660026550293,1.888689994812012
2022-02-18 05:00:00+00:00,1.888700008392334,1.8903000354766848,1.888100028038025,1.8895200490951536
2022-02-18 06:00:00+00:00,1.8895200490951536,1.8907300233840945,1.8877099752426147,1.8884600400924685
2022-02-18 07:00:00+00:00,1.8884600400924685,1.889549970626831,1.887089967727661,1.8880900144577024
2022-02-18 08:00:00+00:00,1.888100028038025,1.888880014419556,1.8862500190734863,1.888659954071045
2022-02-18 09:00:00+00:00,1.88864004611969,1.890519976615905,1.887410044670105,1.888059973716736
2022-02-18 10:00:00+00:00,1.8880900144577024,1.890220046043396,1.8874200582504272,1.8894100189208984
2022-02-18 11:00:00+00:00,1.8894799947738647,1.8914200067520144,1.8890899419784544,1.8896900415420528
2022-02-18 12:00:00+00:00,1.889680027961731,1.8901000022888184,1.88704001903534,1.8876099586486816
2022-02-18 13:00:00+00:00,1.887529969215393,1.889150023460388,1.8867000341415403,1.887910008430481
2022-02-18 14:00:00+00:00,1.8878999948501587,1.8900799751281736,1.8868900537490845,1.8887799978256223
2022-02-18 15:00:00+00:00,1.8887799978256223,1.892920017242432,1.888000011444092,1.8924599885940552
2022-02-18 16:00:00+00:00,1.892449975013733,1.8943099975585933,1.892099976539612,1.8935699462890625
2022-02-18 17:00:00+00:00,1.8936500549316408,1.8954700231552124,1.8919899463653564,1.8947199583053589
2022-02-18 18:00:00+00:00,1.8947199583053589,1.894930005073548,1.8930799961090088,1.893710017204285
2022-02-18 19:00:00+00:00,1.8937599658966064,1.8939499855041504,1.8912400007247925,1.8930100202560425
2022-02-18 20:00:00+00:00,1.8930100202560425,1.894469976425171,1.892109990119934,1.89385998249054
2022-02-18 21:00:00+00:00,1.893919944763184,1.8942899703979488,1.89058005809784,1.8923300504684448
2022-02-18 22:00:00+00:00,1.894569993019104,1.894569993019104,1.894569993019104,1.894569993019104
2022-02-21 00:00:00+00:00,1.8949700593948364,1.8957899808883667,1.8912899494171145,1.8922100067138672
2022-02-21 01:00:00+00:00,1.892169952392578,1.8926199674606323,1.8900599479675293,1.8913700580596924
2022-02-21 02:00:00+00:00,1.8913400173187256,1.892289996147156,1.8895299434661863,1.8897199630737305
2022-02-21 03:00:00+00:00,1.8897299766540527,1.890910029411316,1.888710021972656,1.8896600008010864
2022-02-21 04:00:00+00:00,1.889649987220764,1.890179991722107,1.8873800039291384,1.888000011444092
2022-02-21 05:00:00+00:00,1.887969970703125,1.8888299465179443,1.8864799737930296,1.8881200551986688
2022-02-21 06:00:00+00:00,1.888129949569702,1.8882700204849243,1.8862299919128416,1.887529969215393
2022-02-21 07:00:00+00:00,1.8875499963760376,1.8889199495315552,1.8866499662399288,1.8885999917984009
2022-02-21 08:00:00+00:00,1.8885999917984009,1.8910599946975708,1.887339949607849,1.8897700309753416
2022-02-21 09:00:00+00:00,1.8897700309753416,1.890949964523316,1.8882999420166016,1.8897500038146973
2022-02-21 10:00:00+00:00,1.8897299766540527,1.8924599885940552,1.8890999555587769,1.8915599584579468
2022-02-21 11:00:00+00:00,1.891569972038269,1.8925600051879885,1.890570044517517,1.8919899463653564
2022-02-21 12:00:00+00:00,1.891980051994324,1.8926899433135984,1.890200018882752,1.8905600309371948
2022-02-21 13:00:00+00:00,1.8905600309371948,1.89110004901886,1.887030005455017,1.8879599571228027
2022-02-21 14:00:00+00:00,1.888000011444092,1.889189958572388,1.8853800296783447,1.887809991836548
2022-02-21 15:00:00+00:00,1.8877899646759035,1.888630032539368,1.8854899406433103,1.8860100507736208
2022-02-21 16:00:00+00:00,1.8859699964523315,1.887760043144226,1.885699987411499,1.887310028076172
2022-02-21 17:00:00+00:00,1.8873300552368164,1.8893300294876096,1.8859000205993648,1.8892699480056765
2022-02-21 18:00:00+00:00,1.8893300294876096,1.8912899494171145,1.8881399631500244,1.8898500204086304
2022-02-21 19:00:00+00:00,1.8900599479675293,1.892300009727478,1.8897700309753416,1.890570044517517
2022-02-21 20:00:00+00:00,1.8907300233840945,1.891909956932068,1.890519976615905,1.8908699750900269
2022-02-21 21:00:00+00:00,1.890910029411316,1.8921600580215447,1.889649987220764,1.890589952468872
2022-02-21 22:00:00+00:00,1.89058005809784,1.8927799463272093,1.8887399435043333,1.8923900127410889
2022-02-21 23:00:00+00:00,1.8919600248336792,1.89451003074646,1.8899400234222408,1.8921500444412231
2022-02-22 00:00:00+00:00,1.892240047454834,1.892750024795532,1.8880300521850584,1.8886799812316888
2022-02-22 01:00:00+00:00,1.8886799812316888,1.890630006790161,1.8875800371170044,1.8887300491333008
2022-02-22 02:00:00+00:00,1.888759970664978,1.889320015907288,1.886659979820252,1.8880200386047363
2022-02-22 03:00:00+00:00,1.8880399465560915,1.890679955482483,1.887570023536682,1.889870047569275
2022-02-22 04:00:00+00:00,1.8899400234222408,1.8899799585342407,1.886330008506775,1.8871699571609497
2022-02-22 05:00:00+00:00,1.8871400356292725,1.8879599571228027,1.8851799964904783,1.8869500160217283
2022-02-22 06:00:00+00:00,1.887030005455017,1.88759994506836,1.8860000371932983,1.8870199918746948
2022-02-22 07:00:00+00:00,1.886970043182373,1.888149976730347,1.884220004081726,1.885519981384277
2022-02-22 08:00:00+00:00,1.8854999542236328,1.8858699798583984,1.8826700448989868,1.884590029716492
2022-02-22 09:00:00+00:00,1.884600043296814,1.885740041732788,1.883080005645752,1.8838900327682493
2022-02-22 10:00:00+00:00,1.8838800191879272,1.883929967880249,1.8752800226211548,1.8784300088882449
2022-02-22 11:00:00+00:00,1.878440022468567,1.878960013389588,1.875830054283142,1.876539945602417
2022-02-22 12:00:00+00:00,1.8766000270843504,1.8784199953079224,1.876139998435974,1.878139972686768
2022-02-22 13:00:00+00:00,1.878129959106445,1.8807499408721924,1.8774900436401367,1.878000020980835
2022-02-22 14:00:00+00:00,1.878100037574768,1.8788599967956543,1.876520037651062,1.8781499862670896
2022-02-22 15:00:00+00:00,1.8780699968338013,1.8824399709701536,1.877060055732727,1.8812700510025024
2022-02-22 16:00:00+00:00,1.8812899589538568,1.882159948348999,1.880110025405884,1.8816499710083008
2022-02-22 17:00:00+00:00,1.8816499710083008,1.8832600116729736,1.880820035934448,1.8831499814987185
2022-02-22 18:00:00+00:00,1.883180022239685,1.885149955749512,1.882680058479309,1.884469985961914
2022-02-22 19:00:00+00:00,1.8845399618148804,1.885030031204224,1.8813300132751465,1.882290005683899
2022-02-22 20:00:00+00:00,1.8822699785232544,1.8827999830245967,1.8803199529647827,1.8819199800491333
2022-02-22 21:00:00+00:00,1.8819500207901,1.8824599981307983,1.8805099725723269,1.88129997253418
2022-02-22 22:00:00+00:00,1.8809000253677368,1.882200002670288,1.8786900043487549,1.881510019302368
2022-02-22 23:00:00+00:00,1.881659984588623,1.8817299604415887,1.879699945449829,1.88031005859375
2022-02-23 00:00:00+00:00,1.88018000125885,1.882750034332276,1.8789399862289429,1.880660057067871
2022-02-23 01:00:00+00:00,1.8807100057601929,1.8823000192642207,1.8791600465774536,1.879830002784729
2022-02-23 02:00:00+00:00,1.8798799514770508,1.881790041923523,1.878119945526123,1.8804600238800049
2022-02-23 03:00:00+00:00,1.8804500102996824,1.8819199800491333,1.87992000579834,1.880910038948059
2022-02-23 04:00:00+00:00,1.880910038948059,1.882069945335388,1.8791699409484863,1.879729986190796
2022-02-23 05:00:00+00:00,1.879709959030152,1.8807799816131592,1.878839969635009,1.879459977149964
2022-02-23 06:00:00+00:00,1.879449963569641,1.880239963531494,1.8784300088882449,1.878909945487976
2022-02-23 07:00:00+00:00,1.8788800239562988,1.8795499801635744,1.8772499561309808,1.878389954566956
2022-02-23 08:00:00+00:00,1.8784199953079224,1.8792599439620967,1.874690055847168,1.8749699592590328
2022-02-23 09:00:00+00:00,1.875,1.8753999471664429,1.871340036392212,1.872439980506897
2022-02-23 10:00:00+00:00,1.872339963912964,1.874169945716858,1.8716100454330444,1.8724900484085083
2022-02-23 11:00:00+00:00,1.872499942779541,1.874369978904724,1.871250033378601,1.8718500137329104
2022-02-23 12:00:00+00:00,1.871819972991944,1.872099995613098,1.868649959564209,1.8690199851989744
2022-02-23 13:00:00+00:00,1.8690299987792969,1.8692599534988403,1.867460012435913,1.8680700063705444
2022-02-23 14:00:00+00:00,1.8680700063705444,1.8688000440597528,1.866289973258972,1.868559956550598
2022-02-23 15:00:00+00:00,1.868579983711243,1.8723299503326416,1.867840051651001,1.8720200061798096
2022-02-23 16:00:00+00:00,1.8720200061798096,1.873520016670227,1.8698400259017944,1.8707900047302248
2022-02-23 17:00:00+00:00,1.8707499504089355,1.871129989624024,1.8685699701309204,1.8704099655151367
2022-02-23 18:00:00+00:00,1.870479941368103,1.8724600076675413,1.8702600002288816,1.871359944343567
2022-02-23 19:00:00+00:00,1.871359944343567,1.8727400302886963,1.8698400259017944,1.870949983596801
2022-02-23 20:00:00+00:00,1.8708699941635127,1.873579978942871,1.8706899881362915,1.8734999895095823
2022-02-23 21:00:00+00:00,1.8734999895095823,1.873540043830872,1.8710299730300903,1.871950030326844
2022-02-23 22:00:00+00:00,1.8714100122451784,1.873960018157959,1.87090003490448,1.8730100393295288
2022-02-23 23:00:00+00:00,1.873350024223328,1.8752199411392207,1.8715499639511108,1.8740500211715696
2022-02-24 00:00:00+00:00,1.8738800287246704,1.8785799741744995,1.873540043830872,1.878309965133667
2022-02-24 01:00:00+00:00,1.878270030021668,1.878890037536621,1.8759299516677856,1.8765300512313845
2022-02-24 02:00:00+00:00,1.8765300512313845,1.8813999891281128,1.875890016555786,1.8791099786758425
2022-02-24 03:00:00+00:00,1.879150032997132,1.8827999830245967,1.8780800104141235,1.8807100057601929
2022-02-24 04:00:00+00:00,1.8807100057601929,1.8824599981307983,1.874979972839356,1.876819968223572
2022-02-24 05:00:00+00:00,1.8768099546432493,1.8785400390625,1.874850034713745,1.876070022583008
2022-02-24 06:00:00+00:00,1.87608003616333,1.8786200284957888,1.8752100467681885,1.878139972686768
2022-02-24 07:00:00+00:00,1.8782600164413448,1.879670023918152,1.874940037727356,1.8776799440383911
2022-02-24 08:00:00+00:00,1.8776799440383911,1.8789700269699097,1.8722699880599976,1.8725099563598635
2022-02-24 09:00:00+00:00,1.872599959373474,1.8741400241851809,1.8705099821090696,1.872480034828186
2022-02-24 10:00:00+00:00,1.872480034828186,1.872879981994629,1.86873996257782,1.87107002735138
2022-02-24 11:00:00+00:00,1.8710800409317017,1.871189951896668,1.8671900033950808,1.8676600456237795
2022-02-24 12:00:00+00:00,1.8676700592041016,1.870919942855835,1.8669400215148928,1.8698400259017944
2022-02-24 13:00:00+00:00,1.8697999715805047,1.86981999874115,1.8666199445724487,1.867779970169068
2022-02-24 14:00:00+00:00,1.867740035057068,1.8684500455856323,1.864230036735535,1.8664000034332275
2022-02-24 15:00:00+00:00,1.866479992866516,1.871060013771057,1.8652000427246087,1.8707599639892576
2022-02-24 16:00:00+00:00,1.8707799911499023,1.874400019645691,1.868499994277954,1.872779965400696
2022-02-24 17:00:00+00:00,1.8727999925613403,1.8736499547958367,1.871129989624024,1.8720500469207764
2022-02-24 18:00:00+00:00,1.8721599578857424,1.8731199502944944,1.8703199625015257,1.8711199760437007
2022-02-24 19:00:00+00:00,1.871150016784668,1.8720500469207764,1.8687599897384644,1.8695199489593504
2022-02-24 20:00:00+00:00,1.8695399761199951,1.8702900409698489,1.86529004573822,1.8660800457000728
2022-02-24 21:00:00+00:00,1.866350054740905,1.868170022964477,1.865579962730408,1.86670994758606
2022-02-24 22:00:00+00:00,1.8667500019073489,1.8678499460220337,1.8637800216674805,1.8671200275421145
2022-02-24 23:00:00+00:00,1.8673299551010127,1.868029952049256,1.8658599853515625,1.867220044136048
2022-02-25 00:00:00+00:00,1.8673299551010127,1.8734999895095823,1.8646199703216555,1.8700499534606927
2022-02-25 01:00:00+00:00,1.8701900243759155,1.870329976081848,1.8665200471878047,1.8667500019073489
2022-02-25 02:00:00+00:00,1.8668500185012813,1.868589997291565,1.86670994758606,1.867799997329712
2022-02-25 03:00:00+00:00,1.867799997329712,1.869369983673096,1.8668700456619265,1.868029952049256
2022-02-25 04:00:00+00:00,1.8680399656295776,1.8685400485992432,1.8650599718093872,1.8653500080108645
2022-02-25 05:00:00+00:00,1.8654500246047967,1.8666800260543823,1.864060044288636,1.866479992866516
2022-02-25 06:00:00+00:00,1.866479992866516,1.8676600456237795,1.8632700443267824,1.8634400367736816
2022-02-25 07:00:00+00:00,1.8633999824523928,1.8643200397491453,1.8605799674987795,1.8617700338363647
2022-02-25 08:00:00+00:00,1.86175000667572,1.8637900352478027,1.8595399856567385,1.8598400354385376
2022-02-25 09:00:00+00:00,1.8598400354385376,1.8623900413513184,1.8573399782180784,1.8576099872589111
2022-02-25 10:00:00+00:00,1.8576099872589111,1.858929991722107,1.85699999332428,1.858070015907288
2022-02-25 11:00:00+00:00,1.858129978179932,1.8607699871063232,1.857550024986267,1.8587199449539185
2022-02-25 12:00:00+00:00,1.8587199449539185,1.8597899675369265,1.85579001903534,1.8575199842453003
2022-02-25 13:00:00+00:00,1.857509970664978,1.8576799631118768,1.852220058441162,1.853150010108948
2022-02-25 14:00:00+00:00,1.853150010108948,1.8539299964904783,1.850559949874878,1.8537499904632568
2022-02-25 15:00:00+00:00,1.853710055351257,1.8573399782180784,1.8524500131607056,1.857010006904602
2022-02-25 16:00:00+00:00,1.8569600582122805,1.8582700490951536,1.8548400402069087,1.857059955596924
2022-02-25 17:00:00+00:00,1.857069969177246,1.857810020446777,1.8558299541473389,1.856119990348816
2022-02-25 18:00:00+00:00,1.856099963188172,1.856809973716736,1.854159951210022,1.8561099767684937
2022-02-25 19:00:00+00:00,1.8561099767684937,1.856660008430481,1.854089975357056,1.8541799783706665
2022-02-25 20:00:00+00:00,1.8541799783706665,1.855299949645996,1.853710055351257,1.854640007019043
2022-02-25 21:00:00+00:00,1.8546500205993648,1.8558800220489504,1.8526099920272827,1.8528300523757928
2022-02-25 22:00:00+00:00,1.8535799980163568,1.8535799980163568,1.8535799980163568,1.8535799980163568
2022-02-28 00:00:00+00:00,1.8607399463653564,1.8626999855041504,1.8601900339126587,1.8612099885940552
2022-02-28 01:00:00+00:00,1.8612699508666992,1.8615700006484983,1.8585799932479856,1.8606300354003904
2022-02-28 02:00:00+00:00,1.860640048980713,1.8624800443649288,1.8595900535583496,1.862030029296875
2022-02-28 03:00:00+00:00,1.862110018730164,1.862810015678405,1.859320044517517,1.8600599765777588
2022-02-28 04:00:00+00:00,1.860069990158081,1.8600900173187256,1.8579299449920648,1.8584200143814087
2022-02-28 05:00:00+00:00,1.858319997787476,1.860610008239746,1.857740044593811,1.8601200580596924
2022-02-28 06:00:00+00:00,1.8602099418640137,1.8604300022125244,1.857570052146912,1.8601800203323364
2022-02-28 07:00:00+00:00,1.8602399826049805,1.8603299856185915,1.85565996170044,1.856559991836548
2022-02-28 08:00:00+00:00,1.8565399646759035,1.8576699495315552,1.854640007019043,1.8570499420166016
2022-02-28 09:00:00+00:00,1.857059955596924,1.8585200309753416,1.8563799858093264,1.8576099872589111
2022-02-28 10:00:00+00:00,1.8576200008392327,1.8589999675750728,1.8555200099945068,1.8571100234985352
2022-02-28 11:00:00+00:00,1.8572399616241453,1.8579299449920648,1.8540600538253784,1.8561899662017824
2022-02-28 12:00:00+00:00,1.856220006942749,1.857630014419556,1.853209972381592,1.853909969329834
2022-02-28 13:00:00+00:00,1.853960037231445,1.856529951095581,1.8531700372695925,1.854609966278076
2022-02-28 14:00:00+00:00,1.854640007019043,1.8551199436187744,1.851580023765564,1.8524199724197388
2022-02-28 15:00:00+00:00,1.852460026741028,1.853909969329834,1.848330020904541,1.849300026893616
2022-02-28 16:00:00+00:00,1.849300026893616,1.8502299785614007,1.8472299575805664,1.8480499982833865
2022-02-28 17:00:00+00:00,1.848039984703064,1.8486299514770508,1.845759987831116,1.846269965171814
2022-02-28 18:00:00+00:00,1.846500039100647,1.8487499952316284,1.845639944076538,1.8480600118637085
2022-02-28 19:00:00+00:00,1.8480700254440308,1.8494499921798704,1.84646999835968,1.8465700149536133
2022-02-28 20:00:00+00:00,1.846519947052002,1.8476899862289429,1.8457399606704712,1.847190022468567
2022-02-28 21:00:00+00:00,1.8471699953079224,1.8482500314712524,1.8460500240325928,1.8474400043487549
2022-02-28 22:00:00+00:00,1.846690058708191,1.8488999605178835,1.8453999757766724,1.848039984703064
2022-02-28 23:00:00+00:00,1.8480700254440308,1.8491499423980715,1.8457399606704712,1.848919987678528
2022-03-01 00:00:00+00:00,1.849110007286072,1.8497200012207031,1.847890019416809,1.8490899801254272
2022-03-01 01:00:00+00:00,1.849079966545105,1.849239945411682,1.8465800285339355,1.8478399515151973
2022-03-01 02:00:00+00:00,1.847830057144165,1.848199963569641,1.8452800512313845,1.8465399742126465
2022-03-01 03:00:00+00:00,1.8466099500656128,1.8500299453735352,1.846529960632324,1.8485699892044067
2022-03-01 04:00:00+00:00,1.8485000133514404,1.8487399816513064,1.846989989280701,1.847210049629212
2022-03-01 05:00:00+00:00,1.847270011901856,1.8481299877166748,1.846269965171814,1.847100019454956
2022-03-01 06:00:00+00:00,1.8471200466156008,1.8473199605941768,1.8440300226211548,1.8443000316619875
2022-03-01 07:00:00+00:00,1.8443000316619875,1.8446600437164309,1.84197998046875,1.842710018157959
2022-03-01 08:00:00+00:00,1.8427000045776367,1.8447099924087524,1.841599941253662,1.8435399532318115
2022-03-01 09:00:00+00:00,1.843610048294068,1.846029996871948,1.8427499532699585,1.8440099954605105
2022-03-01 10:00:00+00:00,1.8440099954605105,1.8459099531173704,1.841189980506897,1.841269969940185
2022-03-01 11:00:00+00:00,1.841269969940185,1.845229983329773,1.840939998626709,1.843209981918335
2022-03-01 12:00:00+00:00,1.8432600498199463,1.8455899953842163,1.84211003780365,1.8438700437545776
2022-03-01 13:00:00+00:00,1.8439699411392207,1.8460899591445925,1.8416999578475952,1.8426899909973145
2022-03-01 14:00:00+00:00,1.842679977416992,1.843440055847168,1.840939998626709,1.8418099880218504
2022-03-01 15:00:00+00:00,1.8418200016021729,1.842229962348938,1.8384100198745728,1.838919997215271
2022-03-01 16:00:00+00:00,1.838919997215271,1.8403600454330444,1.8350900411605835,1.8377200365066528
2022-03-01 17:00:00+00:00,1.837730050086975,1.838119983673096,1.8350000381469729,1.8354699611663816
2022-03-01 18:00:00+00:00,1.835510015487671,1.8364100456237795,1.8348100185394287,1.8359999656677248
2022-03-01 19:00:00+00:00,1.836089968681336,1.8387900590896609,1.8356800079345703,1.8369499444961548
2022-03-01 20:00:00+00:00,1.8370599746704104,1.837980031967163,1.835319995880127,1.8368799686431885
2022-03-01 21:00:00+00:00,1.8368899822235107,1.8375200033187864,1.8345600366592407,1.8364499807357788
2022-03-01 22:00:00+00:00,1.8363499641418457,1.8380399942398071,1.8339899778366089,1.837180018424988
2022-03-01 23:00:00+00:00,1.8372700214385984,1.838240027427673,1.835510015487671,1.8367999792099
2022-03-02 00:00:00+00:00,1.836459994316101,1.8366199731826784,1.833449959754944,1.833840012550354
2022-03-02 01:00:00+00:00,1.8338799476623533,1.8354899883270264,1.8321199417114256,1.832509994506836
2022-03-02 02:00:00+00:00,1.8325799703598025,1.833330035209656,1.830289959907532,1.830940008163452
2022-03-02 03:00:00+00:00,1.8309500217437744,1.8320599794387813,1.8295300006866453,1.83135998249054
2022-03-02 04:00:00+00:00,1.8317099809646609,1.831920027732849,1.8300600051879885,1.83149003982544
2022-03-02 05:00:00+00:00,1.831470012664795,1.8319499492645264,1.8296799659729004,1.8300700187683103
2022-03-02 06:00:00+00:00,1.830049991607666,1.8323099613189693,1.8298100233078003,1.8320900201797483
2022-03-02 07:00:00+00:00,1.8320800065994265,1.8330700397491453,1.8307000398635864,1.8323999643325808
2022-03-02 08:00:00+00:00,1.8323800563812256,1.835559964179993,1.829800009727478,1.8348100185394287
2022-03-02 09:00:00+00:00,1.8348100185394287,1.8357000350952148,1.831439971923828,1.833580017089844
2022-03-02 10:00:00+00:00,1.8335100412368768,1.83610999584198,1.833140015602112,1.8343000411987305
2022-03-02 11:00:00+00:00,1.8342499732971191,1.8361999988555908,1.831470012664795,1.834630012512207
2022-03-02 12:00:00+00:00,1.8346199989318848,1.835019946098328,1.831719994544983,1.832890033721924
2022-03-02 13:00:00+00:00,1.8328499794006348,1.8355799913406368,1.8317899703979488,1.835199952125549
2022-03-02 14:00:00+00:00,1.835260033607483,1.835819959640503,1.833340048789978,1.834280014038086
2022-03-02 15:00:00+00:00,1.8342599868774407,1.83748996257782,1.833709955215454,1.8357900381088257
2022-03-02 16:00:00+00:00,1.8357700109481807,1.836840033531189,1.833299994468689,1.835070013999939
2022-03-02 17:00:00+00:00,1.835039973258972,1.836050033569336,1.8335000276565552,1.8340599536895752
2022-03-02 18:00:00+00:00,1.834089994430542,1.8342499732971191,1.8313000202178955,1.8326900005340576
2022-03-02 19:00:00+00:00,1.832679986953736,1.8334100246429443,1.831560015678405,1.8329999446868896
2022-03-02 20:00:00+00:00,1.8329999446868896,1.8348100185394287,1.83256995677948,1.834400057792664
2022-03-02 21:00:00+00:00,1.8344199657440183,1.83831000328064,1.833899974822998,1.836940050125122
2022-03-02 22:00:00+00:00,1.8363800048828125,1.838170051574707,1.835510015487671,1.8372600078582764
2022-03-02 23:00:00+00:00,1.8372600078582764,1.837820053100586,1.8359999656677248,1.836529970169068
2022-03-03 00:00:00+00:00,1.8367600440979004,1.8372600078582764,1.8351500034332275,1.8363699913024905
2022-03-03 01:00:00+00:00,1.836400032043457,1.8377699851989744,1.8356399536132808,1.8368300199508667
2022-03-03 02:00:00+00:00,1.8368699550628664,1.8387199640274048,1.836490035057068,1.8368099927902224
2022-03-03 03:00:00+00:00,1.8368699550628664,1.838070034980774,1.836220026016236,1.8371100425720213
2022-03-03 04:00:00+00:00,1.8371100425720213,1.8375400304794312,1.834789991378784,1.8360099792480469
2022-03-03 05:00:00+00:00,1.8360099792480469,1.8367600440979004,1.8346199989318848,1.8352199792861936
2022-03-03 06:00:00+00:00,1.83528995513916,1.8353500366210933,1.8315000534057613,1.832419991493225
2022-03-03 07:00:00+00:00,1.8324099779129028,1.833549976348877,1.829740047454834,1.8300299644470213
2022-03-03 08:00:00+00:00,1.830090045928955,1.8339999914169312,1.829069972038269,1.8308900594711304
2022-03-03 09:00:00+00:00,1.8308900594711304,1.8334800004959104,1.8301500082015991,1.8329399824142456
2022-03-03 10:00:00+00:00,1.83296000957489,1.83378005027771,1.8310199975967407,1.8317300081253047
2022-03-03 11:00:00+00:00,1.8316600322723389,1.8320900201797483,1.8297699689865112,1.8313699960708616
2022-03-03 12:00:00+00:00,1.831419944763184,1.8318699598312376,1.828950047492981,1.8297799825668333
2022-03-03 13:00:00+00:00,1.8297799825668333,1.8299800157547,1.826840043067932,1.827430009841919
2022-03-03 14:00:00+00:00,1.827379941940308,1.8288999795913696,1.8196200132369995,1.819949984550476
2022-03-03 15:00:00+00:00,1.8199700117111208,1.822800040245056,1.818429946899414,1.8224200010299685
2022-03-03 16:00:00+00:00,1.822399973869324,1.8252999782562256,1.8202199935913088,1.821529984474182
2022-03-03 17:00:00+00:00,1.821529984474182,1.822649955749512,1.8197799921035769,1.821869969367981
2022-03-03 18:00:00+00:00,1.8218799829483032,1.8226200342178345,1.8194400072097776,1.821059942245484
2022-03-03 19:00:00+00:00,1.8210300207138064,1.8227900266647337,1.8200199604034424,1.8201600313186648
2022-03-03 20:00:00+00:00,1.8201500177383425,1.8225599527359009,1.8199599981307983,1.820770025253296
2022-03-03 21:00:00+00:00,1.820770025253296,1.8222500085830688,1.819810032844544,1.8198200464248653
2022-03-03 22:00:00+00:00,1.8203599452972408,1.8226799964904783,1.8197799921035769,1.8213399648666384
2022-03-03 23:00:00+00:00,1.8209500312805176,1.8219200372695925,1.818680047988892,1.8194899559021
2022-03-04 00:00:00+00:00,1.8196899890899656,1.824910044670105,1.8186999559402464,1.8235000371932983
2022-03-04 01:00:00+00:00,1.8234800100326536,1.824790000915528,1.8199299573898315,1.8211400508880613
2022-03-04 02:00:00+00:00,1.821050047874451,1.82151997089386,1.8184700012207031,1.8194500207901
2022-03-04 03:00:00+00:00,1.8194500207901,1.8199900388717647,1.817020058631897,1.817759990692139
2022-03-04 04:00:00+00:00,1.8177900314331048,1.8178199529647827,1.8129099607467647,1.813390016555786
2022-03-04 05:00:00+00:00,1.813380002975464,1.8144899606704712,1.8125699758529663,1.813380002975464
2022-03-04 06:00:00+00:00,1.813390016555786,1.8155800104141235,1.8125499486923216,1.814970016479492
2022-03-04 07:00:00+00:00,1.815019965171814,1.815029978752136,1.811079978942871,1.811560034751892
2022-03-04 08:00:00+00:00,1.811540007591248,1.8120700120925903,1.8042900562286377,1.8056000471115112
2022-03-04 09:00:00+00:00,1.8056600093841555,1.8100099563598635,1.805019974708557,1.8098299503326416
2022-03-04 10:00:00+00:00,1.809839963912964,1.809970021247864,1.8067100048065183,1.8082499504089355
2022-03-04 11:00:00+00:00,1.8083300590515137,1.8084800243377688,1.804090023040772,1.804479956626892
2022-03-04 12:00:00+00:00,1.804530024528504,1.807080030441284,1.8038100004196167,1.8068499565124512
2022-03-04 13:00:00+00:00,1.8068499565124512,1.807520031929016,1.802090048789978,1.802579998970032
2022-03-04 14:00:00+00:00,1.802579998970032,1.806120038032532,1.8017799854278564,1.801949977874756
2022-03-04 15:00:00+00:00,1.801949977874756,1.8022199869155884,1.7968800067901611,1.7986899614334106
2022-03-04 16:00:00+00:00,1.7986899614334106,1.8008400201797483,1.794409990310669,1.7946399450302124
2022-03-04 17:00:00+00:00,1.7946200370788574,1.7955000400543213,1.7930400371551514,1.7939499616622925
2022-03-04 18:00:00+00:00,1.7939000129699707,1.7949999570846558,1.7930999994277954,1.794909954071045
2022-03-04 19:00:00+00:00,1.7948999404907229,1.7960799932479858,1.7931900024414062,1.7934099435806274
2022-03-04 20:00:00+00:00,1.7933599948883057,1.7967900037765503,1.7932699918746948,1.796679973602295
2022-03-04 21:00:00+00:00,1.796679973602295,1.7973899841308594,1.792080044746399,1.7931900024414062
2022-03-04 22:00:00+00:00,1.7947700023651123,1.7947800159454346,1.7947700023651123,1.7947800159454346
2022-03-07 00:00:00+00:00,1.7866499423980713,1.7887300252914429,1.7849199771881104,1.7853200435638428
2022-03-07 01:00:00+00:00,1.7853000164031982,1.7856600284576416,1.7730000019073486,1.7773300409317017
2022-03-07 02:00:00+00:00,1.7774499654769895,1.781559944152832,1.7768700122833252,1.7808200120925903
2022-03-07 03:00:00+00:00,1.7808599472045898,1.785330057144165,1.7804700136184692,1.7819600105285645
2022-03-07 04:00:00+00:00,1.7819700241088867,1.782189965248108,1.7800999879837036,1.781290054321289
2022-03-07 05:00:00+00:00,1.781290054321289,1.782379984855652,1.780310034751892,1.781730055809021
2022-03-07 06:00:00+00:00,1.7816499471664429,1.782920002937317,1.7793200016021729,1.7794500589370728
2022-03-07 07:00:00+00:00,1.7794500589370728,1.7832800149917605,1.7787100076675415,1.7816400527954102
2022-03-07 08:00:00+00:00,1.7816699743270874,1.7818599939346311,1.776479959487915,1.7774100303649902
2022-03-07 09:00:00+00:00,1.7774200439453125,1.7795499563217163,1.7762099504470823,1.7786400318145752
2022-03-07 10:00:00+00:00,1.778589963912964,1.7806600332260132,1.7750099897384644,1.7770600318908691
2022-03-07 11:00:00+00:00,1.7770600318908691,1.7776999473571775,1.7734299898147583,1.777359962463379
2022-03-07 12:00:00+00:00,1.7774800062179563,1.7886500358581543,1.7770999670028689,1.7835999727249146
2022-03-07 13:00:00+00:00,1.7835899591445925,1.788409948348999,1.7824900150299072,1.786270022392273
2022-03-07 14:00:00+00:00,1.7863800525665283,1.793470025062561,1.7859100103378296,1.7896300554275513
2022-03-07 15:00:00+00:00,1.7895599603652954,1.79298996925354,1.7849500179290771,1.792240023612976
2022-03-07 16:00:00+00:00,1.792240023612976,1.7928400039672852,1.7884199619293213,1.7910699844360352
2022-03-07 17:00:00+00:00,1.7910699844360352,1.7945400476455688,1.790470004081726,1.791700005531311
2022-03-07 18:00:00+00:00,1.7917499542236328,1.7932699918746948,1.7900999784469604,1.7918699979782104
2022-03-07 19:00:00+00:00,1.791659951210022,1.7929999828338623,1.7870999574661257,1.7887300252914429
2022-03-07 20:00:00+00:00,1.7887200117111206,1.7921299934387207,1.7883299589157104,1.7910399436950684
2022-03-07 21:00:00+00:00,1.7910499572753906,1.7920000553131104,1.7896100282669067,1.7899199724197388
2022-03-07 22:00:00+00:00,1.7899800539016724,1.7927600145339966,1.78889000415802,1.7911499738693235
2022-03-07 23:00:00+00:00,1.791200041770935,1.792870044708252,1.7886300086975098,1.7888699769973757
2022-03-08 00:00:00+00:00,1.7890499830245972,1.790060043334961,1.7869700193405151,1.787969946861267
2022-03-08 01:00:00+00:00,1.788030028343201,1.7888100147247314,1.7852599620819092,1.7884000539779663
2022-03-08 02:00:00+00:00,1.7884000539779663,1.7927099466323853,1.786479949951172,1.7917699813842771
2022-03-08 03:00:00+00:00,1.7918699979782104,1.7929400205612185,1.7903300523757937,1.7910399436950684
2022-03-08 04:00:00+00:00,1.791059970855713,1.795740008354187,1.7907099723815918,1.7950799465179443
2022-03-08 05:00:00+00:00,1.7951699495315552,1.8017699718475344,1.7948299646377563,1.8000199794769287
2022-03-08 06:00:00+00:00,1.79993999004364,1.8005499839782717,1.7981300354003906,1.8000500202178955
2022-03-08 07:00:00+00:00,1.8000600337982178,1.8001199960708618,1.7968100309371948,1.799239993095398
2022-03-08 08:00:00+00:00,1.7992000579833984,1.803020000457764,1.7976700067520142,1.8027000427246087
2022-03-08 09:00:00+00:00,1.8026599884033203,1.8031400442123413,1.7972899675369265,1.799149990081787
2022-03-08 10:00:00+00:00,1.799149990081787,1.8008899688720703,1.7975000143051147,1.7983900308609009
2022-03-08 11:00:00+00:00,1.7983900308609009,1.7987899780273438,1.795639991760254,1.7977099418640137
2022-03-08 12:00:00+00:00,1.7977700233459473,1.800439953804016,1.7967699766159058,1.7998700141906738
2022-03-08 13:00:00+00:00,1.799839973449707,1.800529956817627,1.796679973602295,1.799649953842163
2022-03-08 14:00:00+00:00,1.799589991569519,1.8018399477005005,1.797919988632202,1.801259994506836
2022-03-08 15:00:00+00:00,1.8012499809265137,1.805739998817444,1.7993600368499756,1.804419994354248
2022-03-08 16:00:00+00:00,1.8043999671936035,1.8072199821472168,1.802889943122864,1.803769946098328
2022-03-08 17:00:00+00:00,1.8037500381469729,1.8046900033950808,1.801200032234192,1.8043800592422483
2022-03-08 18:00:00+00:00,1.8043800592422483,1.805279970169068,1.8016300201416016,1.8030099868774407
2022-03-08 19:00:00+00:00,1.803200006484985,1.803730010986328,1.8010599613189695,1.8014099597930908
2022-03-08 20:00:00+00:00,1.8014099597930908,1.8022300004959104,1.8003499507904053,1.8017899990081787
2022-03-08 21:00:00+00:00,1.80171000957489,1.802369952201844,1.8006099462509155,1.8018499612808228
2022-03-08 22:00:00+00:00,1.8020399808883667,1.80296003818512,1.7985899448394775,1.8022799491882324
2022-03-08 23:00:00+00:00,1.8022799491882324,1.8023600578308103,1.7995100021362305,1.802209973335266
2022-03-09 00:00:00+00:00,1.8022300004959104,1.802330017089844,1.7999099493026731,1.8009699583053589
2022-03-09 01:00:00+00:00,1.8010499477386477,1.802340030670166,1.800379991531372,1.8018699884414675
2022-03-09 02:00:00+00:00,1.8019100427627563,1.8038400411605835,1.8013499975204468,1.8026800155639648
2022-03-09 03:00:00+00:00,1.8024100065231323,1.803699970245361,1.8011900186538696,1.8023500442504885
2022-03-09 04:00:00+00:00,1.802240014076233,1.802520036697388,1.8003100156784058,1.800860047340393
2022-03-09 05:00:00+00:00,1.8009099960327148,1.803599953651428,1.80062997341156,1.802240014076233
2022-03-09 06:00:00+00:00,1.802199959754944,1.8022500276565552,1.799280047416687,1.8010499477386477
2022-03-09 07:00:00+00:00,1.8010499477386477,1.8018499612808228,1.7962199449539185,1.7970600128173828
2022-03-09 08:00:00+00:00,1.7970099449157717,1.798069953918457,1.7954100370407104,1.7970900535583496
2022-03-09 09:00:00+00:00,1.7970399856567385,1.7971700429916382,1.7936999797821045,1.7955199480056765
2022-03-09 10:00:00+00:00,1.7954299449920654,1.79761004447937,1.7951500415802002,1.795799970626831
2022-03-09 11:00:00+00:00,1.795799970626831,1.7974900007247925,1.7943899631500244,1.7953100204467771
2022-03-09 12:00:00+00:00,1.795259952545166,1.7960200309753418,1.7935199737548828,1.7940200567245483
2022-03-09 13:00:00+00:00,1.7939399480819702,1.7963000535964966,1.792019963264465,1.7961100339889526
2022-03-09 14:00:00+00:00,1.7961100339889526,1.7990800142288208,1.7949800491333008,1.7965500354766846
2022-03-09 15:00:00+00:00,1.7966200113296509,1.7982499599456787,1.794950008392334,1.797760009765625
2022-03-09 16:00:00+00:00,1.797659993171692,1.8001600503921509,1.7965799570083618,1.7969399690628052
2022-03-09 17:00:00+00:00,1.7969499826431274,1.8015400171279907,1.7965699434280396,1.8004100322723389
2022-03-09 18:00:00+00:00,1.8006199598312378,1.801110029220581,1.7985700368881226,1.7991100549697876
2022-03-09 19:00:00+00:00,1.7990399599075315,1.801110029220581,1.7980400323867798,1.8008400201797483
2022-03-09 20:00:00+00:00,1.8009799718856812,1.8011499643325806,1.7983499765396118,1.7997900247573853
2022-03-09 21:00:00+00:00,1.7997900247573853,1.8011000156402588,1.7986700534820557,1.7989399433135986
2022-03-09 22:00:00+00:00,1.799239993095398,1.8018499612808228,1.7982200384140017,1.8012900352478027
2022-03-09 23:00:00+00:00,1.8006900548934937,1.8026200532913208,1.8003100156784058,1.8021800518035889
2022-03-10 00:00:00+00:00,1.8018200397491453,1.803040027618408,1.8004100322723389,1.8029999732971191
2022-03-10 01:00:00+00:00,1.8029999732971191,1.805279970169068,1.8020199537277224,1.80365002155304
2022-03-10 02:00:00+00:00,1.803760051727295,1.8042900562286377,1.7986799478530884,1.7989699840545654
2022-03-10 03:00:00+00:00,1.798949956893921,1.7992700338363647,1.796910047531128,1.797919988632202
2022-03-10 04:00:00+00:00,1.7979600429534912,1.799399971961975,1.7975900173187256,1.799049973487854
2022-03-10 05:00:00+00:00,1.7990399599075315,1.8015700578689573,1.7985899448394775,1.7996200323104858
2022-03-10 06:00:00+00:00,1.799589991569519,1.8004599809646606,1.7964099645614624,1.7974200248718262
2022-03-10 07:00:00+00:00,1.797379970550537,1.7977800369262695,1.795140027999878,1.7962499856948853
2022-03-10 08:00:00+00:00,1.7962499856948853,1.7965500354766846,1.792739987373352,1.7942399978637695
2022-03-10 09:00:00+00:00,1.7943600416183472,1.7955199480056765,1.7929699420928955,1.7946100234985352
2022-03-10 10:00:00+00:00,1.7946399450302124,1.7950299978256226,1.7913000583648682,1.7937599420547483
2022-03-10 11:00:00+00:00,1.7937999963760376,1.796720027923584,1.7935199737548828,1.7948999404907229
2022-03-10 12:00:00+00:00,1.7948800325393677,1.79653000831604,1.791509985923767,1.7964600324630735
2022-03-10 13:00:00+00:00,1.796429991722107,1.7964799404144287,1.7905800342559814,1.7934499979019165
2022-03-10 14:00:00+00:00,1.7934900522232056,1.7941700220108032,1.7874499559402466,1.787919998168945
2022-03-10 15:00:00+00:00,1.7878400087356567,1.7882699966430664,1.7828099727630615,1.783810019493103
2022-03-10 16:00:00+00:00,1.7838300466537476,1.7854100465774536,1.7798099517822266,1.7805399894714355
2022-03-10 17:00:00+00:00,1.7804700136184692,1.7820700407028198,1.778120040893555,1.7800300121307373
2022-03-10 18:00:00+00:00,1.7799700498580933,1.7817699909210205,1.7796900272369385,1.7804399728775024
2022-03-10 19:00:00+00:00,1.7803900241851809,1.7811199426651,1.7778799533843994,1.7782700061798096
2022-03-10 20:00:00+00:00,1.7782599925994873,1.778880000114441,1.777109980583191,1.7781599760055542
2022-03-10 21:00:00+00:00,1.7781399488449097,1.7789700031280518,1.776569962501526,1.7772599458694458
2022-03-10 22:00:00+00:00,1.7777400016784668,1.7794899940490725,1.7767000198364258,1.7785099744796753
2022-03-10 23:00:00+00:00,1.7785099744796753,1.7798999547958374,1.7767200469970703,1.7786699533462524
2022-03-11 00:00:00+00:00,1.77878999710083,1.781290054321289,1.778290033340454,1.7806700468063354
2022-03-11 01:00:00+00:00,1.7806899547576904,1.7833399772644043,1.7802200317382812,1.781880021095276
2022-03-11 02:00:00+00:00,1.7819700241088867,1.784379959106445,1.781599998474121,1.7839800119400024
2022-03-11 03:00:00+00:00,1.784019947052002,1.7840900421142578,1.781790018081665,1.7821999788284302
2022-03-11 04:00:00+00:00,1.7823400497436523,1.7842299938201904,1.7814899682998655,1.7836699485778809
2022-03-11 05:00:00+00:00,1.7836799621582031,1.7842199802398682,1.7811599969863892,1.781499981880188
2022-03-11 06:00:00+00:00,1.7815699577331543,1.7820600271224976,1.77947998046875,1.7817399501800537
2022-03-11 07:00:00+00:00,1.7817800045013428,1.782539963722229,1.7790199518203735,1.7793899774551392
2022-03-11 08:00:00+00:00,1.7794899940490725,1.7843600511550903,1.7793200016021729,1.7822999954223633
2022-03-11 09:00:00+00:00,1.7822200059890747,1.7879300117492676,1.7815300226211548,1.7874799966812134
2022-03-11 10:00:00+00:00,1.7875200510025024,1.7899399995803833,1.7857500314712524,1.7898600101470947
2022-03-11 11:00:00+00:00,1.789870023727417,1.7918399572372437,1.7877399921417236,1.789139986038208
2022-03-11 12:00:00+00:00,1.7891600131988523,1.7915699481964111,1.7877700328826904,1.7888400554656982
2022-03-11 13:00:00+00:00,1.7888599634170532,1.7897900342941284,1.7866599559783936,1.7873799800872805
2022-03-11 14:00:00+00:00,1.7873899936676023,1.7883800268173218,1.785099983215332,1.78643000125885
2022-03-11 15:00:00+00:00,1.78656005859375,1.788100004196167,1.7845900058746338,1.7875499725341797
2022-03-11 16:00:00+00:00,1.7875200510025024,1.7883700132369995,1.7864199876785278,1.7874699831008911
2022-03-11 17:00:00+00:00,1.7874000072479248,1.7882299423217771,1.785290002822876,1.7861100435256958
2022-03-11 18:00:00+00:00,1.786180019378662,1.7865699529647827,1.7844500541687012,1.7853699922561646
2022-03-11 19:00:00+00:00,1.7853200435638428,1.7871500253677368,1.7840100526809692,1.7869000434875488
2022-03-11 20:00:00+00:00,1.786910057067871,1.789680004119873,1.7865899801254272,1.7891000509262085
2022-03-11 21:00:00+00:00,1.7891099452972412,1.7891099452972412,1.7849600315093994,1.7849600315093994
2022-03-11 22:00:00+00:00,1.788249969482422,1.788249969482422,1.788249969482422,1.788249969482422
2022-03-14 00:00:00+00:00,1.788450002670288,1.793030023574829,1.787160038948059,1.7927500009536743
2022-03-14 01:00:00+00:00,1.7927299737930298,1.7936700582504272,1.791290044784546,1.792009949684143
2022-03-14 02:00:00+00:00,1.7919199466705322,1.794950008392334,1.7903300523757937,1.794219970703125
2022-03-14 03:00:00+00:00,1.7942399978637695,1.7946900129318235,1.7927800416946411,1.7941900491714478
2022-03-14 04:00:00+00:00,1.794319987297058,1.796030044555664,1.7934399843215942,1.7939800024032593
2022-03-14 05:00:00+00:00,1.7939800024032593,1.7963199615478516,1.7932699918746948,1.796169996261597
2022-03-14 06:00:00+00:00,1.796180009841919,1.799299955368042,1.7961299419403076,1.7990399599075315
2022-03-14 07:00:00+00:00,1.7991100549697876,1.800379991531372,1.7968900203704834,1.7998900413513184
2022-03-14 08:00:00+00:00,1.799880027770996,1.8010900020599363,1.7967300415039062,1.7988699674606323
2022-03-14 09:00:00+00:00,1.7989799976348877,1.7996000051498413,1.7964099645614624,1.797600030899048
2022-03-14 10:00:00+00:00,1.79761004447937,1.800529956817627,1.7973099946975708,1.8001500368118286
2022-03-14 11:00:00+00:00,1.8001600503921509,1.8013999462127686,1.7972099781036377,1.8008400201797483
2022-03-14 12:00:00+00:00,1.800879955291748,1.8053200244903564,1.799180030822754,1.803189992904663
2022-03-14 13:00:00+00:00,1.803189992904663,1.805050015449524,1.801560044288636,1.8041900396347048
2022-03-14 14:00:00+00:00,1.8041800260543823,1.8048700094223025,1.7995200157165527,1.801200032234192
2022-03-14 15:00:00+00:00,1.8011300563812256,1.8055499792099,1.8002899885177612,1.8046300411224363
2022-03-14 16:00:00+00:00,1.8046499490737915,1.807070016860962,1.8025699853897093,1.80594003200531
2022-03-14 17:00:00+00:00,1.80594003200531,1.8093899488449097,1.8052599430084229,1.809000015258789
2022-03-14 18:00:00+00:00,1.8090900182724,1.8097000122070312,1.8067599534988403,1.809450030326844
2022-03-14 19:00:00+00:00,1.8094899654388428,1.809540033340454,1.8052300214767456,1.806560039520264
2022-03-14 20:00:00+00:00,1.8066600561141968,1.8089300394058228,1.8057199716567995,1.8085999488830569
2022-03-14 21:00:00+00:00,1.8078900575637813,1.8091200590133667,1.802449941635132,1.8079500198364256
2022-03-14 22:00:00+00:00,1.8079400062561035,1.808590054512024,1.804710030555725,1.8058799505233765
2022-03-14 23:00:00+00:00,1.805899977684021,1.80788004398346,1.805649995803833,1.8072199821472168
2022-03-15 00:00:00+00:00,1.8072099685668943,1.809559941291809,1.805830001831055,1.8093299865722656
2022-03-15 01:00:00+00:00,1.8093600273132324,1.8145999908447263,1.808380007743836,1.8135299682617188
2022-03-15 02:00:00+00:00,1.8135900497436523,1.8151799440383911,1.8104000091552728,1.8147399425506592
2022-03-15 03:00:00+00:00,1.814810037612915,1.815199971199036,1.8125300407409668,1.8149299621582031
2022-03-15 04:00:00+00:00,1.8149399757385247,1.8169699907302856,1.813629984855652,1.8148200511932373
2022-03-15 05:00:00+00:00,1.81482994556427,1.817229986190796,1.81482994556427,1.8165099620819087
2022-03-15 06:00:00+00:00,1.816540002822876,1.816920042037964,1.8139100074768064,1.81676995754242
2022-03-15 07:00:00+00:00,1.8168200254440308,1.817710041999817,1.811339974403381,1.811920046806336
2022-03-15 08:00:00+00:00,1.81181001663208,1.8126699924469,1.8079899549484253,1.8118200302124023
2022-03-15 09:00:00+00:00,1.8118200302124023,1.8156800270080569,1.810930013656616,1.814219951629639
2022-03-15 10:00:00+00:00,1.814219951629639,1.814759969711304,1.8100500106811523,1.81046998500824
2022-03-15 11:00:00+00:00,1.810539960861206,1.814020037651062,1.8101799488067627,1.811110019683838
2022-03-15 12:00:00+00:00,1.811079978942871,1.8137199878692627,1.810220003128052,1.8127199411392207
2022-03-15 13:00:00+00:00,1.8127199411392207,1.813830018043518,1.8093899488449097,1.8100600242614744
2022-03-15 14:00:00+00:00,1.81003999710083,1.8113800287246704,1.808109998703003,1.811239957809448
2022-03-15 15:00:00+00:00,1.811229944229126,1.81676995754242,1.8101400136947632,1.8158299922943115
2022-03-15 16:00:00+00:00,1.8158700466156008,1.8164199590682983,1.8134900331497192,1.8157000541687007
2022-03-15 17:00:00+00:00,1.8156700134277344,1.8158799409866333,1.8130099773406985,1.814579963684082
2022-03-15 18:00:00+00:00,1.814579963684082,1.815310001373291,1.8122999668121336,1.8125499486923216
2022-03-15 19:00:00+00:00,1.8126499652862549,1.8129500150680544,1.811079978942871,1.8123199939727783
2022-03-15 20:00:00+00:00,1.812250018119812,1.8129600286483765,1.811239957809448,1.812190055847168
2022-03-15 21:00:00+00:00,1.8118799924850464,1.813109993934632,1.809440016746521,1.81112003326416
2022-03-15 22:00:00+00:00,1.8114500045776367,1.813760042190552,1.810969948768616,1.8132100105285645
2022-03-15 23:00:00+00:00,1.8131500482559204,1.8143800497055047,1.8117799758911133,1.814129948616028
2022-03-16 00:00:00+00:00,1.814200043678284,1.8160300254821773,1.8128999471664429,1.815639972686768
2022-03-16 01:00:00+00:00,1.815639972686768,1.815659999847412,1.812209963798523,1.8123199939727783
2022-03-16 02:00:00+00:00,1.8127100467681885,1.812809944152832,1.810269951820373,1.8118900060653689
2022-03-16 03:00:00+00:00,1.8119399547576904,1.813480019569397,1.8116999864578247,1.8128700256347656
2022-03-16 04:00:00+00:00,1.812809944152832,1.8132200241088867,1.810520052909851,1.8108400106430047
2022-03-16 05:00:00+00:00,1.8107600212097168,1.81141996383667,1.8069599866867063,1.8077800273895264
2022-03-16 06:00:00+00:00,1.80774998664856,1.8078399896621704,1.8049800395965576,1.805989980697632
2022-03-16 07:00:00+00:00,1.805999994277954,1.8068000078201287,1.8041000366210933,1.806190013885498
2022-03-16 08:00:00+00:00,1.8062200546264648,1.80757999420166,1.8046900033950808,1.806130051612854
2022-03-16 09:00:00+00:00,1.806149959564209,1.8081599473953247,1.8054499626159668,1.806310057640076
2022-03-16 10:00:00+00:00,1.8062800168991089,1.806740045547485,1.802389979362488,1.802770018577576
2022-03-16 11:00:00+00:00,1.8028099536895752,1.8067899942398071,1.8022300004959104,1.8056600093841555
2022-03-16 12:00:00+00:00,1.805690050125122,1.8064099550247192,1.8036400079727173,1.8050800561904907
2022-03-16 13:00:00+00:00,1.804909944534301,1.8062200546264648,1.8000199794769287,1.80076003074646
2022-03-16 14:00:00+00:00,1.8007700443267822,1.80692994594574,1.8002699613571167,1.8066699504852293
2022-03-16 15:00:00+00:00,1.8066699504852293,1.8092000484466555,1.8037500381469729,1.8059500455856323
2022-03-16 16:00:00+00:00,1.8059500455856323,1.8083000183105469,1.8054200410842896,1.807800054550171
2022-03-16 17:00:00+00:00,1.807850003242493,1.8079099655151367,1.804229974746704,1.80499005317688
2022-03-16 18:00:00+00:00,1.804970026016236,1.809999942779541,1.804280042648316,1.8057700395584104
2022-03-16 19:00:00+00:00,1.8055599927902224,1.807610034942627,1.8020700216293333,1.8024799823760984
2022-03-16 20:00:00+00:00,1.802459955215454,1.8054399490356443,1.8016599416732788,1.8029099702835083
2022-03-16 21:00:00+00:00,1.803040027618408,1.8046900033950808,1.80171000957489,1.803189992904663
2022-03-16 22:00:00+00:00,1.8029500246047967,1.804229974746704,1.7997599840164185,1.801550030708313
2022-03-16 23:00:00+00:00,1.8015999794006348,1.8035900592803955,1.801120042800903,1.8027399778366089
2022-03-17 00:00:00+00:00,1.8027600049972528,1.802970051765442,1.7974599599838257,1.798069953918457
2022-03-17 01:00:00+00:00,1.798140048980713,1.80351996421814,1.796419978141785,1.8017699718475344
2022-03-17 02:00:00+00:00,1.8017799854278564,1.801929950714112,1.797819972038269,1.7991900444030762
2022-03-17 03:00:00+00:00,1.7991900444030762,1.8007400035858154,1.7977800369262695,1.7989699840545654
2022-03-17 04:00:00+00:00,1.7990000247955322,1.7995699644088743,1.7974200248718262,1.797819972038269
2022-03-17 05:00:00+00:00,1.797860026359558,1.8007899522781372,1.7974300384521484,1.7989699840545654
2022-03-17 06:00:00+00:00,1.79885995388031,1.801609992980957,1.7984600067138672,1.8015999794006348
2022-03-17 07:00:00+00:00,1.801609992980957,1.8027399778366089,1.7994699478149414,1.799649953842163
2022-03-17 08:00:00+00:00,1.7996400594711304,1.8002400398254397,1.7978999614715576,1.7995599508285522
2022-03-17 09:00:00+00:00,1.7996400594711304,1.8002699613571167,1.7959200143814087,1.7966200113296509
2022-03-17 10:00:00+00:00,1.7965600490570068,1.79830002784729,1.7952100038528442,1.7963299751281738
2022-03-17 11:00:00+00:00,1.7963299751281738,1.8001699447631836,1.795549988746643,1.7991399765014648
2022-03-17 12:00:00+00:00,1.798930048942566,1.7992299795150757,1.7824599742889404,1.783519983291626
2022-03-17 13:00:00+00:00,1.7835400104522705,1.7869999408721924,1.7828500270843506,1.7849400043487549
2022-03-17 14:00:00+00:00,1.7851300239562988,1.786149978637695,1.7825100421905518,1.784749984741211
2022-03-17 15:00:00+00:00,1.7847299575805664,1.7849299907684326,1.7800699472427368,1.780949950218201
2022-03-17 16:00:00+00:00,1.7809300422668457,1.782389998435974,1.7794100046157837,1.7818399667739868
2022-03-17 17:00:00+00:00,1.781849980354309,1.782379984855652,1.7806999683380127,1.7814099788665771
2022-03-17 18:00:00+00:00,1.7815099954605105,1.7841099500656128,1.7812700271606443,1.7830899953842163
2022-03-17 19:00:00+00:00,1.7830300331115725,1.7833800315856934,1.7811100482940674,1.7825700044631958
2022-03-17 20:00:00+00:00,1.782520055770874,1.7830400466918943,1.7815099954605105,1.7824100255966189
2022-03-17 21:00:00+00:00,1.7817100286483765,1.7840100526809692,1.7812600135803225,1.7819299697875977
2022-03-17 22:00:00+00:00,1.7821099758148191,1.7830899953842163,1.7815099954605105,1.7827800512313845
2022-03-17 23:00:00+00:00,1.7829500436782837,1.784119963645935,1.7819900512695312,1.782580018043518
2022-03-18 00:00:00+00:00,1.7826900482177734,1.7837300300598145,1.7815200090408323,1.783400058746338
2022-03-18 01:00:00+00:00,1.7834099531173706,1.7834899425506592,1.7810300588607788,1.7826199531555176
2022-03-18 02:00:00+00:00,1.7826900482177734,1.7848399877548218,1.7824100255966189,1.7841999530792236
2022-03-18 03:00:00+00:00,1.7841999530792236,1.784409999847412,1.783120036125183,1.7838300466537476
2022-03-18 04:00:00+00:00,1.7838399410247805,1.7838799953460691,1.7819499969482422,1.7824499607086182
2022-03-18 05:00:00+00:00,1.782439947128296,1.7829999923706057,1.7790900468826294,1.780140042304993
2022-03-18 06:00:00+00:00,1.7801899909973145,1.780310034751892,1.7762099504470823,1.777250051498413
2022-03-18 07:00:00+00:00,1.7772400379180908,1.780940055847168,1.776919960975647,1.7777999639511108
2022-03-18 08:00:00+00:00,1.777809977531433,1.78193998336792,1.7770999670028689,1.780769944190979
2022-03-18 09:00:00+00:00,1.780809998512268,1.7814500331878662,1.7792099714279177,1.7812600135803225
2022-03-18 10:00:00+00:00,1.7813600301742554,1.782080054283142,1.7776399850845337,1.7795599699020386
2022-03-18 11:00:00+00:00,1.7795599699020386,1.7798500061035156,1.7779300212860107,1.779099941253662
2022-03-18 12:00:00+00:00,1.779189944267273,1.7812999486923218,1.778040051460266,1.779530048370361
2022-03-18 13:00:00+00:00,1.779530048370361,1.781980037689209,1.7772200107574463,1.779289960861206
2022-03-18 14:00:00+00:00,1.7792799472808838,1.7804800271987915,1.7752000093460083,1.776859998703003
2022-03-18 15:00:00+00:00,1.7769299745559692,1.7801599502563477,1.7748600244522097,1.7790700197219849
2022-03-18 16:00:00+00:00,1.7790700197219849,1.7806700468063354,1.7778899669647217,1.7796299457550049
2022-03-18 17:00:00+00:00,1.7796499729156494,1.7802599668502808,1.777459979057312,1.7787100076675415
2022-03-18 18:00:00+00:00,1.7787699699401855,1.7802000045776367,1.778090000152588,1.7799700498580933
2022-03-18 19:00:00+00:00,1.7800400257110596,1.780269980430603,1.7777199745178225,1.7784099578857422
2022-03-18 20:00:00+00:00,1.7785099744796753,1.7790100574493408,1.7755500078201294,1.776520013809204
2022-03-18 21:00:00+00:00,1.777459979057312,1.777459979057312,1.777459979057312,1.777459979057312
2022-03-21 00:00:00+00:00,1.7758899927139282,1.776600003242493,1.7739100456237793,1.774899959564209
2022-03-21 01:00:00+00:00,1.774829983711243,1.775990009307861,1.7733900547027588,1.7750200033187866
2022-03-21 02:00:00+00:00,1.7750699520111084,1.7778600454330444,1.7749099731445312,1.7769999504089355
2022-03-21 03:00:00+00:00,1.77701997756958,1.779270052909851,1.7764699459075928,1.778040051460266
2022-03-21 04:00:00+00:00,1.7780300378799438,1.7784099578857422,1.7758100032806396,1.7765400409698486
2022-03-21 05:00:00+00:00,1.776600003242493,1.778349995613098,1.776110053062439,1.7777199745178225
2022-03-21 06:00:00+00:00,1.7777099609375,1.7786200046539309,1.7768700122833252,1.7773000001907349
2022-03-21 07:00:00+00:00,1.7773000001907349,1.7813800573349,1.776579976081848,1.778370022773743
2022-03-21 08:00:00+00:00,1.7783900499343872,1.7800999879837036,1.7777299880981443,1.7782800197601318
2022-03-21 09:00:00+00:00,1.7782599925994873,1.781880021095276,1.7771300077438354,1.7811199426651
2022-03-21 10:00:00+00:00,1.7811199426651,1.7819199562072754,1.779189944267273,1.7796599864959717
2022-03-21 11:00:00+00:00,1.7796299457550049,1.7805299758911133,1.7778899669647217,1.779129981994629
2022-03-21 12:00:00+00:00,1.7791099548339844,1.7791999578475952,1.7760000228881836,1.7763999700546265
2022-03-21 13:00:00+00:00,1.7764300107955933,1.7790299654006958,1.7760299444198608,1.7779500484466553
2022-03-21 14:00:00+00:00,1.778339982032776,1.7812700271606443,1.777340054512024,1.780150055885315
2022-03-21 15:00:00+00:00,1.780150055885315,1.78193998336792,1.7791999578475952,1.779780030250549
2022-03-21 16:00:00+00:00,1.779780030250549,1.7839299440383911,1.7789000272750854,1.7826499938964844
2022-03-21 17:00:00+00:00,1.7827500104904177,1.7842600345611572,1.7810900211334229,1.781559944152832
2022-03-21 18:00:00+00:00,1.7815799713134766,1.7817800045013428,1.779099941253662,1.7804100513458252
2022-03-21 19:00:00+00:00,1.7804900407791138,1.781000018119812,1.7783199548721311,1.7791199684143066
2022-03-21 20:00:00+00:00,1.7791199684143066,1.7799099683761597,1.7779899835586548,1.7790900468826294
2022-03-21 21:00:00+00:00,1.7782399654388428,1.7807300090789795,1.7778600454330444,1.7793300151824951
2022-03-21 22:00:00+00:00,1.7793300151824951,1.779729962348938,1.7776399850845337,1.7794500589370728
2022-03-21 23:00:00+00:00,1.7794899940490725,1.780750036239624,1.7786799669265747,1.7804399728775024
2022-03-22 00:00:00+00:00,1.7805299758911133,1.7809100151062012,1.778599977493286,1.7791399955749512
2022-03-22 01:00:00+00:00,1.7791399955749512,1.78193998336792,1.7784199714660645,1.78193998336792
2022-03-22 02:00:00+00:00,1.7818599939346311,1.781999945640564,1.7788900136947632,1.7798999547958374
2022-03-22 03:00:00+00:00,1.7799099683761597,1.780400037765503,1.7764999866485596,1.77715003490448
2022-03-22 04:00:00+00:00,1.7771999835968018,1.777500033378601,1.7744499444961548,1.7769999504089355
2022-03-22 05:00:00+00:00,1.7769900560379028,1.7792500257492063,1.7752799987792969,1.7758599519729614
2022-03-22 06:00:00+00:00,1.7758500576019287,1.7784099578857422,1.7756099700927734,1.7781800031661987
2022-03-22 07:00:00+00:00,1.7781699895858765,1.7794100046157837,1.776769995689392,1.77839994430542
2022-03-22 08:00:00+00:00,1.7784700393676758,1.7797900438308716,1.7765100002288818,1.778980016708374
2022-03-22 09:00:00+00:00,1.7790700197219849,1.7797900438308716,1.7771600484848022,1.777690052986145
2022-03-22 10:00:00+00:00,1.7776700258255005,1.779129981994629,1.776010036468506,1.7788100242614746
2022-03-22 11:00:00+00:00,1.7787799835205078,1.7808599472045898,1.7783600091934204,1.779780030250549
2022-03-22 12:00:00+00:00,1.779780030250549,1.7811299562454224,1.7778400182724,1.7789499759674072
2022-03-22 13:00:00+00:00,1.7789700031280518,1.7816699743270874,1.7777700424194336,1.7813199758529663
2022-03-22 14:00:00+00:00,1.7813400030136108,1.7821799516677856,1.7794500589370728,1.780940055847168
2022-03-22 15:00:00+00:00,1.7810100317001345,1.7831699848175049,1.779579997062683,1.7828799486160278
2022-03-22 16:00:00+00:00,1.7828600406646729,1.7832800149917605,1.7809100151062012,1.7812999486923218
2022-03-22 17:00:00+00:00,1.781309962272644,1.7817000150680542,1.777899980545044,1.778689980506897
2022-03-22 18:00:00+00:00,1.778689980506897,1.7794400453567505,1.7763299942016602,1.7769299745559692
2022-03-22 19:00:00+00:00,1.7769299745559692,1.7770600318908691,1.7750699520111084,1.7755099534988403
2022-03-22 20:00:00+00:00,1.775570034980774,1.7759499549865725,1.7744200229644775,1.7752699851989746
2022-03-22 21:00:00+00:00,1.7752799987792969,1.7766400575637815,1.773800015449524,1.776020050048828
2022-03-22 22:00:00+00:00,1.7760000228881836,1.7762900590896606,1.7736999988555908,1.7755800485610962
2022-03-22 23:00:00+00:00,1.775570034980774,1.7776600122451782,1.7742899656295776,1.777519941329956
2022-03-23 00:00:00+00:00,1.7776299715042114,1.7811700105667114,1.7768700122833252,1.7803000211715698
2022-03-23 01:00:00+00:00,1.7802400588989258,1.7816699743270874,1.7790299654006958,1.779710054397583
2022-03-23 02:00:00+00:00,1.779770016670227,1.7809200286865234,1.7771300077438354,1.7787699699401855
2022-03-23 03:00:00+00:00,1.7788100242614746,1.781599998474121,1.7784700393676758,1.781059980392456
2022-03-23 04:00:00+00:00,1.7814099788665771,1.7820500135421753,1.778689980506897,1.7804299592971802
2022-03-23 05:00:00+00:00,1.7804100513458252,1.7819199562072754,1.7799700498580933,1.780329942703247
2022-03-23 06:00:00+00:00,1.7803200483322144,1.7814500331878662,1.77878999710083,1.7793300151824951
2022-03-23 07:00:00+00:00,1.7793400287628174,1.7806299924850464,1.777359962463379,1.7775599956512451
2022-03-23 08:00:00+00:00,1.7775599956512451,1.777690052986145,1.7722899913787842,1.7725800275802612
2022-03-23 09:00:00+00:00,1.7725800275802612,1.7733700275421145,1.7683600187301636,1.7691199779510498
2022-03-23 10:00:00+00:00,1.7691099643707275,1.7700400352478027,1.7677600383758545,1.7685500383377075
2022-03-23 11:00:00+00:00,1.768630027770996,1.7690600156784058,1.765339970588684,1.7663899660110474
2022-03-23 12:00:00+00:00,1.766409993171692,1.7682199478149414,1.7651000022888184,1.7675100564956665
2022-03-23 13:00:00+00:00,1.7675600051879885,1.7695599794387815,1.766080021858215,1.7661499977111816
2022-03-23 14:00:00+00:00,1.766219973564148,1.7671200037002563,1.7624800205230713,1.7637100219726562
2022-03-23 15:00:00+00:00,1.763700008392334,1.7644100189208984,1.761080026626587,1.761989951133728
2022-03-23 16:00:00+00:00,1.7620699405670166,1.7632399797439575,1.760540008544922,1.76078999042511
2022-03-23 17:00:00+00:00,1.7608400583267212,1.7625800371170044,1.7603399753570557,1.7614500522613523
2022-03-23 18:00:00+00:00,1.7614599466323853,1.7618600130081177,1.7586899995803833,1.7591999769210815
2022-03-23 19:00:00+00:00,1.7591999769210815,1.76187002658844,1.7589800357818604,1.761379957199097
2022-03-23 20:00:00+00:00,1.7613999843597412,1.7615200281143188,1.7596100568771362,1.7607500553131104
2022-03-23 21:00:00+00:00,1.760759949684143,1.7620699405670166,1.7592400312423706,1.760640025138855
2022-03-23 22:00:00+00:00,1.7606899738311768,1.7637399435043335,1.7600599527359009,1.762779951095581
2022-03-23 23:00:00+00:00,1.762809991836548,1.763159990310669,1.7604899406433103,1.7610299587249756
2022-03-24 00:00:00+00:00,1.760890007019043,1.7636699676513672,1.7599300146102903,1.7613400220870972
2022-03-24 01:00:00+00:00,1.7613600492477417,1.7629200220108032,1.7588800191879272,1.760259985923767
2022-03-24 02:00:00+00:00,1.7602200508117676,1.7613099813461304,1.759060025215149,1.7612199783325195
2022-03-24 03:00:00+00:00,1.7611900568008425,1.7640600204467771,1.7606099843978882,1.763890027999878
2022-03-24 04:00:00+00:00,1.7638700008392334,1.7662800550460815,1.7620999813079834,1.7652499675750732
2022-03-24 05:00:00+00:00,1.7652599811553955,1.7653299570083618,1.7606199979782104,1.7615599632263184
2022-03-24 06:00:00+00:00,1.7616100311279297,1.7653700113296509,1.761379957199097,1.7643200159072876
2022-03-24 07:00:00+00:00,1.7643699645996094,1.7657400369644165,1.7624499797821045,1.7628400325775146
2022-03-24 08:00:00+00:00,1.7628400325775146,1.764299988746643,1.761240005493164,1.7618199586868286
2022-03-24 09:00:00+00:00,1.761780023574829,1.7630000114440918,1.7601399421691897,1.7614699602127075
2022-03-24 10:00:00+00:00,1.7614799737930298,1.7628799676895142,1.7602299451828003,1.7612099647521973
2022-03-24 11:00:00+00:00,1.7612299919128418,1.7630800008773804,1.76010000705719,1.7615400552749634
2022-03-24 12:00:00+00:00,1.761579990386963,1.7635400295257568,1.759960055351257,1.7613400220870972
2022-03-24 13:00:00+00:00,1.7613199949264526,1.7618900537490845,1.7572200298309326,1.7585099935531616
2022-03-24 14:00:00+00:00,1.7585099935531616,1.7585999965667725,1.7524800300598145,1.753159999847412
2022-03-24 15:00:00+00:00,1.7531499862670898,1.7576299905776978,1.752650022506714,1.7563300132751465
2022-03-24 16:00:00+00:00,1.7563400268554688,1.75872004032135,1.755370020866394,1.757789969444275
2022-03-24 17:00:00+00:00,1.7577500343322754,1.7582000494003296,1.7544499635696411,1.7544499635696411
2022-03-24 18:00:00+00:00,1.7548099756240845,1.755370020866394,1.7526400089263916,1.7547600269317627
2022-03-24 19:00:00+00:00,1.7548799514770508,1.7555500268936155,1.7542500495910645,1.7552800178527832
2022-03-24 20:00:00+00:00,1.75531005859375,1.7554199695587158,1.754040002822876,1.755079984664917
2022-03-24 21:00:00+00:00,1.7550699710845947,1.7563999891281128,1.7531800270080566,1.7547500133514404
2022-03-24 22:00:00+00:00,1.7545100450515747,1.7557599544525146,1.7537599802017212,1.7551599740982056
2022-03-24 23:00:00+00:00,1.7552000284194946,1.7567299604415894,1.7545499801635742,1.7566499710083008
2022-03-25 00:00:00+00:00,1.756780028343201,1.7578999996185305,1.7555400133132937,1.757599949836731
2022-03-25 01:00:00+00:00,1.7576899528503418,1.7577099800109863,1.755270004272461,1.7561099529266355
2022-03-25 02:00:00+00:00,1.7560800313949585,1.757789969444275,1.7549099922180176,1.7576299905776978
2022-03-25 03:00:00+00:00,1.7575900554656982,1.7576899528503418,1.7551000118255615,1.7559700012207031
2022-03-25 04:00:00+00:00,1.7559700012207031,1.7581100463867188,1.7554700374603271,1.7569600343704224
2022-03-25 05:00:00+00:00,1.7569500207901,1.7586400508880615,1.75600004196167,1.756369948387146
2022-03-25 06:00:00+00:00,1.7563600540161133,1.7565100193023682,1.752879977226257,1.7555299997329712
2022-03-25 07:00:00+00:00,1.755519986152649,1.759310007095337,1.7546099424362185,1.7563400268554688
2022-03-25 08:00:00+00:00,1.756350040435791,1.7576600313186646,1.753499984741211,1.7538000345230105
2022-03-25 09:00:00+00:00,1.7537200450897217,1.7557400465011597,1.752869963645935,1.7533799409866333
2022-03-25 10:00:00+00:00,1.7533400058746338,1.7555299997329712,1.7520099878311155,1.7554700374603271
2022-03-25 11:00:00+00:00,1.7554600238800049,1.756600022315979,1.7546600103378296,1.7564899921417236
2022-03-25 12:00:00+00:00,1.7565100193023682,1.7574800252914429,1.7544900178909302,1.7551900148391724
2022-03-25 13:00:00+00:00,1.7552800178527832,1.756250023841858,1.752560019493103,1.7557100057601929
2022-03-25 14:00:00+00:00,1.7558300495147705,1.7577199935913086,1.7547399997711182,1.7571699619293213
2022-03-25 15:00:00+00:00,1.757140040397644,1.759369969367981,1.754520058631897,1.7588399648666382
2022-03-25 16:00:00+00:00,1.7588399648666382,1.759269952774048,1.7540099620819092,1.754330039024353
2022-03-25 17:00:00+00:00,1.754330039024353,1.7556699514389038,1.7538100481033323,1.7553399801254272
2022-03-25 18:00:00+00:00,1.7555099725723269,1.7555500268936155,1.7523599863052368,1.7526700496673584
2022-03-25 19:00:00+00:00,1.7526700496673584,1.754979968070984,1.75246000289917,1.7526799440383911
2022-03-25 20:00:00+00:00,1.7527300119400024,1.754580020904541,1.7516900300979614,1.7534099817276
2022-03-25 21:00:00+00:00,1.7544399499893188,1.7555700540542605,1.7544399499893188,1.7555700540542605
2022-03-25 22:00:00+00:00,1.7556400299072266,1.7556400299072266,1.7556400299072266,1.7556400299072266
2022-03-28 00:00:00+01:00,1.752709984779358,1.7529900074005127,1.751270055770874,1.7522900104522705
2022-03-28 01:00:00+01:00,1.752269983291626,1.7536300420761108,1.750480055809021,1.7530399560928345
2022-03-28 02:00:00+01:00,1.753129959106445,1.754649996757507,1.751829981803894,1.7525700330734253
2022-03-28 03:00:00+01:00,1.752519965171814,1.7527400255203247,1.748890042304993,1.749459981918335
2022-03-28 04:00:00+01:00,1.7494800090789795,1.750499963760376,1.7473700046539309,1.7479100227355957
2022-03-28 05:00:00+01:00,1.7479000091552734,1.7482600212097168,1.7459700107574463,1.7475800514221191
2022-03-28 06:00:00+01:00,1.7475299835205078,1.7486399412155151,1.7457200288772583,1.7475600242614746
2022-03-28 07:00:00+01:00,1.7475500106811523,1.7504099607467651,1.7469799518585205,1.750300049781799
2022-03-28 08:00:00+01:00,1.7503199577331543,1.751099944114685,1.7453700304031372,1.7463699579238892
2022-03-28 09:00:00+01:00,1.7463899850845337,1.7481600046157837,1.7440999746322632,1.7480000257492063
2022-03-28 10:00:00+01:00,1.7480800151824951,1.748960018157959,1.7444000244140625,1.745319962501526
2022-03-28 11:00:00+01:00,1.745319962501526,1.7513999938964844,1.7446999549865725,1.7496000528335571
2022-03-28 12:00:00+01:00,1.7496000528335571,1.7498400211334229,1.7444700002670288,1.7460099458694458
2022-03-28 13:00:00+01:00,1.7460500001907349,1.7461700439453125,1.7427799701690674,1.7452499866485596
2022-03-28 14:00:00+01:00,1.745329976081848,1.7503399848937988,1.744989991188049,1.7497800588607788
2022-03-28 15:00:00+01:00,1.7497700452804563,1.751479983329773,1.7490099668502808,1.7496099472045898
2022-03-28 16:00:00+01:00,1.7496299743652344,1.750499963760376,1.7474199533462524,1.749109983444214
2022-03-28 17:00:00+01:00,1.749119997024536,1.7493900060653689,1.7464599609375,1.7467399835586548
2022-03-28 18:00:00+01:00,1.7467399835586548,1.74836003780365,1.746340036392212,1.747339963912964
2022-03-28 19:00:00+01:00,1.7473700046539309,1.747599959373474,1.7453999519348145,1.7461899518966677
2022-03-28 20:00:00+01:00,1.7462799549102783,1.7493799924850464,1.745710015296936,1.747089982032776
2022-03-28 21:00:00+01:00,1.74714994430542,1.7481800317764282,1.7459900379180908,1.7465900182724
2022-03-28 22:00:00+01:00,1.7465900182724,1.748579978942871,1.7457000017166138,1.747979998588562
2022-03-28 23:00:00+01:00,1.748110055923462,1.748710036277771,1.7466000318527222,1.7473299503326416
2022-03-29 00:00:00+01:00,1.7476199865341189,1.7477600574493408,1.7450599670410156,1.7471699714660645
2022-03-29 01:00:00+01:00,1.747230052947998,1.7507799863815308,1.7464900016784668,1.7497700452804563
2022-03-29 02:00:00+01:00,1.749899983406067,1.7509599924087524,1.7481399774551392,1.748810052871704
2022-03-29 03:00:00+01:00,1.7487800121307373,1.7499200105667114,1.7477400302886963,1.748829960823059
2022-03-29 04:00:00+01:00,1.7487200498580933,1.7514100074768066,1.748280048370361,1.7501499652862549
2022-03-29 05:00:00+01:00,1.7501499652862549,1.7504899501800537,1.7488499879837036,1.7499500513076782
2022-03-29 06:00:00+01:00,1.749959945678711,1.7502100467681885,1.7459800243377686,1.746649980545044
2022-03-29 07:00:00+01:00,1.7466599941253662,1.7481199502944946,1.743399977684021,1.744629979133606
2022-03-29 08:00:00+01:00,1.7446500062942505,1.746019959449768,1.7424099445343018,1.745319962501526
2022-03-29 09:00:00+01:00,1.7453399896621704,1.7482600212097168,1.7445800304412842,1.7454999685287476
2022-03-29 10:00:00+01:00,1.745460033416748,1.7472000122070312,1.743899941444397,1.7446199655532837
2022-03-29 11:00:00+01:00,1.744760036468506,1.7481600046157837,1.7442500591278076,1.7470200061798096
2022-03-29 12:00:00+01:00,1.747040033340454,1.751109957695007,1.7434500455856323,1.749269962310791
2022-03-29 13:00:00+01:00,1.7492899894714355,1.7619999647140503,1.748460054397583,1.7567600011825562
2022-03-29 14:00:00+01:00,1.756659984588623,1.7581700086593628,1.7530399560928345,1.753440022468567
2022-03-29 15:00:00+01:00,1.7533400058746338,1.754390001296997,1.7498899698257446,1.750749945640564
2022-03-29 16:00:00+01:00,1.750599980354309,1.75246000289917,1.7486200332641602,1.7490899562835691
2022-03-29 17:00:00+01:00,1.7492400407791138,1.7505099773406982,1.746150016784668,1.7474700212478638
2022-03-29 18:00:00+01:00,1.7473900318145752,1.7476199865341189,1.744189977645874,1.7452399730682373
2022-03-29 19:00:00+01:00,1.7453399896621704,1.7455999851226809,1.7419300079345703,1.7427599430084229
2022-03-29 20:00:00+01:00,1.7425700426101685,1.744230031967163,1.741860032081604,1.743280053138733
2022-03-29 21:00:00+01:00,1.7431600093841553,1.744189977645874,1.7422900199890137,1.7425800561904907
2022-03-29 22:00:00+01:00,1.7426999807357788,1.7447199821472168,1.7414599657058716,1.743399977684021
2022-03-29 23:00:00+01:00,1.7436100244522097,1.7441799640655518,1.740440011024475,1.7416900396347046
2022-03-30 00:00:00+01:00,1.7417000532150269,1.7428200244903564,1.740939974784851,1.7423399686813354
2022-03-30 01:00:00+01:00,1.7423499822616575,1.7449699640274048,1.7416499853134155,1.7439299821853638
2022-03-30 02:00:00+01:00,1.7439899444580078,1.7460399866104126,1.7425800561904907,1.7431800365447998
2022-03-30 03:00:00+01:00,1.7432899475097656,1.74521005153656,1.742169976234436,1.7446999549865725
2022-03-30 04:00:00+01:00,1.744760036468506,1.74576997756958,1.7426300048828125,1.74344003200531
2022-03-30 05:00:00+01:00,1.7434200048446655,1.7434899806976318,1.739799976348877,1.7409299612045288
2022-03-30 06:00:00+01:00,1.7409299612045288,1.7428900003433228,1.7395299673080444,1.7424099445343018
2022-03-30 07:00:00+01:00,1.742419958114624,1.7434899806976318,1.7405200004577637,1.7425600290298462
2022-03-30 08:00:00+01:00,1.742550015449524,1.7475700378417969,1.7407900094985962,1.746899962425232
2022-03-30 09:00:00+01:00,1.7468199729919434,1.7494200468063354,1.7453800439834597,1.748710036277771
2022-03-30 10:00:00+01:00,1.7488000392913818,1.7521699666976929,1.7475600242614746,1.7506799697875977
2022-03-30 11:00:00+01:00,1.75068998336792,1.7512999773025513,1.7449699640274048,1.7465900182724
2022-03-30 12:00:00+01:00,1.7465900182724,1.750349998474121,1.7451200485229492,1.7501800060272217
2022-03-30 13:00:00+01:00,1.750309944152832,1.7529200315475464,1.7486799955368042,1.7500799894332886
2022-03-30 14:00:00+01:00,1.7501200437545776,1.7523800134658811,1.7475299835205078,1.7516000270843506
2022-03-30 15:00:00+01:00,1.7516000270843506,1.7524199485778809,1.7488499879837036,1.7501699924468994
2022-03-30 16:00:00+01:00,1.7502000331878662,1.7532700300216677,1.7501300573349,1.751420021057129
2022-03-30 17:00:00+01:00,1.751479983329773,1.7519099712371826,1.7479499578475952,1.7486000061035156
2022-03-30 18:00:00+01:00,1.7486000061035156,1.749079942703247,1.747089982032776,1.747499942779541
2022-03-30 19:00:00+01:00,1.7475600242614746,1.749940037727356,1.7467999458312988,1.7497999668121338
2022-03-30 20:00:00+01:00,1.7498400211334229,1.7504899501800537,1.748289942741394,1.7488399744033811
2022-03-30 21:00:00+01:00,1.7488399744033811,1.7489900588989258,1.747789978981018,1.7485899925231934
2022-03-30 22:00:00+01:00,1.748289942741394,1.7490500211715698,1.7466599941253662,1.7483199834823608
2022-03-30 23:00:00+01:00,1.7483099699020386,1.75,1.747249960899353,1.7498699426651
2022-03-31 00:00:00+01:00,1.7499500513076782,1.752210021018982,1.749019980430603,1.75108003616333
2022-03-31 01:00:00+01:00,1.751139998435974,1.7514400482177734,1.7457599639892578,1.7495900392532349
2022-03-31 02:00:00+01:00,1.7496000528335571,1.7511500120162964,1.7487200498580933,1.7498899698257446
2022-03-31 03:00:00+01:00,1.7498699426651,1.749940037727356,1.748170018196106,1.748870015144348
2022-03-31 04:00:00+01:00,1.748870015144348,1.7527300119400024,1.748289942741394,1.7520699501037598
2022-03-31 05:00:00+01:00,1.752020001411438,1.7530499696731567,1.7511800527572632,1.7530100345611572
2022-03-31 06:00:00+01:00,1.753000020980835,1.7538100481033323,1.751479983329773,1.7537100315093994
2022-03-31 07:00:00+01:00,1.7538100481033323,1.7573399543762207,1.752910017967224,1.7564599514007568
2022-03-31 08:00:00+01:00,1.7564799785614014,1.758739948272705,1.754670023918152,1.7550499439239502
2022-03-31 09:00:00+01:00,1.7550499439239502,1.7574100494384766,1.7536300420761108,1.754830002784729
2022-03-31 10:00:00+01:00,1.7548400163650513,1.756659984588623,1.7512600421905518,1.7525999546051023
2022-03-31 11:00:00+01:00,1.752500057220459,1.753209948539734,1.7502599954605105,1.7516800165176392
2022-03-31 12:00:00+01:00,1.7517600059509275,1.7543699741363523,1.7515499591827393,1.7539900541305542
2022-03-31 13:00:00+01:00,1.7540099620819092,1.7543599605560305,1.7513699531555176,1.753440022468567
2022-03-31 14:00:00+01:00,1.7534500360488892,1.753640055656433,1.7486900091171265,1.7512600421905518
2022-03-31 15:00:00+01:00,1.751330018043518,1.7538199424743652,1.7499200105667114,1.7528200149536133
2022-03-31 16:00:00+01:00,1.7529699802398682,1.75478994846344,1.751579999923706,1.7538599967956543
2022-03-31 17:00:00+01:00,1.7538599967956543,1.754639983177185,1.7522399425506592,1.752650022506714
2022-03-31 18:00:00+01:00,1.752650022506714,1.7539499998092651,1.752020001411438,1.7528400421142578
2022-03-31 19:00:00+01:00,1.753000020980835,1.7550699710845947,1.7525999546051023,1.7540700435638428
2022-03-31 20:00:00+01:00,1.754080057144165,1.7556999921798706,1.753309965133667,1.7555500268936155
2022-03-31 21:00:00+01:00,1.7553399801254272,1.7564300298690796,1.754289984703064,1.7550899982452393
2022-03-31 22:00:00+01:00,1.7549699544906616,1.7573000192642212,1.7519400119781494,1.7547800540924072
2022-03-31 23:00:00+01:00,1.7545599937438965,1.75586998462677,1.7530200481414795,1.75518000125885
2022-04-01 00:00:00+01:00,1.7553499937057495,1.7554399967193604,1.7536200284957886,1.7545900344848633
2022-04-01 01:00:00+01:00,1.7545900344848633,1.756119966506958,1.753559947013855,1.7556899785995483
2022-04-01 02:00:00+01:00,1.7556500434875488,1.756410002708435,1.7540099620819092,1.7551499605178833
2022-04-01 03:00:00+01:00,1.7551499605178833,1.7557799816131592,1.7536699771881104,1.7555400133132937
2022-04-01 04:00:00+01:00,1.7556400299072266,1.7560700178146362,1.7538199424743652,1.7542699575424194
2022-04-01 05:00:00+01:00,1.7542699575424194,1.756440043449402,1.7537100315093994,1.7559800148010254
2022-04-01 06:00:00+01:00,1.7560299634933472,1.7576099634170532,1.75518000125885,1.756719946861267
2022-04-01 07:00:00+01:00,1.7566499710083008,1.7570899724960327,1.754580020904541,1.755010008811951
2022-04-01 08:00:00+01:00,1.755020022392273,1.7550599575042725,1.7498400211334229,1.7510700225830078
2022-04-01 09:00:00+01:00,1.7509700059890747,1.7511999607086182,1.745270013809204,1.7473299503326416
2022-04-01 10:00:00+01:00,1.7473100423812866,1.748280048370361,1.7456599473953247,1.7461999654769895
2022-04-01 11:00:00+01:00,1.7462400197982788,1.7501699924468994,1.7460399866104126,1.749210000038147
2022-04-01 12:00:00+01:00,1.7491799592971802,1.7496800422668457,1.7461199760437012,1.7461600303649902
2022-04-01 13:00:00+01:00,1.7461899518966677,1.747099995613098,1.7429800033569336,1.744979977607727
2022-04-01 14:00:00+01:00,1.7448300123214722,1.7463899850845337,1.7437700033187866,1.7456599473953247
2022-04-01 15:00:00+01:00,1.7455999851226809,1.7500499486923218,1.7448099851608276,1.7498799562454224
2022-04-01 16:00:00+01:00,1.749940037727356,1.7500799894332886,1.7475800514221191,1.7497700452804563
2022-04-01 17:00:00+01:00,1.7495900392532349,1.7508200407028198,1.7491300106048584,1.750100016593933
2022-04-01 18:00:00+01:00,1.7501800060272217,1.750789999961853,1.7476600408554075,1.7480499744415283
2022-04-01 19:00:00+01:00,1.7481800317764282,1.7486599683761597,1.747059941291809,1.7482500076293943
2022-04-01 20:00:00+01:00,1.7483899593353271,1.748669981956482,1.7470300197601318,1.7473700046539309
2022-04-01 21:00:00+01:00,1.747499942779541,1.7500900030136108,1.746399998664856,1.747480034828186
2022-04-01 22:00:00+01:00,1.748479962348938,1.748479962348938,1.748479962348938,1.748479962348938
2022-04-04 00:00:00+01:00,1.7497299909591677,1.7506799697875977,1.7486499547958374,1.7505600452423096
2022-04-04 01:00:00+01:00,1.7505600452423096,1.750939965248108,1.7484099864959717,1.7498600482940674
2022-04-04 02:00:00+01:00,1.7497700452804563,1.7500799894332886,1.7471100091934204,1.7473200559616089
2022-04-04 03:00:00+01:00,1.747349977493286,1.7474199533462524,1.745300054550171,1.7457400560379028
2022-04-04 04:00:00+01:00,1.7456899881362915,1.7468500137329102,1.7448300123214722,1.7451900243759155
2022-04-04 05:00:00+01:00,1.7451800107955933,1.7466399669647217,1.744770050048828,1.7465800046920776
2022-04-04 06:00:00+01:00,1.7465699911117554,1.7482500076293943,1.7453900575637815,1.746870040893555
2022-04-04 07:00:00+01:00,1.7468899488449097,1.747939944267273,1.745859980583191,1.746250033378601
2022-04-04 08:00:00+01:00,1.7463300228118896,1.7489800453186035,1.7449100017547607,1.7452800273895264
2022-04-04 09:00:00+01:00,1.745350003242493,1.7470099925994873,1.7437200546264648,1.7452900409698486
2022-04-04 10:00:00+01:00,1.7452499866485596,1.7470699548721311,1.7445499897003174,1.7452199459075928
2022-04-04 11:00:00+01:00,1.7452199459075928,1.7465399503707886,1.7436699867248535,1.7443699836730957
2022-04-04 12:00:00+01:00,1.744379997253418,1.745579957962036,1.7436800003051758,1.7444700002670288
2022-04-04 13:00:00+01:00,1.7443699836730957,1.7468500137329102,1.743280053138733,1.7436599731445312
2022-04-04 14:00:00+01:00,1.7437000274658203,1.74481999874115,1.7421799898147583,1.7442400455474854
2022-04-04 15:00:00+01:00,1.7442500591278076,1.7457400560379028,1.7382500171661377,1.7386499643325806
2022-04-04 16:00:00+01:00,1.7386300563812256,1.739259958267212,1.7358800172805786,1.7374500036239624
2022-04-04 17:00:00+01:00,1.7374500036239624,1.738019943237305,1.736299991607666,1.7376600503921509
2022-04-04 18:00:00+01:00,1.7378100156784058,1.7379499673843384,1.7364799976348877,1.7369799613952637
2022-04-04 19:00:00+01:00,1.7369799613952637,1.7382899522781372,1.7365200519561768,1.737429976463318
2022-04-04 20:00:00+01:00,1.7373499870300293,1.7391200065612793,1.7364200353622437,1.7383500337600708
2022-04-04 21:00:00+01:00,1.7384799718856812,1.7387900352478027,1.73743999004364,1.7383999824523926
2022-04-04 22:00:00+01:00,1.7380499839782717,1.7390600442886353,1.7368899583816528,1.7385300397872925
2022-04-04 23:00:00+01:00,1.7382899522781372,1.738919973373413,1.737130045890808,1.738319993019104
2022-04-05 00:00:00+01:00,1.7385400533676147,1.738860011100769,1.7370400428771973,1.7381900548934937
2022-04-05 01:00:00+01:00,1.738219976425171,1.739549994468689,1.736899971961975,1.7382299900054932
2022-04-05 02:00:00+01:00,1.7382700443267822,1.7404099702835083,1.7379200458526611,1.739959955215454
2022-04-05 03:00:00+01:00,1.739989995956421,1.7401000261306765,1.7389400005340576,1.7395600080490112
2022-04-05 04:00:00+01:00,1.7396199703216553,1.7400000095367432,1.738610029220581,1.739490032196045
2022-04-05 05:00:00+01:00,1.7394200563430786,1.7397199869155884,1.7251800298690796,1.726580023765564
2022-04-05 06:00:00+01:00,1.7265900373458862,1.7273499965667725,1.7237099409103394,1.7244700193405151
2022-04-05 07:00:00+01:00,1.7244700193405151,1.725250005722046,1.722219944000244,1.7230299711227417
2022-04-05 08:00:00+01:00,1.7230499982833862,1.723829984664917,1.7193200588226318,1.7200900316238403
2022-04-05 09:00:00+01:00,1.720080018043518,1.7215499877929688,1.7173199653625488,1.7174899578094482
2022-04-05 10:00:00+01:00,1.7175500392913818,1.721959948539734,1.7171200513839722,1.7211099863052368
2022-04-05 11:00:00+01:00,1.7211400270462036,1.7230199575424194,1.7202600240707395,1.7210500240325928
2022-04-05 12:00:00+01:00,1.721060037612915,1.722059965133667,1.7189300060272217,1.720229983329773
2022-04-05 13:00:00+01:00,1.720289945602417,1.7221399545669556,1.7197500467300415,1.7203099727630615
2022-04-05 14:00:00+01:00,1.7202399969100952,1.7213499546051023,1.7190200090408323,1.719670057296753
2022-04-05 15:00:00+01:00,1.719630002975464,1.7245399951934814,1.718119978904724,1.7223600149154663
2022-04-05 16:00:00+01:00,1.7223600149154663,1.7260600328445437,1.7209500074386597,1.7246700525283811
2022-04-05 17:00:00+01:00,1.7247099876403809,1.7264399528503418,1.723389983177185,1.723620057106018
2022-04-05 18:00:00+01:00,1.7236900329589844,1.7239999771118164,1.7217700481414795,1.7229299545288086
2022-04-05 19:00:00+01:00,1.7229000329971311,1.7237900495529177,1.7215399742126465,1.7223299741744995
2022-04-05 20:00:00+01:00,1.7223399877548218,1.7258299589157104,1.7220900058746338,1.725600004196167
2022-04-05 21:00:00+01:00,1.7255899906158447,1.7259700298309326,1.7235599756240845,1.7242499589920044
2022-04-05 22:00:00+01:00,1.7237499952316284,1.7262400388717651,1.7226699590682983,1.7249499559402466
2022-04-05 23:00:00+01:00,1.7250299453735352,1.7252700328826904,1.723399996757507,1.7245800495147705
2022-04-06 00:00:00+01:00,1.7245999574661257,1.7248799800872805,1.722790002822876,1.723829984664917
2022-04-06 01:00:00+01:00,1.7238800525665283,1.7239500284194946,1.7213000059127808,1.723760008811951
2022-04-06 02:00:00+01:00,1.723770022392273,1.7276099920272827,1.7229000329971311,1.727300047874451
2022-04-06 03:00:00+01:00,1.7273499965667725,1.7274500131607056,1.725059986114502,1.7272499799728394
2022-04-06 04:00:00+01:00,1.7273399829864502,1.7277100086212158,1.7256799936294556,1.7261600494384766
2022-04-06 05:00:00+01:00,1.7261199951171875,1.7261899709701538,1.7242499589920044,1.7249000072479248
2022-04-06 06:00:00+01:00,1.724910020828247,1.7254400253295898,1.7235499620437622,1.7251299619674685
2022-04-06 07:00:00+01:00,1.7251299619674685,1.7252899408340454,1.7216399908065796,1.7221399545669556
2022-04-06 08:00:00+01:00,1.7221499681472778,1.7242799997329712,1.7201600074768066,1.724009990692139
2022-04-06 09:00:00+01:00,1.7240699529647827,1.727869987487793,1.7235900163650513,1.7273800373077393
2022-04-06 10:00:00+01:00,1.7273800373077393,1.728790044784546,1.7262099981307983,1.726889967918396
2022-04-06 11:00:00+01:00,1.7268099784851074,1.729550004005432,1.7259900569915771,1.7280000448226929
2022-04-06 12:00:00+01:00,1.7280499935150146,1.7288700342178345,1.727139949798584,1.728219985961914
2022-04-06 13:00:00+01:00,1.7282700538635254,1.7307000160217283,1.7269200086593628,1.73062002658844
2022-04-06 14:00:00+01:00,1.7305899858474731,1.7308199405670166,1.7279000282287598,1.7305899858474731
2022-04-06 15:00:00+01:00,1.7306100130081177,1.7373900413513184,1.728909969329834,1.7369099855422974
2022-04-06 16:00:00+01:00,1.7369099855422974,1.7372699975967407,1.7335599660873413,1.7343000173568726
2022-04-06 17:00:00+01:00,1.7343000173568726,1.7375600337982178,1.7337299585342407,1.7360399961471558
2022-04-06 18:00:00+01:00,1.736009955406189,1.7378499507904053,1.7356200218200684,1.7372499704360962
2022-04-06 19:00:00+01:00,1.737220048904419,1.7437299489974976,1.7334699630737305,1.7402900457382202
2022-04-06 20:00:00+01:00,1.7402399778366089,1.7412099838256836,1.7391799688339231,1.7409299612045288
2022-04-06 21:00:00+01:00,1.740880012512207,1.7411799430847168,1.7367600202560425,1.7395199537277222
2022-04-06 22:00:00+01:00,1.73743999004364,1.740779995918274,1.7367600202560425,1.7382999658584597
2022-04-06 23:00:00+01:00,1.739590048789978,1.7400799989700315,1.7379100322723389,1.738569974899292
2022-04-07 00:00:00+01:00,1.7388299703598022,1.7417000532150269,1.7377599477767944,1.7413699626922607
2022-04-07 01:00:00+01:00,1.741479992866516,1.7428900003433228,1.7398099899291992,1.7419400215148926
2022-04-07 02:00:00+01:00,1.7418999671936035,1.7451599836349487,1.740839958190918,1.7450900077819824
2022-04-07 03:00:00+01:00,1.7451200485229492,1.7475199699401855,1.7446000576019287,1.7469099760055542
2022-04-07 04:00:00+01:00,1.7468199729919434,1.7484400272369385,1.7460500001907349,1.7483899593353271
2022-04-07 05:00:00+01:00,1.7483799457550049,1.749619960784912,1.7479900121688845,1.749119997024536
2022-04-07 06:00:00+01:00,1.7491300106048584,1.7499699592590332,1.7475700378417969,1.748729944229126
2022-04-07 07:00:00+01:00,1.7486399412155151,1.749060034751892,1.7464599609375,1.7485699653625488
2022-04-07 08:00:00+01:00,1.7485599517822266,1.7511199712753296,1.7481199502944946,1.7485500574111938
2022-04-07 09:00:00+01:00,1.7484999895095823,1.750440001487732,1.7478899955749512,1.7484099864959717
2022-04-07 10:00:00+01:00,1.7484099864959717,1.7493400573730469,1.746649980545044,1.7487399578094482
2022-04-07 11:00:00+01:00,1.7487499713897705,1.7497400045394895,1.7471699714660645,1.7477500438690186
2022-04-07 12:00:00+01:00,1.747849941253662,1.7500699758529663,1.7471100091934204,1.7476500272750854
2022-04-07 13:00:00+01:00,1.7477400302886963,1.7491300106048584,1.7458300590515137,1.7474700212478638
2022-04-07 14:00:00+01:00,1.7474700212478638,1.7486900091171265,1.7458200454711914,1.7461600303649902
2022-04-07 15:00:00+01:00,1.746269941329956,1.74836003780365,1.7452000379562378,1.747849941253662
2022-04-07 16:00:00+01:00,1.747849941253662,1.749079942703247,1.7470799684524536,1.7478300333023071
2022-04-07 17:00:00+01:00,1.747879981994629,1.748520016670227,1.7464699745178225,1.747499942779541
2022-04-07 18:00:00+01:00,1.747499942779541,1.7484099864959717,1.746649980545044,1.7472000122070312
2022-04-07 19:00:00+01:00,1.7472000122070312,1.7479499578475952,1.7456200122833252,1.746840000152588
2022-04-07 20:00:00+01:00,1.746840000152588,1.7485100030899048,1.7461999654769895,1.748329997062683
2022-04-07 21:00:00+01:00,1.7482999563217163,1.7484400272369385,1.7472699880599976,1.7479300498962402
2022-04-07 22:00:00+01:00,1.7474100589752195,1.7486499547958374,1.74590003490448,1.747499942779541
2022-04-07 23:00:00+01:00,1.747480034828186,1.7483700513839722,1.7468899488449097,1.7474000453948977
2022-04-08 00:00:00+01:00,1.7474100589752195,1.7480499744415283,1.7461800575256348,1.7474700212478638
2022-04-08 01:00:00+01:00,1.7475099563598633,1.748289942741394,1.7457300424575806,1.74753999710083
2022-04-08 02:00:00+01:00,1.7475700378417969,1.7488800287246704,1.746649980545044,1.747130036354065
2022-04-08 03:00:00+01:00,1.7471400499343872,1.748579978942871,1.7462400197982788,1.746840000152588
2022-04-08 04:00:00+01:00,1.7468299865722656,1.7481800317764282,1.7462999820709229,1.747849941253662
2022-04-08 05:00:00+01:00,1.7478599548339844,1.748129963874817,1.7458200454711914,1.746510028839111
2022-04-08 06:00:00+01:00,1.7465399503707886,1.747189998626709,1.7442699670791626,1.746709942817688
2022-04-08 07:00:00+01:00,1.7467399835586548,1.7480599880218506,1.7431299686431885,1.743340015411377
2022-04-08 08:00:00+01:00,1.7433799505233765,1.7479300498962402,1.7431199550628662,1.7478400468826294
2022-04-08 09:00:00+01:00,1.7476999759674072,1.7489900588989258,1.7468299865722656,1.747599959373474
2022-04-08 10:00:00+01:00,1.7476199865341189,1.749400019645691,1.746250033378601,1.748900055885315
2022-04-08 11:00:00+01:00,1.748890042304993,1.7490500211715698,1.7458399534225464,1.7463500499725342
2022-04-08 12:00:00+01:00,1.7463500499725342,1.7469199895858765,1.743880033493042,1.7467000484466553
2022-04-08 13:00:00+01:00,1.7466599941253662,1.7482199668884275,1.7438900470733645,1.7480000257492063
2022-04-08 14:00:00+01:00,1.7479499578475952,1.7496800422668457,1.747059941291809,1.7480900287628174
2022-04-08 15:00:00+01:00,1.7479699850082395,1.7489299774169922,1.745110034942627,1.74576997756958
2022-04-08 16:00:00+01:00,1.7456799745559692,1.7475099563598633,1.7449500560760498,1.746880054473877
2022-04-08 17:00:00+01:00,1.7468899488449097,1.7471599578857422,1.7458699941635132,1.746690034866333
2022-04-08 18:00:00+01:00,1.7467000484466553,1.747979998588562,1.7460700273513794,1.7470200061798096
2022-04-08 19:00:00+01:00,1.7470300197601318,1.7483799457550049,1.7464599609375,1.7476099729537964
2022-04-08 20:00:00+01:00,1.7477099895477295,1.7483099699020386,1.7469199895858765,1.7475099563598633
2022-04-08 21:00:00+01:00,1.7475600242614746,1.749519944190979,1.7452000379562378,1.7464799880981443
2022-04-08 22:00:00+01:00,1.7478699684143066,1.7478699684143066,1.7478699684143066,1.7478699684143066
2022-04-11 00:00:00+01:00,1.7473100423812866,1.7502599954605105,1.746940016746521,1.7498199939727783
2022-04-11 01:00:00+01:00,1.7499799728393557,1.751170039176941,1.7484899759292605,1.7501100301742554
2022-04-11 02:00:00+01:00,1.7501699924468994,1.7537200450897217,1.7487000226974487,1.753290057182312
2022-04-11 03:00:00+01:00,1.7532000541687012,1.7540299892425537,1.7499099969863892,1.7503399848937988
2022-04-11 04:00:00+01:00,1.750349998474121,1.7504299879074097,1.7483700513839722,1.7499899864196775
2022-04-11 05:00:00+01:00,1.7499899864196775,1.7499899864196775,1.7475199699401855,1.7478699684143066
2022-04-11 06:00:00+01:00,1.747849941253662,1.7486799955368042,1.7466399669647217,1.7484400272369385
2022-04-11 07:00:00+01:00,1.7484400272369385,1.7494900226593018,1.746870040893555,1.7490899562835691
2022-04-11 08:00:00+01:00,1.7490999698638916,1.7518500089645386,1.749019980430603,1.751670002937317
2022-04-11 09:00:00+01:00,1.7515499591827393,1.7530499696731567,1.7498400211334229,1.7528400421142578
2022-04-11 10:00:00+01:00,1.7528300285339355,1.7530800104141235,1.7502700090408323,1.7511199712753296
2022-04-11 11:00:00+01:00,1.751129984855652,1.7516499757766724,1.7491899728775024,1.751189947128296
2022-04-11 12:00:00+01:00,1.751109957695007,1.7516200542449951,1.748289942741394,1.7501499652862549
2022-04-11 13:00:00+01:00,1.7501599788665771,1.7531399726867676,1.7497199773788452,1.752619981765747
2022-04-11 14:00:00+01:00,1.7526099681854248,1.7551699876785278,1.7510099411010742,1.7546299695968628
2022-04-11 15:00:00+01:00,1.754639983177185,1.7568999528884888,1.7533199787139893,1.7553000450134275
2022-04-11 16:00:00+01:00,1.7553000450134275,1.756700038909912,1.7543400526046753,1.7562799453735352
2022-04-11 17:00:00+01:00,1.7562600374221802,1.7568000555038452,1.7551699876785278,1.7556699514389038
2022-04-11 18:00:00+01:00,1.7557300329208374,1.7566800117492676,1.754649996757507,1.7557400465011597
2022-04-11 19:00:00+01:00,1.7558200359344482,1.7563400268554688,1.7541699409484863,1.7542599439620972
2022-04-11 20:00:00+01:00,1.7542099952697754,1.756160020828247,1.7533999681472778,1.7555899620056152
2022-04-11 21:00:00+01:00,1.7556500434875488,1.7566200494766235,1.7550599575042725,1.7563300132751465
2022-04-11 22:00:00+01:00,1.7561099529266355,1.7571099996566772,1.7518500089645386,1.75586998462677
2022-04-11 23:00:00+01:00,1.75586998462677,1.7562199831008911,1.7545599937438965,1.7553000450134275
2022-04-12 00:00:00+01:00,1.7551100254058838,1.756890058517456,1.7547500133514404,1.7562700510025024
2022-04-12 01:00:00+01:00,1.7562999725341797,1.7581299543380735,1.7555299997329712,1.7573800086975098
2022-04-12 02:00:00+01:00,1.7574399709701538,1.7580499649047852,1.7546299695968628,1.75586998462677
2022-04-12 03:00:00+01:00,1.7557599544525146,1.75586998462677,1.753559947013855,1.7540199756622314
2022-04-12 04:00:00+01:00,1.754040002822876,1.7544000148773191,1.7529499530792236,1.7542200088500977
2022-04-12 05:00:00+01:00,1.7542200088500977,1.7547500133514404,1.7530900239944458,1.7538199424743652
2022-04-12 06:00:00+01:00,1.7538700103759766,1.7542699575424194,1.7510499954223633,1.7523499727249146
2022-04-12 07:00:00+01:00,1.75232994556427,1.752910017967224,1.7493400573730469,1.7513400316238403
2022-04-12 08:00:00+01:00,1.751330018043518,1.7524499893188477,1.749809980392456,1.750499963760376
2022-04-12 09:00:00+01:00,1.7504899501800537,1.7509700059890747,1.7491799592971802,1.7499899864196775
2022-04-12 10:00:00+01:00,1.7499699592590332,1.751479983329773,1.7484500408172607,1.7502100467681885
2022-04-12 11:00:00+01:00,1.7502100467681885,1.750920057296753,1.7478599548339844,1.7502000331878662
2022-04-12 12:00:00+01:00,1.7501800060272217,1.751420021057129,1.7485899925231934,1.749060034751892
2022-04-12 13:00:00+01:00,1.749079942703247,1.7502800226211548,1.7432399988174438,1.7445900440216064
2022-04-12 14:00:00+01:00,1.7446500062942505,1.7467399835586548,1.744320034980774,1.745350003242493
2022-04-12 15:00:00+01:00,1.745319962501526,1.74576997756958,1.7411199808120728,1.7422900199890137
2022-04-12 16:00:00+01:00,1.7422800064086914,1.7428799867630005,1.739609956741333,1.7414400577545166
2022-04-12 17:00:00+01:00,1.741449952125549,1.743559956550598,1.7411400079727173,1.7417000532150269
2022-04-12 18:00:00+01:00,1.7417099475860596,1.7426600456237793,1.7406799793243408,1.7422200441360474
2022-04-12 19:00:00+01:00,1.7421300411224363,1.743749976158142,1.741129994392395,1.7429200410842896
2022-04-12 20:00:00+01:00,1.7430499792099,1.7449100017547607,1.74235999584198,1.7438000440597534
2022-04-12 21:00:00+01:00,1.7438000440597534,1.744570016860962,1.742110013961792,1.7423299551010132
2022-04-12 22:00:00+01:00,1.743299961090088,1.7449699640274048,1.7413400411605835,1.7441999912261963
2022-04-12 23:00:00+01:00,1.7440099716186523,1.7441600561141968,1.741979956626892,1.7433600425720217
2022-04-13 00:00:00+01:00,1.7434699535369873,1.7443699836730957,1.7424499988555908,1.744189977645874
2022-04-13 01:00:00+01:00,1.7442599534988403,1.7454099655151367,1.743499994277954,1.7450799942016602
2022-04-13 02:00:00+01:00,1.745069980621338,1.745419979095459,1.741529941558838,1.7421400547027588
2022-04-13 03:00:00+01:00,1.7419699430465698,1.7429300546646118,1.7402700185775757,1.7415800094604492
2022-04-13 04:00:00+01:00,1.741569995880127,1.7440500259399414,1.7410800457000732,1.7430700063705444
2022-04-13 05:00:00+01:00,1.7430200576782229,1.7466399669647217,1.7427200078964231,1.7456599473953247
2022-04-13 06:00:00+01:00,1.7457300424575806,1.746880054473877,1.744320034980774,1.745609998703003
2022-04-13 07:00:00+01:00,1.7457799911499023,1.7487200498580933,1.7456300258636477,1.747230052947998
2022-04-13 08:00:00+01:00,1.747230052947998,1.747499942779541,1.7456799745559692,1.7466000318527222
2022-04-13 09:00:00+01:00,1.7466399669647217,1.7519999742507937,1.7462600469589231,1.7510700225830078
2022-04-13 10:00:00+01:00,1.751099944114685,1.752869963645935,1.7494200468063354,1.7523800134658811
2022-04-13 11:00:00+01:00,1.7524299621582031,1.753190040588379,1.7512600421905518,1.7519700527191162
2022-04-13 12:00:00+01:00,1.7519700527191162,1.7540099620819092,1.7511999607086182,1.7529799938201904
2022-04-13 13:00:00+01:00,1.753000020980835,1.7556899785995483,1.7524499893188477,1.75409996509552
2022-04-13 14:00:00+01:00,1.7540899515151978,1.7579200267791748,1.7538100481033323,1.7559399604797363
2022-04-13 15:00:00+01:00,1.7559200525283811,1.7596999406814575,1.7551000118255615,1.7590099573135376
2022-04-13 16:00:00+01:00,1.7590099573135376,1.7602499723434448,1.757390022277832,1.7594799995422363
2022-04-13 17:00:00+01:00,1.7594399452209473,1.7602699995040894,1.7586300373077393,1.7596800327301023
2022-04-13 18:00:00+01:00,1.7597399950027466,1.7604299783706665,1.7591700553894043,1.7595100402832031
2022-04-13 19:00:00+01:00,1.7595000267028809,1.7609000205993652,1.7590800523757937,1.7605799436569214
2022-04-13 20:00:00+01:00,1.7606600522994995,1.761019945144653,1.7591300010681152,1.7604700326919556
2022-04-13 21:00:00+01:00,1.7604700326919556,1.760990023612976,1.7591099739074707,1.7598199844360352
2022-04-13 22:00:00+01:00,1.7597099542617798,1.7603000402450562,1.7563999891281128,1.75941002368927
2022-04-13 23:00:00+01:00,1.759619951248169,1.7607100009918213,1.7586699724197388,1.7603100538253784
2022-04-14 00:00:00+01:00,1.760540008544922,1.7614500522613523,1.7595900297164917,1.760640025138855
2022-04-14 01:00:00+01:00,1.7606799602508545,1.760830044746399,1.7571500539779663,1.759179949760437
2022-04-14 02:00:00+01:00,1.759179949760437,1.7630599737167358,1.7571699619293213,1.7615000009536743
2022-04-14 03:00:00+01:00,1.761489987373352,1.762619972229004,1.7595000267028809,1.7600300312042236
2022-04-14 04:00:00+01:00,1.7601300477981567,1.761330008506775,1.7587499618530271,1.760800004005432
2022-04-14 05:00:00+01:00,1.7609000205993652,1.7623300552368164,1.7606699466705322,1.7614400386810305
2022-04-14 06:00:00+01:00,1.7614099979400637,1.7618900537490845,1.760409951210022,1.761039972305298
2022-04-14 07:00:00+01:00,1.761080026626587,1.7623300552368164,1.759559988975525,1.7620400190353394
2022-04-14 08:00:00+01:00,1.7620899677276611,1.7642600536346436,1.7613699436187744,1.763659954071045
2022-04-14 09:00:00+01:00,1.7637399435043335,1.764799952507019,1.7626299858093262,1.7632100582122805
2022-04-14 10:00:00+01:00,1.763159990310669,1.7646600008010864,1.7625199556350708,1.762869954109192
2022-04-14 11:00:00+01:00,1.7628300189971924,1.765169978141785,1.7624800205230713,1.76514995098114
2022-04-14 12:00:00+01:00,1.765089988708496,1.766409993171692,1.7619099617004397,1.763149976730347
2022-04-14 13:00:00+01:00,1.7631200551986694,1.7636200189590454,1.7609100341796875,1.761579990386963
2022-04-14 14:00:00+01:00,1.7615100145339966,1.7619999647140503,1.757349967956543,1.7579100131988523
2022-04-14 15:00:00+01:00,1.7578599452972412,1.7610599994659424,1.756309986114502,1.759909987449646
2022-04-14 16:00:00+01:00,1.7599300146102903,1.763659954071045,1.7588800191879272,1.7625999450683594
2022-04-14 17:00:00+01:00,1.762619972229004,1.763159990310669,1.7611299753189087,1.7613099813461304
2022-04-14 18:00:00+01:00,1.761299967765808,1.762320041656494,1.760450005531311,1.7615200281143188
2022-04-14 19:00:00+01:00,1.7618299722671509,1.763800024986267,1.76118004322052,1.7632900476455688
2022-04-14 20:00:00+01:00,1.7632900476455688,1.7635999917984009,1.7620500326156616,1.7632399797439575
2022-04-14 21:00:00+01:00,1.7632399797439575,1.7641600370407104,1.7602499723434448,1.760759949684143
2022-04-14 22:00:00+01:00,1.7606500387191772,1.7636799812316897,1.7593200206756592,1.7622699737548828
2022-04-14 23:00:00+01:00,1.762369990348816,1.7641600370407104,1.7600500583648682,1.7622499465942385
2022-04-15 00:00:00+01:00,1.7621599435806274,1.7647700309753418,1.7602699995040894,1.76282000541687
2022-04-15 01:00:00+01:00,1.7632299661636353,1.7643200159072876,1.760640025138855,1.7631900310516355
2022-04-15 02:00:00+01:00,1.7629400491714478,1.7639700174331665,1.7612099647521973,1.7632399797439575
2022-04-15 03:00:00+01:00,1.7632800340652466,1.764919996261597,1.761970043182373,1.7646199464797974
2022-04-15 04:00:00+01:00,1.764490008354187,1.76528000831604,1.7626999616622925,1.7639000415802002
2022-04-15 05:00:00+01:00,1.7645100355148315,1.7654000520706177,1.763319969177246,1.7649099826812744
2022-04-15 06:00:00+01:00,1.7643799781799316,1.7658900022506714,1.762850046157837,1.7648500204086304
2022-04-15 07:00:00+01:00,1.764870047569275,1.765220046043396,1.7614699602127075,1.7629499435424805
2022-04-15 08:00:00+01:00,1.7627400159835815,1.7660000324249268,1.7621699571609497,1.7655999660491943
2022-04-15 09:00:00+01:00,1.7654999494552612,1.7659900188446045,1.7599999904632568,1.7626899480819702
2022-04-15 10:00:00+01:00,1.7626099586486816,1.76433002948761,1.7616100311279297,1.7633399963378906
2022-04-15 11:00:00+01:00,1.7633099555969238,1.7646000385284424,1.762320041656494,1.7639399766921997
2022-04-15 12:00:00+01:00,1.7639399766921997,1.7652000188827517,1.762910008430481,1.7640299797058103
2022-04-15 13:00:00+01:00,1.764080047607422,1.764989972114563,1.763010025024414,1.76419997215271
2022-04-15 14:00:00+01:00,1.7642099857330322,1.765679955482483,1.763159990310669,1.7651900053024292
2022-04-15 15:00:00+01:00,1.7653499841690063,1.765679955482483,1.7630499601364136,1.7644799947738647
2022-04-15 16:00:00+01:00,1.7644799947738647,1.7666399478912354,1.763069987297058,1.766260027885437
2022-04-15 17:00:00+01:00,1.7654199600219729,1.7670899629592896,1.7632800340652466,1.7662299871444702
2022-04-15 18:00:00+01:00,1.7661800384521484,1.7670400142669678,1.7650699615478516,1.7661499977111816
2022-04-15 19:00:00+01:00,1.766129970550537,1.7672100067138672,1.7653199434280396,1.7664599418640137
2022-04-15 20:00:00+01:00,1.7664899826049805,1.7670400142669678,1.7648500204086304,1.7659300565719604
2022-04-15 21:00:00+01:00,1.766160011291504,1.7672699689865112,1.7632299661636353,1.7653199434280396
2022-04-15 22:00:00+01:00,1.7652900218963623,1.7652900218963623,1.7652900218963623,1.7652900218963623
2022-04-18 00:00:00+01:00,1.7644000053405762,1.7659399509429932,1.7641299962997437,1.765120029449463
2022-04-18 01:00:00+01:00,1.7651400566101074,1.7661499977111816,1.7644399404525757,1.766029953956604
2022-04-18 02:00:00+01:00,1.76610004901886,1.7672300338745115,1.7653800249099731,1.7668999433517456
2022-04-18 03:00:00+01:00,1.766909956932068,1.76842999458313,1.765660047531128,1.7683600187301636
2022-04-18 04:00:00+01:00,1.7683600187301636,1.7706700563430786,1.767930030822754,1.770300030708313
2022-04-18 05:00:00+01:00,1.7703100442886353,1.7711399793624878,1.7691199779510498,1.7704999446868896
2022-04-18 06:00:00+01:00,1.7705800533294678,1.77197003364563,1.7698800563812256,1.7709100246429443
2022-04-18 07:00:00+01:00,1.7709499597549438,1.7713700532913208,1.768460035324097,1.7688000202178955
2022-04-18 08:00:00+01:00,1.7688599824905396,1.769219994544983,1.7653800249099731,1.765679955482483
2022-04-18 09:00:00+01:00,1.7656400203704834,1.7678099870681765,1.765429973602295,1.767259955406189
2022-04-18 10:00:00+01:00,1.7672200202941897,1.7676199674606323,1.765820026397705,1.7664999961853027
2022-04-18 11:00:00+01:00,1.7664599418640137,1.7684099674224854,1.7658699750900269,1.7677799463272097
2022-04-18 12:00:00+01:00,1.7676500082015991,1.769760012626648,1.7672300338745115,1.7695900201797483
2022-04-18 13:00:00+01:00,1.7696000337600708,1.7703399658203125,1.7677600383758545,1.7683600187301636
2022-04-18 14:00:00+01:00,1.768380045890808,1.769279956817627,1.766800045967102,1.7681900262832642
2022-04-18 15:00:00+01:00,1.7682100534439087,1.769870042800903,1.7670799493789673,1.7695000171661377
2022-04-18 16:00:00+01:00,1.7694900035858154,1.770990014076233,1.7686599493026731,1.770419955253601
2022-04-18 17:00:00+01:00,1.7703900337219238,1.7705800533294678,1.7689199447631836,1.7695900201797483
2022-04-18 18:00:00+01:00,1.7695300579071045,1.770679950714111,1.7688499689102173,1.769189953804016
2022-04-18 19:00:00+01:00,1.769269943237305,1.7701900005340576,1.7686599493026731,1.7698999643325806
2022-04-18 20:00:00+01:00,1.7699799537658691,1.7710200548171997,1.7692300081253052,1.770210027694702
2022-04-18 21:00:00+01:00,1.7701799869537354,1.7729500532150269,1.768970012664795,1.770799994468689
2022-04-18 22:00:00+01:00,1.7707799673080444,1.771589994430542,1.76842999458313,1.769129991531372
2022-04-18 23:00:00+01:00,1.7691700458526611,1.7700999975204468,1.7675199508666992,1.7678300142288208
2022-04-19 00:00:00+01:00,1.767490029335022,1.7689100503921509,1.7670199871063232,1.7678899765014648
2022-04-19 01:00:00+01:00,1.7679799795150757,1.768779993057251,1.7658599615097046,1.7682600021362305
2022-04-19 02:00:00+01:00,1.7683000564575195,1.7690500020980835,1.766080021858215,1.7673100233078003
2022-04-19 03:00:00+01:00,1.7672499418258667,1.768630027770996,1.7656400203704834,1.766010046005249
2022-04-19 04:00:00+01:00,1.7660200595855713,1.766219973564148,1.763990044593811,1.7654399871826172
2022-04-19 05:00:00+01:00,1.7654500007629397,1.7657599449157717,1.7620199918746948,1.762809991836548
2022-04-19 06:00:00+01:00,1.762760043144226,1.7640000581741333,1.7615000009536743,1.763100028038025
2022-04-19 07:00:00+01:00,1.7631200551986694,1.7631700038909912,1.761139988899231,1.762470006942749
2022-04-19 08:00:00+01:00,1.7625499963760376,1.7631100416183472,1.760290026664734,1.7620500326156616
2022-04-19 09:00:00+01:00,1.7617199420928955,1.7651599645614624,1.759179949760437,1.7646100521087646
2022-04-19 10:00:00+01:00,1.7646000385284424,1.7677299976348877,1.7630800008773804,1.76691997051239
2022-04-19 11:00:00+01:00,1.766909956932068,1.7695800065994265,1.7656500339508057,1.7687000036239624
2022-04-19 12:00:00+01:00,1.7687499523162842,1.769819974899292,1.7671200037002563,1.7674700021743774
2022-04-19 13:00:00+01:00,1.7674000263214111,1.7677500247955322,1.7656400203704834,1.7663700580596924
2022-04-19 14:00:00+01:00,1.7664200067520142,1.766700029373169,1.7603199481964111,1.7614699602127075
2022-04-19 15:00:00+01:00,1.7614599466323853,1.763010025024414,1.759619951248169,1.7621300220489502
2022-04-19 16:00:00+01:00,1.7621300220489502,1.7667499780654907,1.761680006980896,1.7648099660873413
2022-04-19 17:00:00+01:00,1.7648199796676636,1.7656400203704834,1.762529969215393,1.7630200386047363
2022-04-19 18:00:00+01:00,1.7629599571228027,1.7640000581741333,1.7620799541473389,1.7623399496078491
2022-04-19 19:00:00+01:00,1.762369990348816,1.7639199495315552,1.7617100477218628,1.762779951095581
2022-04-19 20:00:00+01:00,1.762850046157837,1.762869954109192,1.7608599662780762,1.7615599632263184
2022-04-19 21:00:00+01:00,1.7614799737930298,1.7624200582504272,1.76104998588562,1.762060046195984
2022-04-19 22:00:00+01:00,1.761989951133728,1.7629899978637695,1.7583400011062622,1.7614799737930298
2022-04-19 23:00:00+01:00,1.76173996925354,1.76173996925354,1.7587499618530271,1.760540008544922
2022-04-20 00:00:00+01:00,1.760769963264465,1.7609000205993652,1.7593899965286257,1.759960055351257
2022-04-20 01:00:00+01:00,1.7600599527359009,1.7603000402450562,1.7577699422836304,1.7598999738693235
2022-04-20 02:00:00+01:00,1.7598700523376465,1.7650799751281738,1.7590099573135376,1.7592500448226929
2022-04-20 03:00:00+01:00,1.7591899633407593,1.7600500583648682,1.7578599452972412,1.758180022239685
2022-04-20 04:00:00+01:00,1.7581599950790403,1.7600200176239014,1.7578099966049194,1.7591099739074707
2022-04-20 05:00:00+01:00,1.7591700553894043,1.75996994972229,1.7554999589920044,1.7557599544525146
2022-04-20 06:00:00+01:00,1.755679965019226,1.7571200132369995,1.753350019454956,1.754699945449829
2022-04-20 07:00:00+01:00,1.754699945449829,1.7579699754714966,1.7543599605560305,1.7557599544525146
2022-04-20 08:00:00+01:00,1.7557400465011597,1.7562600374221802,1.7509000301361084,1.7529699802398682
2022-04-20 09:00:00+01:00,1.7530800104141235,1.7548199892044067,1.752120018005371,1.7528899908065796
2022-04-20 10:00:00+01:00,1.7528899908065796,1.7540199756622314,1.7518999576568604,1.752500057220459
2022-04-20 11:00:00+01:00,1.7524700164794922,1.755560040473938,1.751520037651062,1.7548099756240845
2022-04-20 12:00:00+01:00,1.7548400163650513,1.756809949874878,1.7542200088500977,1.7563400268554688
2022-04-20 13:00:00+01:00,1.756309986114502,1.7590999603271484,1.7550300359725952,1.7589900493621826
2022-04-20 14:00:00+01:00,1.7587900161743164,1.759029984474182,1.75600004196167,1.7574299573898315
2022-04-20 15:00:00+01:00,1.757349967956543,1.7587100267410278,1.7487499713897705,1.7499099969863892
2022-04-20 16:00:00+01:00,1.7499200105667114,1.7518600225448608,1.749650001525879,1.751729965209961
2022-04-20 17:00:00+01:00,1.7517399787902832,1.7530800104141235,1.7513799667358398,1.7526700496673584
2022-04-20 18:00:00+01:00,1.7526700496673584,1.753119945526123,1.751330018043518,1.7521899938583374
2022-04-20 19:00:00+01:00,1.7522300481796265,1.7550899982452393,1.7518600225448608,1.7547800540924072
2022-04-20 20:00:00+01:00,1.754830002784729,1.754899978637695,1.7529799938201904,1.753469944000244
2022-04-20 21:00:00+01:00,1.753440022468567,1.7540899515151978,1.7527899742126465,1.7533199787139893
2022-04-20 22:00:00+01:00,1.7529699802398682,1.7544499635696411,1.750440001487732,1.752410054206848
2022-04-20 23:00:00+01:00,1.75232994556427,1.7562299966812134,1.7514899969100952,1.7562099695205688
2022-04-21 00:00:00+01:00,1.7562099695205688,1.7562799453735352,1.7539399862289429,1.7553800344467163
2022-04-21 01:00:00+01:00,1.7553499937057495,1.7572400569915771,1.75423002243042,1.7560499906539917
2022-04-21 02:00:00+01:00,1.7560299634933472,1.756669998168945,1.754390001296997,1.756100058555603
2022-04-21 03:00:00+01:00,1.7561299800872805,1.7565300464630127,1.7537100315093994,1.7553499937057495
2022-04-21 04:00:00+01:00,1.755329966545105,1.7573599815368652,1.7547199726104736,1.7563300132751465
2022-04-21 05:00:00+01:00,1.7563600540161133,1.7579799890518188,1.75423002243042,1.7551499605178833
2022-04-21 06:00:00+01:00,1.7550599575042725,1.7563600540161133,1.7533600330352783,1.7538399696350098
2022-04-21 07:00:00+01:00,1.7538399696350098,1.7580100297927856,1.7527999877929688,1.7568199634552002
2022-04-21 08:00:00+01:00,1.756809949874878,1.758080005645752,1.7530299425125122,1.7533299922943115
2022-04-21 09:00:00+01:00,1.753309965133667,1.7551599740982056,1.7519299983978271,1.7532000541687012
2022-04-21 10:00:00+01:00,1.753309965133667,1.755519986152649,1.7527400255203247,1.755229949951172
2022-04-21 11:00:00+01:00,1.755270004272461,1.758430004119873,1.7543100118637085,1.7547800540924072
2022-04-21 12:00:00+01:00,1.7547800540924072,1.7561399936676023,1.753489971160889,1.75478994846344
2022-04-21 13:00:00+01:00,1.7547099590301514,1.7557499408721924,1.7529699802398682,1.7556300163269043
2022-04-21 14:00:00+01:00,1.7556300163269043,1.7613699436187744,1.754770040512085,1.7607100009918213
2022-04-21 15:00:00+01:00,1.760740041732788,1.7622900009155271,1.7595100402832031,1.7614699602127075
2022-04-21 16:00:00+01:00,1.7614799737930298,1.7694599628448486,1.7610299587249756,1.7682199478149414
2022-04-21 17:00:00+01:00,1.7682299613952637,1.7693899869918823,1.767169952392578,1.7687699794769287
2022-04-21 18:00:00+01:00,1.7687000036239624,1.7698400020599363,1.7671899795532229,1.7687300443649292
2022-04-21 19:00:00+01:00,1.76868999004364,1.7693699598312378,1.7673399448394775,1.7675100564956665
2022-04-21 20:00:00+01:00,1.767449975013733,1.768380045890808,1.7657699584960938,1.7667100429534912
2022-04-21 21:00:00+01:00,1.766669988632202,1.7676899433135986,1.7634299993515017,1.7644699811935425
2022-04-21 22:00:00+01:00,1.7649600505828855,1.7676399946212769,1.7637100219726562,1.7670999765396118
2022-04-21 23:00:00+01:00,1.7670999765396118,1.768120050430298,1.7658699750900269,1.768049955368042
2022-04-22 00:00:00+01:00,1.7677700519561768,1.7696199417114258,1.7674100399017334,1.7694499492645264
2022-04-22 01:00:00+01:00,1.7694400548934937,1.7702399492263794,1.767359972000122,1.769870042800903
2022-04-22 02:00:00+01:00,1.7698299884796145,1.7706600427627563,1.7685099840164185,1.7698800563812256
2022-04-22 03:00:00+01:00,1.7698500156402588,1.7709800004959106,1.7686599493026731,1.769670009613037
2022-04-22 04:00:00+01:00,1.7696800231933594,1.7747199535369873,1.7695000171661377,1.772250056266785
2022-04-22 05:00:00+01:00,1.7722599506378174,1.7752699851989746,1.7719500064849854,1.7737699747085571
2022-04-22 06:00:00+01:00,1.7740700244903564,1.776010036468506,1.7735099792480469,1.775339961051941
2022-04-22 07:00:00+01:00,1.7753000259399414,1.7754199504852295,1.770509958267212,1.773229956626892
2022-04-22 08:00:00+01:00,1.7732199430465698,1.7733800411224363,1.7635600566864014,1.764549970626831
2022-04-22 09:00:00+01:00,1.7645200490951538,1.7669899463653564,1.7632499933242798,1.764430046081543
2022-04-22 10:00:00+01:00,1.7644200325012207,1.764739990234375,1.7600599527359009,1.7618399858474731
2022-04-22 11:00:00+01:00,1.7618299722671509,1.7667499780654907,1.7614400386810305,1.7666300535202026
2022-04-22 12:00:00+01:00,1.7668299674987793,1.7671300172805786,1.7649500370025637,1.766129970550537
2022-04-22 13:00:00+01:00,1.7661399841308594,1.7661399841308594,1.762969970703125,1.7635999917984009
2022-04-22 14:00:00+01:00,1.7635999917984009,1.7696000337600708,1.7632399797439575,1.7695900201797483
2022-04-22 15:00:00+01:00,1.7696000337600708,1.7734899520874023,1.768679976463318,1.7701799869537354
2022-04-22 16:00:00+01:00,1.769860029220581,1.7717599868774414,1.7687000036239624,1.7703800201416016
2022-04-22 17:00:00+01:00,1.7703700065612793,1.772879958152771,1.7691500186920166,1.7725199460983276
2022-04-22 18:00:00+01:00,1.7725399732589722,1.7734899520874023,1.7711700201034546,1.7724299430847168
2022-04-22 19:00:00+01:00,1.7724100351333618,1.7731499671936035,1.7712600231170654,1.7719299793243408
2022-04-22 20:00:00+01:00,1.7719299793243408,1.7720799446105957,1.769610047340393,1.7717499732971191
2022-04-22 21:00:00+01:00,1.7717499732971191,1.7724599838256836,1.7707300186157229,1.7716000080108645
2022-04-22 22:00:00+01:00,1.773419976234436,1.773419976234436,1.773419976234436,1.773419976234436
2022-04-25 00:00:00+01:00,1.771289944648743,1.7736799716949463,1.771090030670166,1.7735799551010132
2022-04-25 01:00:00+01:00,1.7735799551010132,1.7775100469589231,1.7731599807739258,1.777400016784668
2022-04-25 02:00:00+01:00,1.7774300575256348,1.782729983329773,1.7770899534225464,1.7803900241851809
2022-04-25 03:00:00+01:00,1.7805399894714355,1.7827800512313845,1.7799099683761597,1.7817100286483765
2022-04-25 04:00:00+01:00,1.7818200588226318,1.7825299501419067,1.780110001564026,1.7820099592208862
2022-04-25 05:00:00+01:00,1.7819600105285645,1.7862499952316284,1.781149983406067,1.785920023918152
2022-04-25 06:00:00+01:00,1.7859699726104736,1.788699984550476,1.7845499515533447,1.7866899967193604
2022-04-25 07:00:00+01:00,1.7865999937057495,1.786829948425293,1.7794599533081057,1.7802599668502808
2022-04-25 08:00:00+01:00,1.7802599668502808,1.7813199758529663,1.7750500440597534,1.7755000591278076
2022-04-25 09:00:00+01:00,1.7755399942398071,1.7772899866104126,1.7714899778366089,1.7771999835968018
2022-04-25 10:00:00+01:00,1.7772300243377686,1.7797199487686155,1.7750799655914309,1.7777899503707886
2022-04-25 11:00:00+01:00,1.7777999639511108,1.779919981956482,1.7760499715805054,1.7770800590515137
2022-04-25 12:00:00+01:00,1.7770500183105469,1.7806600332260132,1.7742700576782229,1.7753100395202637
2022-04-25 13:00:00+01:00,1.7752200365066528,1.7793699502944946,1.774219989776611,1.7771300077438354
2022-04-25 14:00:00+01:00,1.7771999835968018,1.7826999425888062,1.7765400409698486,1.782140016555786
2022-04-25 15:00:00+01:00,1.782140016555786,1.7834800481796265,1.7784500122070312,1.7792999744415283
2022-04-25 16:00:00+01:00,1.7792999744415283,1.7796399593353271,1.7761600017547607,1.7767800092697144
2022-04-25 17:00:00+01:00,1.7767000198364258,1.777500033378601,1.774500012397766,1.7767000198364258
2022-04-25 18:00:00+01:00,1.7767200469970703,1.7776399850845337,1.775149941444397,1.7773799896240234
2022-04-25 19:00:00+01:00,1.7773200273513794,1.7782599925994873,1.7753599882125854,1.7766400575637815
2022-04-25 20:00:00+01:00,1.7766499519348145,1.7773000001907349,1.774209976196289,1.775480031967163
2022-04-25 21:00:00+01:00,1.7754499912261963,1.7759300470352173,1.773710012435913,1.774399995803833
2022-04-25 22:00:00+01:00,1.7738200426101685,1.775480031967163,1.769760012626648,1.7737900018692017
2022-04-25 23:00:00+01:00,1.773460030555725,1.7755000591278076,1.7723699808120728,1.7733099460601809
2022-04-26 00:00:00+01:00,1.7734099626541138,1.7749099731445312,1.7729300260543823,1.7746700048446655
2022-04-26 01:00:00+01:00,1.7747100591659546,1.775589942932129,1.771530032157898,1.773059964179993
2022-04-26 02:00:00+01:00,1.7731599807739258,1.7747399806976318,1.7716799974441528,1.773460030555725
2022-04-26 03:00:00+01:00,1.773319959640503,1.7754000425338743,1.769269943237305,1.7702900171279907
2022-04-26 04:00:00+01:00,1.7702800035476685,1.770480036735535,1.7662299871444702,1.768939971923828
2022-04-26 05:00:00+01:00,1.7689800262451172,1.7695300579071045,1.7656199932098389,1.7662999629974363
2022-04-26 06:00:00+01:00,1.7662999629974363,1.7677099704742432,1.7649699449539185,1.766819953918457
2022-04-26 07:00:00+01:00,1.7668800354003906,1.7703399658203125,1.7661900520324707,1.77020001411438
2022-04-26 08:00:00+01:00,1.77006995677948,1.771939992904663,1.7685699462890625,1.7694499492645264
2022-04-26 09:00:00+01:00,1.7694799900054932,1.7696599960327148,1.7662700414657593,1.766469955444336
2022-04-26 10:00:00+01:00,1.7664400339126587,1.7665200233459473,1.7623300552368164,1.762809991836548
2022-04-26 11:00:00+01:00,1.7628400325775146,1.764559984207153,1.7618900537490845,1.7630200386047363
2022-04-26 12:00:00+01:00,1.7630200386047363,1.763990044593811,1.76078999042511,1.7615300416946411
2022-04-26 13:00:00+01:00,1.7615300416946411,1.7642199993133545,1.7608699798583984,1.763990044593811
2022-04-26 14:00:00+01:00,1.763949990272522,1.7677199840545654,1.7630200386047363,1.767240047454834
2022-04-26 15:00:00+01:00,1.7671300172805786,1.7681100368499756,1.762369990348816,1.7639000415802002
2022-04-26 16:00:00+01:00,1.7639700174331665,1.766260027885437,1.7631200551986694,1.7659200429916382
2022-04-26 17:00:00+01:00,1.7659800052642822,1.7659800052642822,1.761039972305298,1.761780023574829
2022-04-26 18:00:00+01:00,1.7617599964141846,1.7634700536727903,1.7607300281524658,1.7609000205993652
2022-04-26 19:00:00+01:00,1.760949969291687,1.7616699934005735,1.7597399950027466,1.7614799737930298
2022-04-26 20:00:00+01:00,1.7615900039672852,1.7639000415802002,1.761139988899231,1.7637300491333008
2022-04-26 21:00:00+01:00,1.7637100219726562,1.7660599946975708,1.7621099948883057,1.7650599479675293
2022-04-26 22:00:00+01:00,1.7649400234222412,1.766029953956604,1.7641500234603882,1.764870047569275
2022-04-26 23:00:00+01:00,1.7649699449539185,1.7653599977493286,1.7620899677276611,1.7634899616241455
2022-04-27 00:00:00+01:00,1.7636200189590454,1.7637100219726562,1.761019945144653,1.7615400552749634
2022-04-27 01:00:00+01:00,1.7615900039672852,1.7644100189208984,1.7595499753952026,1.7634700536727903
2022-04-27 02:00:00+01:00,1.7636300325393677,1.7639199495315552,1.7544900178909302,1.7574299573898315
2022-04-27 03:00:00+01:00,1.7575600147247314,1.7614599466323853,1.7565200328826904,1.7565699815750122
2022-04-27 04:00:00+01:00,1.756450057029724,1.7574599981307983,1.7541199922561646,1.7560700178146362
2022-04-27 05:00:00+01:00,1.7557799816131592,1.7566399574279783,1.7515499591827393,1.7518500089645386
2022-04-27 06:00:00+01:00,1.7518800497055054,1.7547099590301514,1.7510000467300415,1.754289984703064
2022-04-27 07:00:00+01:00,1.7542599439620972,1.7557400465011597,1.7519400119781494,1.7537200450897217
2022-04-27 08:00:00+01:00,1.7536799907684326,1.7588200569152832,1.753559947013855,1.7555700540542605
2022-04-27 09:00:00+01:00,1.7554800510406494,1.7583199739456177,1.7529900074005127,1.7537399530410769
2022-04-27 10:00:00+01:00,1.7537000179290771,1.7615400552749634,1.752750039100647,1.7601300477981567
2022-04-27 11:00:00+01:00,1.7601300477981567,1.7617199420928955,1.7582000494003296,1.7589000463485718
2022-04-27 12:00:00+01:00,1.7588399648666382,1.7612799406051636,1.7588399648666382,1.7606799602508545
2022-04-27 13:00:00+01:00,1.7606899738311768,1.7627700567245483,1.758239984512329,1.7603299617767334
2022-04-27 14:00:00+01:00,1.760349988937378,1.7637100219726562,1.7593899965286257,1.7602699995040894
2022-04-27 15:00:00+01:00,1.7602699995040894,1.7626999616622925,1.758389949798584,1.759719967842102
2022-04-27 16:00:00+01:00,1.759719967842102,1.761579990386963,1.7584500312805176,1.760890007019043
2022-04-27 17:00:00+01:00,1.760890007019043,1.7618499994277954,1.7578099966049194,1.7595700025558472
2022-04-27 18:00:00+01:00,1.759559988975525,1.7604399919509888,1.7576600313186646,1.7578200101852417
2022-04-27 19:00:00+01:00,1.7579200267791748,1.761430025100708,1.757580041885376,1.7612500190734863
2022-04-27 20:00:00+01:00,1.7613400220870972,1.7622400522232056,1.760040044784546,1.7613999843597412
2022-04-27 21:00:00+01:00,1.7614699602127075,1.76173996925354,1.758739948272705,1.7601499557495115
2022-04-27 22:00:00+01:00,1.7593300342559814,1.7615000009536743,1.7586499452590942,1.759809970855713
2022-04-27 23:00:00+01:00,1.7601100206375122,1.7608799934387207,1.758550047874451,1.7594599723815918
2022-04-28 00:00:00+01:00,1.7591099739074707,1.7607200145721436,1.7589800357818604,1.7606099843978882
2022-04-28 01:00:00+01:00,1.7606699466705322,1.7621999979019165,1.7588499784469604,1.7604999542236328
2022-04-28 02:00:00+01:00,1.7605799436569214,1.762779951095581,1.7596999406814575,1.7609299421310425
2022-04-28 03:00:00+01:00,1.7610299587249756,1.762279987335205,1.7595200538635254,1.7611900568008425
2022-04-28 04:00:00+01:00,1.7611000537872314,1.7637200355529783,1.7600699663162231,1.7635799646377563
2022-04-28 05:00:00+01:00,1.7635899782180786,1.7655099630355835,1.7628899812698364,1.7632999420166016
2022-04-28 06:00:00+01:00,1.7632299661636353,1.7673300504684448,1.763069987297058,1.764870047569275
2022-04-28 07:00:00+01:00,1.764870047569275,1.7649400234222412,1.7596399784088137,1.7617700099945068
2022-04-28 08:00:00+01:00,1.7618000507354736,1.762120008468628,1.754080057144165,1.7553600072860718
2022-04-28 09:00:00+01:00,1.755229949951172,1.757349967956543,1.7546199560165403,1.7570500373840332
2022-04-28 10:00:00+01:00,1.7569799423217771,1.7594799995422363,1.7546199560165403,1.758800029754639
2022-04-28 11:00:00+01:00,1.7588900327682495,1.760949969291687,1.757099986076355,1.7576199769973757
2022-04-28 12:00:00+01:00,1.7577199935913086,1.7583400011062622,1.753659963607788,1.754330039024353
2022-04-28 13:00:00+01:00,1.7543200254440308,1.7578099966049194,1.7542799711227417,1.7565699815750122
2022-04-28 14:00:00+01:00,1.756700038909912,1.7582499980926514,1.7554700374603271,1.7560900449752808
2022-04-28 15:00:00+01:00,1.7560499906539917,1.7608400583267212,1.7553900480270386,1.7578799724578855
2022-04-28 16:00:00+01:00,1.757889986038208,1.7587900161743164,1.754930019378662,1.7574900388717651
2022-04-28 17:00:00+01:00,1.7574199438095093,1.7595900297164917,1.754420042037964,1.7549699544906616
2022-04-28 18:00:00+01:00,1.754979968070984,1.7552800178527832,1.7534799575805664,1.7538100481033323
2022-04-28 19:00:00+01:00,1.7538100481033323,1.7564799785614014,1.753209948539734,1.756450057029724
2022-04-28 20:00:00+01:00,1.756309986114502,1.757040023803711,1.7547999620437622,1.7551599740982056
2022-04-28 21:00:00+01:00,1.7551599740982056,1.757449984550476,1.7531700134277344,1.7543200254440308
2022-04-28 22:00:00+01:00,1.7546099424362185,1.7566900253295898,1.7515900135040283,1.7535099983215332
2022-04-28 23:00:00+01:00,1.7538399696350098,1.7557799816131592,1.753129959106445,1.7541099786758425
2022-04-29 00:00:00+01:00,1.7541099786758425,1.7549200057983398,1.752750039100647,1.7532199621200562
2022-04-29 01:00:00+01:00,1.753129959106445,1.753559947013855,1.749959945678711,1.752150058746338
2022-04-29 02:00:00+01:00,1.7521899938583374,1.7525899410247805,1.7500799894332886,1.7517499923706057
2022-04-29 03:00:00+01:00,1.7517600059509275,1.753640055656433,1.7500900030136108,1.7523800134658811
2022-04-29 04:00:00+01:00,1.7523399591445925,1.7527300119400024,1.7495700120925903,1.751139998435974
2022-04-29 05:00:00+01:00,1.7510700225830078,1.751170039176941,1.7482000589370728,1.7485699653625488
2022-04-29 06:00:00+01:00,1.7485599517822266,1.7513400316238403,1.7457599639892578,1.751139998435974
2022-04-29 07:00:00+01:00,1.7512400150299072,1.7549500465393066,1.749269962310791,1.7548199892044067
2022-04-29 08:00:00+01:00,1.754899978637695,1.7559599876403809,1.7529900074005127,1.7539499998092651
2022-04-29 09:00:00+01:00,1.7538299560546875,1.7571799755096436,1.753100037574768,1.756469964981079
2022-04-29 10:00:00+01:00,1.756420016288757,1.7569899559020996,1.753499984741211,1.754040002822876
2022-04-29 11:00:00+01:00,1.7539000511169434,1.7556300163269043,1.7525700330734253,1.752959966659546
2022-04-29 12:00:00+01:00,1.7529300451278689,1.754330039024353,1.7502599954605105,1.752310037612915
2022-04-29 13:00:00+01:00,1.752269983291626,1.7529699802398682,1.7490400075912476,1.7500900030136108
2022-04-29 14:00:00+01:00,1.7500900030136108,1.7542500495910645,1.7498400211334229,1.753469944000244
2022-04-29 15:00:00+01:00,1.7533799409866333,1.7687599658966064,1.7524299621582031,1.7647900581359863
2022-04-29 16:00:00+01:00,1.764919996261597,1.7700300216674805,1.764580011367798,1.7690600156784058
2022-04-29 17:00:00+01:00,1.7691700458526611,1.7760299444198608,1.7688699960708618,1.7754000425338743
2022-04-29 18:00:00+01:00,1.775439977645874,1.777169942855835,1.7740600109100342,1.775670051574707
2022-04-29 19:00:00+01:00,1.775670051574707,1.7792799472808838,1.7750600576400757,1.778939962387085
2022-04-29 20:00:00+01:00,1.7789900302886963,1.7804100513458252,1.7773300409317017,1.779919981956482
2022-04-29 21:00:00+01:00,1.7799500226974487,1.781749963760376,1.776900053024292,1.7801300287246704
2022-04-29 22:00:00+01:00,1.7798199653625488,1.7798199653625488,1.7798199653625488,1.7798199653625488
2022-04-29 00:00:00+01:00,1.7541099786758423,1.7549200057983398,1.752750039100647,1.7532199621200562
,Open,High,Low,Close
2021-11-01 00:00:00+00:00,1.8199700117111208,1.8212000131607056,1.8183799982070925,1.8204200267791748
2021-11-01 01:00:00+00:00,1.8205300569534304,1.821869969367981,1.8196699619293213,1.8205100297927856
2021-11-01 02:00:00+00:00,1.8205100297927856,1.8223199844360352,1.8201299905776973,1.821370005607605
2021-11-01 03:00:00+00:00,1.8214399814605715,1.822720050811768,1.8208800554275515,1.822460055351257
2021-11-01 04:00:00+00:00,1.822460055351257,1.8232899904251096,1.821660041809082,1.8221999406814573
2021-11-01 05:00:00+00:00,1.8222299814224243,1.823259949684143,1.821120023727417,1.8217400312423704
2021-11-01 06:00:00+00:00,1.821679949760437,1.82260000705719,1.8207600116729736,1.8219900131225584
2021-11-01 07:00:00+00:00,1.8219799995422363,1.8229800462722776,1.8199199438095093,1.8222700357437127
2021-11-01 08:00:00+00:00,1.8222899436950684,1.8238199949264529,1.8203400373458865,1.82082998752594
2021-11-01 09:00:00+00:00,1.8208400011062624,1.821370005607605,1.819260001182556,1.820080041885376
2021-11-01 10:00:00+00:00,1.8200900554656985,1.8205699920654297,1.8179500102996824,1.8196099996566768
2021-11-01 11:00:00+00:00,1.819599986076355,1.819880008697509,1.817229986190796,1.8197100162506104
2021-11-01 12:00:00+00:00,1.819700002670288,1.8215399980545044,1.8186500072479248,1.8206299543380733
2021-11-01 13:00:00+00:00,1.820619940757752,1.8214099407196045,1.8170700073242188,1.8183499574661253
2021-11-01 14:00:00+00:00,1.8182799816131592,1.818950057029724,1.8157299757003784,1.8177000284194944
2021-11-01 15:00:00+00:00,1.8177000284194944,1.818169951438904,1.814880013465881,1.815410017967224
2021-11-01 16:00:00+00:00,1.8154000043869016,1.8162800073623653,1.8137500286102293,1.8141499757766724
2021-11-01 17:00:00+00:00,1.814200043678284,1.8164900541305544,1.813809990882873,1.816290020942688
2021-11-01 18:00:00+00:00,1.816390037536621,1.81676995754242,1.8147300481796265,1.8163299560546875
2021-11-01 19:00:00+00:00,1.8163299560546875,1.817639946937561,1.815940022468567,1.8167599439620967
2021-11-01 20:00:00+00:00,1.816709995269776,1.817020058631897,1.8139599561691284,1.8149900436401367
2021-11-01 21:00:00+00:00,1.8141800165176392,1.8196300268173216,1.8137999773025515,1.8162800073623653
2021-11-01 22:00:00+00:00,1.816290020942688,1.8168100118637085,1.813770055770874,1.8158799409866333
2021-11-01 23:00:00+00:00,1.815960049629212,1.816650032997132,1.815250039100647,1.815719962120056
2021-11-02 00:00:00+00:00,1.815659999847412,1.8161499500274656,1.813969969749451,1.8144899606704712
2021-11-02 01:00:00+00:00,1.8145400285720823,1.8146699666976929,1.8123899698257449,1.8130799531936648
2021-11-02 02:00:00+00:00,1.8130899667739868,1.8154300451278689,1.8126699924469,1.81535005569458
2021-11-02 03:00:00+00:00,1.8154200315475464,1.8229299783706665,1.8127800226211548,1.81893002986908
2021-11-02 04:00:00+00:00,1.818989992141724,1.8237199783325195,1.818300008773804,1.82220995426178
2021-11-02 05:00:00+00:00,1.8222600221633911,1.8244800567626955,1.8206900358200075,1.8230400085449217
2021-11-02 06:00:00+00:00,1.8230299949646,1.8268699645996087,1.82246994972229,1.8257700204849243
2021-11-02 07:00:00+00:00,1.8264199495315552,1.829349994659424,1.8261799812316888,1.8276599645614624
2021-11-02 08:00:00+00:00,1.8276000022888184,1.8288700580596924,1.825899958610535,1.826650023460388
2021-11-02 09:00:00+00:00,1.8267500400543213,1.8279800415039065,1.824659943580628,1.8265899419784544
2021-11-02 10:00:00+00:00,1.8265700340271,1.8282099962234497,1.825850009918213,1.8272700309753416
2021-11-02 11:00:00+00:00,1.827209949493408,1.828220009803772,1.826259970664978,1.8281500339508057
2021-11-02 12:00:00+00:00,1.8280400037765503,1.8301299810409544,1.827299952507019,1.8296500444412231
2021-11-02 13:00:00+00:00,1.829740047454834,1.8305200338363647,1.8277499675750728,1.8285399675369265
2021-11-02 14:00:00+00:00,1.8286199569702148,1.8300800323486328,1.827450037002564,1.8290499448776243
2021-11-02 15:00:00+00:00,1.8290499448776243,1.8324799537658687,1.8278499841690063,1.8322199583053589
2021-11-02 16:00:00+00:00,1.832260012626648,1.8333499431610107,1.8310699462890625,1.8330199718475344
2021-11-02 17:00:00+00:00,1.832949995994568,1.834020018577576,1.8325599431991573,1.833619952201844
2021-11-02 18:00:00+00:00,1.833739995956421,1.834020018577576,1.832669973373413,1.8336600065231323
2021-11-02 19:00:00+00:00,1.8336700201034544,1.8342399597167969,1.8313299417495728,1.8318500518798828
2021-11-02 20:00:00+00:00,1.8319400548934937,1.8327200412750244,1.831240057945252,1.831779956817627
2021-11-02 21:00:00+00:00,1.8318099975585933,1.833459973335266,1.8302799463272093,1.831339955329895
2021-11-02 22:00:00+00:00,1.831339955329895,1.832900047302246,1.831339955329895,1.8323899507522583
2021-11-02 23:00:00+00:00,1.8324700593948364,1.8328200578689573,1.8305100202560425,1.830970048904419
2021-11-03 00:00:00+00:00,1.8310699462890625,1.833050012588501,1.8308500051498413,1.831740021705628
2021-11-03 01:00:00+00:00,1.831680059432984,1.833150029182434,1.830530047416687,1.832730054855347
2021-11-03 02:00:00+00:00,1.8328200578689573,1.8342399597167969,1.8323999643325808,1.833619952201844
2021-11-03 03:00:00+00:00,1.8336100578308103,1.8352400064468384,1.8326499462127688,1.833009958267212
2021-11-03 04:00:00+00:00,1.8330399990081787,1.8342499732971191,1.8318899869918823,1.8330299854278564
2021-11-03 05:00:00+00:00,1.8333699703216555,1.833459973335266,1.831769943237305,1.8319799900054927
2021-11-03 06:00:00+00:00,1.83204996585846,1.832299947738648,1.830420017242432,1.8313299417495728
2021-11-03 07:00:00+00:00,1.8313299417495728,1.83135998249054,1.828449964523316,1.8289999961853027
2021-11-03 08:00:00+00:00,1.829020023345948,1.830979943275452,1.8270200490951536,1.8306200504302976
2021-11-03 09:00:00+00:00,1.8306200504302976,1.8321399688720703,1.8295300006866453,1.830989956855774
2021-11-03 10:00:00+00:00,1.830970048904419,1.831769943237305,1.829390048980713,1.8299599885940552
2021-11-03 11:00:00+00:00,1.8299299478530884,1.8351800441741943,1.8293299674987795,1.834820032119751
2021-11-03 12:00:00+00:00,1.834820032119751,1.8367300033569336,1.83407998085022,1.8353899717330933
2021-11-03 13:00:00+00:00,1.835379958152771,1.8366700410842896,1.8349900245666504,1.8363900184631348
2021-11-03 14:00:00+00:00,1.8363699913024905,1.839229941368103,1.8354300260543823,1.8379499912261963
2021-11-03 15:00:00+00:00,1.8381500244140625,1.840569972991944,1.8375999927520752,1.838320016860962
2021-11-03 16:00:00+00:00,1.838320016860962,1.84197998046875,1.837689995765686,1.841930031776428
2021-11-03 17:00:00+00:00,1.8419400453567505,1.8424999713897705,1.8392200469970703,1.8398300409317017
2021-11-03 18:00:00+00:00,1.8398499488830569,1.8409600257873533,1.83542001247406,1.8371399641036987
2021-11-03 19:00:00+00:00,1.8372600078582764,1.83788001537323,1.8345500230789185,1.8357000350952148
2021-11-03 20:00:00+00:00,1.8357499837875368,1.8379000425338743,1.8349299430847168,1.8371299505233765
2021-11-03 21:00:00+00:00,1.837180018424988,1.83899998664856,1.8350000381469729,1.8365700244903564
2021-11-03 22:00:00+00:00,1.8365700244903564,1.8371399641036987,1.8349699974060056,1.8361999988555908
2021-11-03 23:00:00+00:00,1.8362300395965576,1.8363900184631348,1.833209991455078,1.833739995956421
2021-11-04 00:00:00+00:00,1.8333899974823,1.8344999551773071,1.8325200080871584,1.8342299461364744
2021-11-04 01:00:00+00:00,1.8342299461364744,1.834980010986328,1.8326300382614136,1.834030032157898
2021-11-04 02:00:00+00:00,1.834020018577576,1.834879994392395,1.831740021705628,1.832430005073548
2021-11-04 03:00:00+00:00,1.8324600458145144,1.8332699537277224,1.8315800428390503,1.832980036735535
2021-11-04 04:00:00+00:00,1.8330899477005005,1.8338700532913208,1.8316500186920168,1.8337299823760984
2021-11-04 05:00:00+00:00,1.8338199853897093,1.837049961090088,1.8334100246429443,1.836549997329712
2021-11-04 06:00:00+00:00,1.8365700244903564,1.838250041007996,1.8356399536132808,1.8375699520111084
2021-11-04 07:00:00+00:00,1.8375799655914309,1.8382799625396729,1.83433997631073,1.835970044136048
2021-11-04 08:00:00+00:00,1.8359899520874023,1.836840033531189,1.8343100547790527,1.83610999584198
2021-11-04 09:00:00+00:00,1.8361200094223025,1.8371100425720213,1.8345500230789185,1.8358500003814693
2021-11-04 10:00:00+00:00,1.8358500003814693,1.8362900018692017,1.83404004573822,1.8361400365829468
2021-11-04 11:00:00+00:00,1.8362300395965576,1.8403600454330444,1.8356300592422483,1.8382899761199951
2021-11-04 12:00:00+00:00,1.838750004768372,1.838750004768372,1.8243000507354736,1.8272900581359863
2021-11-04 13:00:00+00:00,1.8273600339889529,1.8286099433898928,1.825649976730347,1.826689958572388
2021-11-04 14:00:00+00:00,1.826689958572388,1.827569961547852,1.8246500492095947,1.826550006866455
2021-11-04 15:00:00+00:00,1.8265199661254885,1.8276000022888184,1.8221800327301023,1.822550058364868
2021-11-04 16:00:00+00:00,1.822530031204224,1.8259199857711792,1.8222500085830688,1.8238600492477417
2021-11-04 17:00:00+00:00,1.8239200115203853,1.8247300386428835,1.8228100538253784,1.8242599964141848
2021-11-04 18:00:00+00:00,1.8243600130081177,1.8251500129699707,1.8230600357055664,1.823349952697754
2021-11-04 19:00:00+00:00,1.8233400583267207,1.8245500326156616,1.823099970817566,1.8235599994659424
2021-11-04 20:00:00+00:00,1.8235700130462649,1.8249599933624268,1.8223799467086792,1.82385003566742
2021-11-04 21:00:00+00:00,1.822950005531311,1.8243999481201167,1.8213800191879272,1.8229600191116333
2021-11-04 22:00:00+00:00,1.823279976844788,1.8247400522232056,1.822659969329834,1.823930025100708
2021-11-04 23:00:00+00:00,1.82385003566742,1.8245699405670168,1.8227499723434448,1.8229899406433103
2021-11-05 00:00:00+00:00,1.823300004005432,1.8251700401306152,1.82177996635437,1.8240200281143188
2021-11-05 01:00:00+00:00,1.824049949645996,1.8265800476074217,1.8234299421310425,1.825600028038025
2021-11-05 02:00:00+00:00,1.8256200551986688,1.827929973602295,1.825279951095581,1.8260200023651123
2021-11-05 03:00:00+00:00,1.8260899782180784,1.82712996006012,1.8242499828338623,1.825070023536682
2021-11-05 04:00:00+00:00,1.824970006942749,1.825629949569702,1.8237500190734863,1.824429988861084
2021-11-05 05:00:00+00:00,1.8244400024414065,1.8266199827194207,1.8241100311279297,1.826509952545166
2021-11-05 06:00:00+00:00,1.826640009880066,1.827620029449463,1.825350046157837,1.826629996299744
2021-11-05 07:00:00+00:00,1.8265999555587769,1.828070044517517,1.82588005065918,1.8274999856948853
2021-11-05 08:00:00+00:00,1.8274799585342407,1.827569961547852,1.8223899602890008,1.8229999542236328
2021-11-05 09:00:00+00:00,1.823009967803955,1.8239699602127075,1.8211599588394165,1.8218200206756592
2021-11-05 10:00:00+00:00,1.82177996635437,1.8237099647521973,1.820520043373108,1.8234800100326536
2021-11-05 11:00:00+00:00,1.8234800100326536,1.824970006942749,1.822530031204224,1.8235599994659424
2021-11-05 12:00:00+00:00,1.823609948158264,1.8260899782180784,1.820369958877564,1.821300029754639
2021-11-05 13:00:00+00:00,1.821329951286316,1.8239799737930296,1.8199900388717647,1.822659969329834
2021-11-05 14:00:00+00:00,1.822659969329834,1.8236199617385864,1.8205699920654297,1.8208500146865845
2021-11-05 15:00:00+00:00,1.8208400011062624,1.8235700130462649,1.8202600479125977,1.8212900161743164
2021-11-05 16:00:00+00:00,1.821300029754639,1.8229299783706665,1.82014000415802,1.8227900266647337
2021-11-05 17:00:00+00:00,1.8228199481964111,1.8242199420928955,1.822550058364868,1.823349952697754
2021-11-05 18:00:00+00:00,1.8233100175857544,1.823799967765808,1.822029948234558,1.823240041732788
2021-11-05 19:00:00+00:00,1.823259949684143,1.823639988899231,1.8219499588012693,1.8228700160980225
2021-11-05 20:00:00+00:00,1.822800040245056,1.8238400220870967,1.8214499950408936,1.8228299617767327
2021-11-05 21:00:00+00:00,1.82260000705719,1.8234399557113647,1.82260000705719,1.8234399557113647
2021-11-05 22:00:00+00:00,1.8234399557113647,1.8234399557113647,1.8234399557113647,1.8234399557113647
2021-11-08 00:00:00+00:00,1.8240900039672847,1.825160026550293,1.823089957237244,1.8235399723052976
2021-11-08 01:00:00+00:00,1.8234000205993648,1.823989987373352,1.82220995426178,1.8236900568008425
2021-11-08 02:00:00+00:00,1.8236700296401973,1.8239799737930296,1.822059988975525,1.8230400085449217
2021-11-08 03:00:00+00:00,1.8231500387191768,1.8238400220870967,1.8214900493621824,1.821969985961914
2021-11-08 04:00:00+00:00,1.821900010108948,1.822610020637512,1.8207900524139404,1.8221299648284912
2021-11-08 05:00:00+00:00,1.8222899436950684,1.8227299451828003,1.8205699920654297,1.8208999633789065
2021-11-08 06:00:00+00:00,1.820970058441162,1.8227699995040887,1.820250034332276,1.8227699995040887
2021-11-08 07:00:00+00:00,1.8227699995040887,1.8227900266647337,1.820000052452088,1.8208500146865845
2021-11-08 08:00:00+00:00,1.820889949798584,1.8228700160980225,1.818950057029724,1.822510004043579
2021-11-08 09:00:00+00:00,1.822510004043579,1.8226200342178345,1.819239974021912,1.8218499422073364
2021-11-08 10:00:00+00:00,1.8218599557876587,1.822780013084412,1.821370005607605,1.8224200010299685
2021-11-08 11:00:00+00:00,1.82246994972229,1.8248900175094604,1.821239948272705,1.824790000915528
2021-11-08 12:00:00+00:00,1.824659943580628,1.8270000219345093,1.8237899541854856,1.826189994812012
2021-11-08 13:00:00+00:00,1.826259970664978,1.828029990196228,1.825819969177246,1.8268500566482544
2021-11-08 14:00:00+00:00,1.826879978179932,1.8272299766540527,1.8246899843215945,1.8266700506210327
2021-11-08 15:00:00+00:00,1.826629996299744,1.8292800188064573,1.825809955596924,1.8275099992752075
2021-11-08 16:00:00+00:00,1.8274999856948853,1.8277599811553955,1.8251099586486816,1.82574999332428
2021-11-08 17:00:00+00:00,1.825760006904602,1.8270000219345093,1.824970006942749,1.8268300294876096
2021-11-08 18:00:00+00:00,1.826810002326965,1.8269699811935425,1.8251700401306152,1.8258299827575684
2021-11-08 19:00:00+00:00,1.8260400295257568,1.826259970664978,1.824970006942749,1.8256100416183472
2021-11-08 20:00:00+00:00,1.825600028038025,1.8281099796295168,1.8253300189971924,1.82712996006012
2021-11-08 21:00:00+00:00,1.8271700143814087,1.8274600505828853,1.8258700370788568,1.8266199827194207
2021-11-08 22:00:00+00:00,1.8265700340271,1.8277299404144287,1.8231899738311768,1.827059984207153
2021-11-08 23:00:00+00:00,1.8271900415420528,1.829270005226136,1.8267799615859983,1.8290799856185915
2021-11-09 00:00:00+00:00,1.829200029373169,1.8321499824523928,1.82860004901886,1.831339955329895
2021-11-09 01:00:00+00:00,1.8313699960708616,1.8315099477767944,1.8297699689865112,1.8315099477767944
2021-11-09 02:00:00+00:00,1.8315000534057613,1.8318599462509155,1.8299100399017327,1.8313900232315063
2021-11-09 03:00:00+00:00,1.8313699960708616,1.8348000049591064,1.8311200141906736,1.8317899703979488
2021-11-09 04:00:00+00:00,1.8318599462509155,1.8323299884796145,1.830430030822754,1.8309299945831297
2021-11-09 05:00:00+00:00,1.8310500383377075,1.831169962882996,1.828969955444336,1.829859972000122
2021-11-09 06:00:00+00:00,1.829920053482056,1.830039978027344,1.8275400400161743,1.8279199600219729
2021-11-09 07:00:00+00:00,1.8279199600219729,1.829270005226136,1.8267699480056765,1.828969955444336
2021-11-09 08:00:00+00:00,1.8289899826049805,1.829270005226136,1.8265399932861328,1.827430009841919
2021-11-09 09:00:00+00:00,1.827430009841919,1.831689953804016,1.827059984207153,1.831279993057251
2021-11-09 10:00:00+00:00,1.8312900066375728,1.831629991531372,1.8296899795532229,1.830680012702942
2021-11-09 11:00:00+00:00,1.83066999912262,1.8325300216674805,1.829259991645813,1.831799983978272
2021-11-09 12:00:00+00:00,1.831779956817627,1.832810044288636,1.8311200141906736,1.8326300382614136
2021-11-09 13:00:00+00:00,1.8326300382614136,1.8332500457763672,1.8297499418258667,1.8306299448013303
2021-11-09 14:00:00+00:00,1.83053994178772,1.833590030670166,1.8290799856185915,1.833340048789978
2021-11-09 15:00:00+00:00,1.8333899974823,1.8379199504852293,1.832949995994568,1.83748996257782
2021-11-09 16:00:00+00:00,1.8374799489974976,1.83913004398346,1.8355799913406368,1.838670015335083
2021-11-09 17:00:00+00:00,1.8385900259017944,1.839699983596801,1.8380399942398071,1.838819980621338
2021-11-09 18:00:00+00:00,1.8389099836349487,1.8395800590515137,1.8377699851989744,1.8384599685668943
2021-11-09 19:00:00+00:00,1.8385499715805047,1.8389400243759155,1.837159991264344,1.838000059127808
2021-11-09 20:00:00+00:00,1.8379700183868408,1.8385100364685056,1.836609959602356,1.8369100093841555
2021-11-09 21:00:00+00:00,1.836899995803833,1.837679982185364,1.836459994316101,1.836989998817444
2021-11-09 22:00:00+00:00,1.8371299505233765,1.8380399942398071,1.8348400592803955,1.83762001991272
2021-11-09 23:00:00+00:00,1.8377000093460083,1.8391799926757808,1.836490035057068,1.838320016860962
2021-11-10 00:00:00+00:00,1.838379979133606,1.838819980621338,1.8372100591659544,1.8384300470352173
2021-11-10 01:00:00+00:00,1.8384300470352173,1.839630007743836,1.837649941444397,1.838639974594116
2021-11-10 02:00:00+00:00,1.8386600017547607,1.8410500288009644,1.8381500244140625,1.840970039367676
2021-11-10 03:00:00+00:00,1.841040015220642,1.8415800333023071,1.839769959449768,1.840440034866333
2021-11-10 04:00:00+00:00,1.8404799699783323,1.840939998626709,1.8393000364303589,1.839859962463379
2021-11-10 05:00:00+00:00,1.8399100303649905,1.842839956283569,1.839059948921204,1.842329978942871
2021-11-10 06:00:00+00:00,1.8422000408172607,1.842599987983704,1.841040015220642,1.841910004615784
2021-11-10 07:00:00+00:00,1.84185004234314,1.8425099849700928,1.840309977531433,1.840849995613098
2021-11-10 08:00:00+00:00,1.840839982032776,1.841629981994629,1.83404004573822,1.8360099792480469
2021-11-10 09:00:00+00:00,1.836050033569336,1.8375500440597528,1.8351900577545168,1.835860013961792
2021-11-10 10:00:00+00:00,1.8358700275421145,1.8377200365066528,1.8350600004196167,1.83719003200531
2021-11-10 11:00:00+00:00,1.837180018424988,1.8375699520111084,1.8344299793243408,1.8365700244903564
2021-11-10 12:00:00+00:00,1.8365600109100344,1.8365700244903564,1.8331199884414675,1.835070013999939
2021-11-10 13:00:00+00:00,1.8351199626922607,1.8369499444961548,1.831529974937439,1.8317899703979488
2021-11-10 14:00:00+00:00,1.831769943237305,1.8323899507522583,1.8297799825668333,1.830600023269653
2021-11-10 15:00:00+00:00,1.830600023269653,1.8321399688720703,1.8300800323486328,1.831130027770996
2021-11-10 16:00:00+00:00,1.8311200141906736,1.832800030708313,1.8293100595474243,1.829920053482056
2021-11-10 17:00:00+00:00,1.8299100399017327,1.831159949302673,1.8292299509048464,1.8298100233078003
2021-11-10 18:00:00+00:00,1.8298900127410889,1.8304699659347528,1.8269699811935425,1.829020023345948
2021-11-10 19:00:00+00:00,1.8292200565338133,1.830680012702942,1.8287500143051147,1.8295899629592896
2021-11-10 20:00:00+00:00,1.8295899629592896,1.8304500579833984,1.8280099630355835,1.8300199508666992
2021-11-10 21:00:00+00:00,1.8300199508666992,1.830440044403076,1.8287500143051147,1.829270005226136
2021-11-10 22:00:00+00:00,1.829270005226136,1.8303799629211424,1.8279399871826167,1.8288400173187256
2021-11-10 23:00:00+00:00,1.8288700580596924,1.8297499418258667,1.8269200325012207,1.8286700248718264
2021-11-11 00:00:00+00:00,1.828719973564148,1.8328200578689573,1.827640056610108,1.8310500383377075
2021-11-11 01:00:00+00:00,1.831110000610352,1.8317899703979488,1.829540014266968,1.830690026283264
2021-11-11 02:00:00+00:00,1.8305799961090088,1.8353899717330933,1.8299399614334104,1.8350499868392944
2021-11-11 03:00:00+00:00,1.835070013999939,1.836069941520691,1.8336000442504885,1.835100054740905
2021-11-11 04:00:00+00:00,1.83502995967865,1.8367899656295776,1.834519982337952,1.8360600471496584
2021-11-11 05:00:00+00:00,1.8360600471496584,1.836400032043457,1.8346400260925293,1.8358999490737915
2021-11-11 06:00:00+00:00,1.8358999490737915,1.836150050163269,1.83421003818512,1.8353699445724487
2021-11-11 07:00:00+00:00,1.835309982299805,1.8356800079345703,1.8323800563812256,1.8335200548172
2021-11-11 08:00:00+00:00,1.8335700035095213,1.8356900215148928,1.83256995677948,1.834699988365173
2021-11-11 09:00:00+00:00,1.83473002910614,1.836529970169068,1.83407998085022,1.8354300260543823
2021-11-11 10:00:00+00:00,1.83542001247406,1.8370100259780884,1.8346600532531736,1.8349900245666504
2021-11-11 11:00:00+00:00,1.8348900079727173,1.836529970169068,1.834149956703186,1.835070013999939
2021-11-11 12:00:00+00:00,1.8350600004196167,1.8364299535751345,1.8333499431610107,1.8356300592422483
2021-11-11 13:00:00+00:00,1.8356300592422483,1.836459994316101,1.8336800336837769,1.8343100547790527
2021-11-11 14:00:00+00:00,1.8343100547790527,1.835340023040772,1.833330035209656,1.834589958190918
2021-11-11 15:00:00+00:00,1.834570050239563,1.8349699974060056,1.831240057945252,1.832610011100769
2021-11-11 16:00:00+00:00,1.8325899839401243,1.8345099687576287,1.8316999673843384,1.8336299657821653
2021-11-11 17:00:00+00:00,1.8336299657821653,1.8344899415969849,1.832890033721924,1.833359956741333
2021-11-11 18:00:00+00:00,1.8334100246429443,1.833590030670166,1.83187997341156,1.8321199417114256
2021-11-11 19:00:00+00:00,1.832489967346192,1.8328200578689573,1.8316099643707275,1.8325400352478027
2021-11-11 20:00:00+00:00,1.8325300216674805,1.8336600065231323,1.831799983978272,1.8332899808883667
2021-11-11 21:00:00+00:00,1.8332699537277224,1.833840012550354,1.8310400247573853,1.8323400020599363
2021-11-11 22:00:00+00:00,1.8321199417114256,1.8344700336456297,1.8287400007247925,1.8325400352478027
2021-11-11 23:00:00+00:00,1.8328200578689573,1.8341200351715088,1.831969976425171,1.833009958267212
2021-11-12 00:00:00+00:00,1.833109974861145,1.8334800004959104,1.8318599462509155,1.8327800035476685
2021-11-12 01:00:00+00:00,1.832859992980957,1.834750056266785,1.8323500156402588,1.834570050239563
2021-11-12 02:00:00+00:00,1.834460020065308,1.834959983825684,1.833359956741333,1.8346699476242063
2021-11-12 03:00:00+00:00,1.8346400260925293,1.83559000492096,1.8339300155639648,1.8343600034713743
2021-11-12 04:00:00+00:00,1.8344099521636963,1.8344700336456297,1.833299994468689,1.8342599868774407
2021-11-12 05:00:00+00:00,1.834220051765442,1.8345600366592407,1.8322199583053589,1.8330399990081787
2021-11-12 06:00:00+00:00,1.8330600261688232,1.833590030670166,1.831920027732849,1.83296000957489
2021-11-12 07:00:00+00:00,1.8330600261688232,1.8339799642562864,1.8318099975585933,1.8324400186538696
2021-11-12 08:00:00+00:00,1.832450032234192,1.8360799551010127,1.8313299417495728,1.835530042648316
2021-11-12 09:00:00+00:00,1.835559964179993,1.8368200063705444,1.8348300457000728,1.836719989776612
2021-11-12 10:00:00+00:00,1.836719989776612,1.836989998817444,1.83407998085022,1.8348400592803955
2021-11-12 11:00:00+00:00,1.8348900079727173,1.836220026016236,1.8344199657440183,1.83545994758606
2021-11-12 12:00:00+00:00,1.83545994758606,1.8360999822616573,1.8339899778366089,1.835309982299805
2021-11-12 13:00:00+00:00,1.835260033607483,1.8359500169754028,1.8327499628067017,1.834650039672852
2021-11-12 14:00:00+00:00,1.83473002910614,1.834779977798462,1.8322099447250368,1.833199977874756
2021-11-12 15:00:00+00:00,1.833240032196045,1.83528995513916,1.829139947891236,1.8295300006866453
2021-11-12 16:00:00+00:00,1.8295600414276123,1.8321000337600708,1.828950047492981,1.831570029258728
2021-11-12 17:00:00+00:00,1.831560015678405,1.8316199779510496,1.829699993133545,1.8311500549316408
2021-11-12 18:00:00+00:00,1.8313000202178955,1.831990003585816,1.8299100399017327,1.830360054969788
2021-11-12 19:00:00+00:00,1.8303799629211424,1.8310500383377075,1.8297100067138672,1.8300700187683103
2021-11-12 20:00:00+00:00,1.8300700187683103,1.8306399583816528,1.8293800354003904,1.8298100233078003
2021-11-12 21:00:00+00:00,1.829789996147156,1.830420017242432,1.8260600566864007,1.8293999433517456
2021-11-12 22:00:00+00:00,1.829509973526001,1.829509973526001,1.829349994659424,1.829349994659424
2021-11-15 00:00:00+00:00,1.8296799659729004,1.83149003982544,1.829259991645813,1.8300600051879885
2021-11-15 01:00:00+00:00,1.830170035362244,1.8316600322723389,1.8294700384140008,1.8304500579833984
2021-11-15 02:00:00+00:00,1.830440044403076,1.8308299779891968,1.829100012779236,1.829789996147156
2021-11-15 03:00:00+00:00,1.829740047454834,1.8298799991607664,1.8284399509429927,1.829439997673035
2021-11-15 04:00:00+00:00,1.829450011253357,1.8297200202941888,1.8280600309371948,1.8287500143051147
2021-11-15 05:00:00+00:00,1.828760027885437,1.8300299644470213,1.8281199932098389,1.8286800384521484
2021-11-15 06:00:00+00:00,1.828760027885437,1.8289999961853027,1.827370047569275,1.8286700248718264
2021-11-15 07:00:00+00:00,1.8286800384521484,1.8289300203323364,1.8248800039291384,1.825690031051636
2021-11-15 08:00:00+00:00,1.8257399797439573,1.8257800340652464,1.823050022125244,1.8237199783325195
2021-11-15 09:00:00+00:00,1.82368004322052,1.8244600296020508,1.8216700553894043,1.8224200010299685
2021-11-15 10:00:00+00:00,1.8224200010299685,1.8228700160980225,1.8206700086593628,1.8222600221633911
2021-11-15 11:00:00+00:00,1.822280049324036,1.824589967727661,1.821269989013672,1.8244199752807613
2021-11-15 12:00:00+00:00,1.824290037155152,1.824810028076172,1.8225200176239007,1.8244400024414065
2021-11-15 13:00:00+00:00,1.82440996170044,1.8250900506973269,1.823240041732788,1.8246400356292725
2021-11-15 14:00:00+00:00,1.8246099948883057,1.825279951095581,1.823089957237244,1.8246999979019165
2021-11-15 15:00:00+00:00,1.8247300386428835,1.8273899555206297,1.82440996170044,1.8249000310897827
2021-11-15 16:00:00+00:00,1.82492995262146,1.826490044593811,1.823580026626587,1.8264199495315552
2021-11-15 17:00:00+00:00,1.8264000415802,1.8271000385284424,1.82509994506836,1.825850009918213
2021-11-15 18:00:00+00:00,1.825809955596924,1.826859951019287,1.8244400024414065,1.825940012931824
2021-11-15 19:00:00+00:00,1.825940012931824,1.827049970626831,1.8256700038909912,1.826709985733032
2021-11-15 20:00:00+00:00,1.8267300128936768,1.827569961547852,1.8247100114822388,1.8249900341033936
2021-11-15 21:00:00+00:00,1.8250199556350708,1.825909972190857,1.8245500326156616,1.8250499963760376
2021-11-15 22:00:00+00:00,1.8252300024032595,1.8267699480056765,1.8242499828338623,1.8254499435424805
2021-11-15 23:00:00+00:00,1.8254499435424805,1.8262699842453003,1.8247499465942385,1.8256399631500244
2021-11-16 00:00:00+00:00,1.8256100416183472,1.826159954071045,1.823220014572144,1.8247300386428835
2021-11-16 01:00:00+00:00,1.824720025062561,1.82506000995636,1.8224899768829343,1.8235000371932983
2021-11-16 02:00:00+00:00,1.8235599994659424,1.825279951095581,1.822759985923767,1.8244800567626955
2021-11-16 03:00:00+00:00,1.8245199918746948,1.825819969177246,1.8233100175857544,1.8255900144577024
2021-11-16 04:00:00+00:00,1.825569987297058,1.8267199993133545,1.8246999979019165,1.825659990310669
2021-11-16 05:00:00+00:00,1.8256399631500244,1.828660011291504,1.8244999647140503,1.8278299570083616
2021-11-16 06:00:00+00:00,1.827890038490296,1.829740047454834,1.827069997787476,1.829010009765625
2021-11-16 07:00:00+00:00,1.829200029373169,1.834349989891052,1.8288999795913696,1.8335200548172
2021-11-16 08:00:00+00:00,1.8338600397109983,1.834820032119751,1.8308199644088743,1.834529995918274
2021-11-16 09:00:00+00:00,1.834579944610596,1.835819959640503,1.8328200578689573,1.8348900079727173
2021-11-16 10:00:00+00:00,1.834879994392395,1.8349100351333616,1.8323999643325808,1.8328499794006348
2021-11-16 11:00:00+00:00,1.832859992980957,1.8330199718475344,1.830739974975586,1.831130027770996
2021-11-16 12:00:00+00:00,1.831130027770996,1.83378005027771,1.8305200338363647,1.8327499628067017
2021-11-16 13:00:00+00:00,1.83273994922638,1.8346699476242063,1.830350041389465,1.834439992904663
2021-11-16 14:00:00+00:00,1.8345099687576287,1.835360050201416,1.833109974861145,1.8352199792861936
2021-11-16 15:00:00+00:00,1.835279941558838,1.835909962654113,1.8333100080490112,1.83421003818512
2021-11-16 16:00:00+00:00,1.83421003818512,1.8369799852371216,1.8335100412368768,1.836899995803833
2021-11-16 17:00:00+00:00,1.8369100093841555,1.8390699625015257,1.8363499641418457,1.8380299806594849
2021-11-16 18:00:00+00:00,1.83814001083374,1.8387600183486936,1.8371299505233765,1.838369965553284
2021-11-16 19:00:00+00:00,1.838320016860962,1.839570045471192,1.837649941444397,1.8392599821090696
2021-11-16 20:00:00+00:00,1.8393100500106807,1.840569972991944,1.8380299806594849,1.8396400213241573
2021-11-16 21:00:00+00:00,1.8396400213241573,1.840090036392212,1.837309956550598,1.8384300470352173
2021-11-16 22:00:00+00:00,1.838230013847351,1.8394999504089355,1.836940050125122,1.8389099836349487
2021-11-16 23:00:00+00:00,1.8389099836349487,1.8401800394058228,1.8380099534988403,1.838750004768372
2021-11-17 00:00:00+00:00,1.8387199640274048,1.8432899713516235,1.838250041007996,1.8419599533081048
2021-11-17 01:00:00+00:00,1.8420499563217163,1.84460997581482,1.84103000164032,1.842990040779113
2021-11-17 02:00:00+00:00,1.8430399894714355,1.8440500497817995,1.8422399759292605,1.8436299562454224
2021-11-17 03:00:00+00:00,1.843250036239624,1.846009969711304,1.842829942703247,1.8438199758529663
2021-11-17 04:00:00+00:00,1.843809962272644,1.8439199924469,1.8422000408172607,1.8431999683380127
2021-11-17 05:00:00+00:00,1.8432199954986568,1.844230055809021,1.8425699472427368,1.8430800437927248
2021-11-17 06:00:00+00:00,1.8430800437927248,1.8434699773788448,1.8407700061798096,1.841969966888428
2021-11-17 07:00:00+00:00,1.8420900106430047,1.846379995346069,1.8416500091552728,1.8434300422668457
2021-11-17 08:00:00+00:00,1.843440055847168,1.845020055770874,1.8427300453186035,1.8444600105285645
2021-11-17 09:00:00+00:00,1.8444900512695312,1.846459984779358,1.8433200120925903,1.8446500301361084
2021-11-17 10:00:00+00:00,1.8446999788284304,1.8478800058364868,1.8435900211334229,1.847730040550232
2021-11-17 11:00:00+00:00,1.847749948501587,1.847769975662232,1.843809962272644,1.8447999954223635
2021-11-17 12:00:00+00:00,1.8447400331497192,1.8458600044250488,1.8440300226211548,1.844730019569397
2021-11-17 13:00:00+00:00,1.8447699546813965,1.848099946975708,1.844230055809021,1.84798002243042
2021-11-17 14:00:00+00:00,1.8479900360107424,1.8537399768829343,1.8474299907684328,1.850909948348999
2021-11-17 15:00:00+00:00,1.8509000539779663,1.8515900373458865,1.8491599559783936,1.850489974021912
2021-11-17 16:00:00+00:00,1.8505500555038448,1.8554400205612185,1.8498300313949585,1.854320049285889
2021-11-17 17:00:00+00:00,1.854320049285889,1.8565800189971924,1.8532500267028809,1.85562002658844
2021-11-17 18:00:00+00:00,1.8557100296020508,1.8569600582122805,1.8550100326538088,1.8567999601364136
2021-11-17 19:00:00+00:00,1.856809973716736,1.85739004611969,1.855530023574829,1.8572900295257568
2021-11-17 20:00:00+00:00,1.8573399782180784,1.857460021972656,1.855329990386963,1.8567800521850584
2021-11-17 21:00:00+00:00,1.8567999601364136,1.857499957084656,1.854509949684143,1.85510003566742
2021-11-17 22:00:00+00:00,1.854830026626587,1.8573600053787231,1.8541300296783447,1.8569300174713133
2021-11-17 23:00:00+00:00,1.857010006904602,1.857499957084656,1.8552299737930296,1.855530023574829
2021-11-18 00:00:00+00:00,1.8557499647140503,1.8578200340271,1.855129957199097,1.8575400114059448
2021-11-18 01:00:00+00:00,1.857570052146912,1.860030055046081,1.856899976730347,1.8587100505828853
2021-11-18 02:00:00+00:00,1.858739972114563,1.8595399856567385,1.8567700386047363,1.8571200370788568
2021-11-18 03:00:00+00:00,1.8571799993515008,1.8580000400543213,1.8554500341415403,1.8564300537109373
2021-11-18 04:00:00+00:00,1.856469988822937,1.856619954109192,1.853899955749512,1.854779958724976
2021-11-18 05:00:00+00:00,1.8547899723052976,1.85493004322052,1.8530999422073364,1.853309988975525
2021-11-18 06:00:00+00:00,1.853369951248169,1.8545600175857544,1.8523399829864504,1.8533799648284912
2021-11-18 07:00:00+00:00,1.853399991989136,1.854099988937378,1.851369976997376,1.8531299829483032
2021-11-18 08:00:00+00:00,1.853209972381592,1.8547300100326536,1.851989984512329,1.8542799949646
2021-11-18 09:00:00+00:00,1.8542499542236328,1.8547899723052976,1.8515700101852417,1.852180004119873
2021-11-18 10:00:00+00:00,1.852220058441162,1.8535399436950684,1.8514399528503416,1.8524099588394165
2021-11-18 11:00:00+00:00,1.8524199724197388,1.8527899980545044,1.8502800464630127,1.850929975509644
2021-11-18 12:00:00+00:00,1.8509399890899656,1.8514599800109863,1.849609971046448,1.8502099514007568
2021-11-18 13:00:00+00:00,1.85018002986908,1.854990005493164,1.849670052528381,1.8543100357055664
2021-11-18 14:00:00+00:00,1.854359984397888,1.8551700115203853,1.8522900342941284,1.8544299602508545
2021-11-18 15:00:00+00:00,1.8543699979782104,1.858139991760254,1.852970004081726,1.8563799858093264
2021-11-18 16:00:00+00:00,1.8563599586486816,1.857499957084656,1.853960037231445,1.8554400205612185
2021-11-18 17:00:00+00:00,1.855370044708252,1.8557000160217283,1.8531999588012693,1.85493004322052
2021-11-18 18:00:00+00:00,1.8550000190734863,1.8567399978637693,1.8547099828720093,1.856289982795716
2021-11-18 19:00:00+00:00,1.856289982795716,1.856469988822937,1.854670047760009,1.8549699783325195
2021-11-18 20:00:00+00:00,1.854990005493164,1.85548996925354,1.8539799451828003,1.8550699949264529
2021-11-18 21:00:00+00:00,1.8550699949264529,1.8558199405670168,1.8533799648284912,1.8534899950027464
2021-11-18 22:00:00+00:00,1.8538299798965447,1.8559999465942385,1.85169005393982,1.8550699949264529
2021-11-18 23:00:00+00:00,1.8548099994659424,1.855139970779419,1.853909969329834,1.8549699783325195
2021-11-19 00:00:00+00:00,1.8550699949264529,1.855290055274964,1.853700041770935,1.85493004322052
2021-11-19 01:00:00+00:00,1.85493004322052,1.8560199737548828,1.8528200387954712,1.8534799814224243
2021-11-19 02:00:00+00:00,1.8534799814224243,1.8545900583267207,1.8524199724197388,1.854449987411499
2021-11-19 03:00:00+00:00,1.854519963264465,1.8556300401687624,1.8535000085830688,1.854259967803955
2021-11-19 04:00:00+00:00,1.854259967803955,1.854580044746399,1.8528300523757928,1.8537499904632568
2021-11-19 05:00:00+00:00,1.85371994972229,1.8541500568389893,1.851619958877564,1.8520100116729736
2021-11-19 06:00:00+00:00,1.8520300388336184,1.8531299829483032,1.8512799739837649,1.8526400327682493
2021-11-19 07:00:00+00:00,1.852710008621216,1.853780031204224,1.8519799709320068,1.852499961853028
2021-11-19 08:00:00+00:00,1.8525400161743164,1.853340029716492,1.849310040473938,1.8496899604797363
2021-11-19 09:00:00+00:00,1.849760055541992,1.8549200296401973,1.8481199741363523,1.854519963264465
2021-11-19 10:00:00+00:00,1.854470014572144,1.8546799421310425,1.8522000312805176,1.854030013084412
2021-11-19 11:00:00+00:00,1.854030013084412,1.858819961547852,1.8535399436950684,1.8582299947738647
2021-11-19 12:00:00+00:00,1.85820996761322,1.85820996761322,1.854910016059876,1.8555699586868288
2021-11-19 13:00:00+00:00,1.85562002658844,1.8572399616241453,1.854339957237244,1.8550200462341309
2021-11-19 14:00:00+00:00,1.8550200462341309,1.8562599420547483,1.8525999784469604,1.8531299829483032
2021-11-19 15:00:00+00:00,1.853209972381592,1.8563599586486816,1.8523999452590945,1.8554600477218628
2021-11-19 16:00:00+00:00,1.8554600477218628,1.8569600582122805,1.8544100522994995,1.856619954109192
2021-11-19 17:00:00+00:00,1.8566499948501587,1.858590006828308,1.8554199934005733,1.857630014419556
2021-11-19 18:00:00+00:00,1.8576500415802,1.858870029449463,1.856950044631958,1.858450055122376
2021-11-19 19:00:00+00:00,1.858450055122376,1.8591200113296509,1.8577899932861328,1.8585200309753416
2021-11-19 20:00:00+00:00,1.8585100173950195,1.8592599630355835,1.857740044593811,1.8585200309753416
2021-11-19 21:00:00+00:00,1.8585200309753416,1.859509944915772,1.8562599420547483,1.858530044555664
2021-11-19 22:00:00+00:00,1.8584100008010864,1.860159993171692,1.8584100008010864,1.8597300052642824
2021-11-22 00:00:00+00:00,1.857460021972656,1.8595600128173828,1.856320023536682,1.8579100370407104
2021-11-22 01:00:00+00:00,1.8579200506210327,1.8585200309753416,1.8559900522232056,1.8562400341033936
2021-11-22 02:00:00+00:00,1.8562999963760376,1.8570300340652464,1.8546299934387207,1.85634994506836
2021-11-22 03:00:00+00:00,1.85634994506836,1.8565900325775144,1.854339957237244,1.8549400568008425
2021-11-22 04:00:00+00:00,1.8549400568008425,1.854949951171875,1.8523999452590945,1.853659987449646
2021-11-22 05:00:00+00:00,1.8536700010299685,1.854519963264465,1.8527899980545044,1.853410005569458
2021-11-22 06:00:00+00:00,1.853469967842102,1.854529976844788,1.8526300191879272,1.8542499542236328
2021-11-22 07:00:00+00:00,1.854320049285889,1.8546299934387207,1.851539969444275,1.8523399829864504
2021-11-22 08:00:00+00:00,1.852309942245484,1.8532400131225584,1.850260019302368,1.8521699905395508
2021-11-22 09:00:00+00:00,1.8521499633789065,1.8525700569152832,1.8498300313949585,1.850819945335388
2021-11-22 10:00:00+00:00,1.850810050964356,1.8519099950790403,1.8499699831008911,1.851770043373108
2021-11-22 11:00:00+00:00,1.851770043373108,1.8526699542999268,1.849869966506958,1.852309942245484
2021-11-22 12:00:00+00:00,1.85221004486084,1.8530700206756592,1.850430011749268,1.852220058441162
2021-11-22 13:00:00+00:00,1.8522299528121948,1.8523499965667725,1.8487199544906616,1.849179983139038
2021-11-22 14:00:00+00:00,1.849110007286072,1.8510700464248653,1.8471800088882449,1.85030996799469
2021-11-22 15:00:00+00:00,1.8503299951553345,1.8513400554656985,1.8479399681091309,1.848960041999817
2021-11-22 16:00:00+00:00,1.848889946937561,1.853970050811768,1.848610043525696,1.8537499904632568
2021-11-22 17:00:00+00:00,1.8537499904632568,1.854490041732788,1.8518600463867188,1.8523499965667725
2021-11-22 18:00:00+00:00,1.8522800207138064,1.853060007095337,1.8518600463867188,1.852460026741028
2021-11-22 19:00:00+00:00,1.8524399995803835,1.8530000448226929,1.851580023765564,1.85221004486084
2021-11-22 20:00:00+00:00,1.8522800207138064,1.8545000553131104,1.851989984512329,1.8540199995040887
2021-11-22 21:00:00+00:00,1.8539999723434448,1.854359984397888,1.852270007133484,1.8541200160980225
2021-11-22 22:00:00+00:00,1.8541300296783447,1.8544399738311768,1.8519400358200075,1.8536800146102903
2021-11-22 23:00:00+00:00,1.8535499572753904,1.8540400266647337,1.8525700569152832,1.853600025177002
2021-11-23 00:00:00+00:00,1.8536200523376465,1.854169964790344,1.85247004032135,1.85371994972229
2021-11-23 01:00:00+00:00,1.853780031204224,1.854339957237244,1.8516299724578853,1.8526400327682493
2021-11-23 02:00:00+00:00,1.852579951286316,1.8551700115203853,1.8521100282669067,1.853309988975525
2021-11-23 03:00:00+00:00,1.853309988975525,1.8540400266647337,1.8524399995803835,1.8536700010299685
2021-11-23 04:00:00+00:00,1.853760004043579,1.85479998588562,1.8529900312423704,1.8544600009918213
2021-11-23 05:00:00+00:00,1.854490041732788,1.855839967727661,1.853919982910156,1.8555200099945068
2021-11-23 06:00:00+00:00,1.8554600477218628,1.8556499481201167,1.853410005569458,1.854009985923767
2021-11-23 07:00:00+00:00,1.8539299964904783,1.855159997940064,1.8532899618148804,1.8538899421691888
2021-11-23 08:00:00+00:00,1.853899955749512,1.855370044708252,1.852869987487793,1.8539400100708008
2021-11-23 09:00:00+00:00,1.8540199995040887,1.854030013084412,1.850379943847656,1.85169005393982
2021-11-23 10:00:00+00:00,1.8517199754714968,1.8517600297927856,1.849120020866394,1.849660038948059
2021-11-23 11:00:00+00:00,1.8492900133132928,1.8516600131988523,1.8492900133132928,1.850540041923523
2021-11-23 12:00:00+00:00,1.850600004196167,1.851130008697509,1.849179983139038,1.850000023841858
2021-11-23 13:00:00+00:00,1.849990010261536,1.852300047874451,1.8496400117874143,1.852270007133484
2021-11-23 14:00:00+00:00,1.852270007133484,1.8524500131607056,1.849550008773804,1.850319981575012
2021-11-23 15:00:00+00:00,1.850319981575012,1.852530002593994,1.8496899604797363,1.8519500494003296
2021-11-23 16:00:00+00:00,1.8519099950790403,1.8543299436569207,1.8516700267791748,1.8536900281906128
2021-11-23 17:00:00+00:00,1.8537399768829343,1.8542799949646,1.8517999649047847,1.8528900146484373
2021-11-23 18:00:00+00:00,1.852929949760437,1.8532899618148804,1.8513599634170528,1.8518999814987185
2021-11-23 19:00:00+00:00,1.851930022239685,1.8528800010681152,1.8514200448989868,1.852460026741028
2021-11-23 20:00:00+00:00,1.852519989013672,1.8526899814605715,1.850430011749268,1.8508800268173216
2021-11-23 21:00:00+00:00,1.8508800268173216,1.8519599437713623,1.849920034408569,1.8507000207901
2021-11-23 22:00:00+00:00,1.850729942321777,1.8517199754714968,1.8492499589920044,1.850950002670288
2021-11-23 23:00:00+00:00,1.850950002670288,1.8522800207138064,1.8501399755477903,1.8519400358200075
2021-11-24 00:00:00+00:00,1.851930022239685,1.8524800539016724,1.851040005683899,1.8519599437713623
2021-11-24 01:00:00+00:00,1.8519099950790403,1.853860020637512,1.8507200479507449,1.8528599739074707
2021-11-24 02:00:00+00:00,1.8528300523757928,1.8536800146102903,1.8514100313186648,1.8525400161743164
2021-11-24 03:00:00+00:00,1.852530002593994,1.8560099601745603,1.8520400524139404,1.8553099632263184
2021-11-24 04:00:00+00:00,1.855239987373352,1.8573600053787231,1.855049967765808,1.855180025100708
2021-11-24 05:00:00+00:00,1.855530023574829,1.855929970741272,1.8536200523376465,1.854390025138855
2021-11-24 06:00:00+00:00,1.8544000387191768,1.8545000553131104,1.8525899648666384,1.853469967842102
2021-11-24 07:00:00+00:00,1.8534899950027464,1.854859948158264,1.8524800539016724,1.852499961853028
2021-11-24 08:00:00+00:00,1.852620005607605,1.853469967842102,1.8509700298309328,1.8510899543762207
2021-11-24 09:00:00+00:00,1.8511799573898315,1.8518500328063965,1.8495299816131592,1.850260019302368
2021-11-24 10:00:00+00:00,1.850319981575012,1.8520499467849727,1.849239945411682,1.8518999814987185
2021-11-24 11:00:00+00:00,1.851930022239685,1.854320049285889,1.8515199422836304,1.85359001159668
2021-11-24 12:00:00+00:00,1.8536299467086792,1.8557000160217283,1.8529800176620483,1.8535699844360352
2021-11-24 13:00:00+00:00,1.8534899950027464,1.855909943580628,1.851889967918396,1.855909943580628
2021-11-24 14:00:00+00:00,1.8559000492095947,1.8565800189971924,1.853399991989136,1.853659987449646
2021-11-24 15:00:00+00:00,1.8532299995422363,1.8540799617767327,1.8514200448989868,1.8535799980163568
2021-11-24 16:00:00+00:00,1.8535799980163568,1.854269981384277,1.8509700298309328,1.8522299528121948
2021-11-24 17:00:00+00:00,1.8522299528121948,1.853649973869324,1.8514800071716309,1.8531999588012693
2021-11-24 18:00:00+00:00,1.8531999588012693,1.85359001159668,1.8520300388336184,1.8530800342559808
2021-11-24 19:00:00+00:00,1.8531099557876587,1.8541100025177,1.8514599800109863,1.8521499633789065
2021-11-24 20:00:00+00:00,1.8521499633789065,1.8529200553894043,1.851250052452088,1.8516299724578853
2021-11-24 21:00:00+00:00,1.8516600131988523,1.852779984474182,1.8509399890899656,1.8513400554656985
2021-11-24 22:00:00+00:00,1.8513000011444087,1.852810025215149,1.85018002986908,1.8519400358200075
2021-11-24 23:00:00+00:00,1.8518799543380733,1.8523900508880613,1.8501900434494016,1.8507499694824217
2021-11-25 00:00:00+00:00,1.850890040397644,1.8519099950790403,1.8498899936676023,1.8519099950790403
2021-11-25 01:00:00+00:00,1.8518999814987185,1.852429986000061,1.8507000207901,1.8518600463867188
2021-11-25 02:00:00+00:00,1.8518799543380733,1.8528599739074707,1.850810050964356,1.852579951286316
2021-11-25 03:00:00+00:00,1.8526099920272827,1.8533899784088133,1.85169005393982,1.8528800010681152
2021-11-25 04:00:00+00:00,1.8529200553894043,1.8535799980163568,1.8523600101470947,1.8526899814605715
2021-11-25 05:00:00+00:00,1.852679967880249,1.853950023651123,1.852220058441162,1.8530800342559808
2021-11-25 06:00:00+00:00,1.8530100584030151,1.8534300327301023,1.8522000312805176,1.853209972381592
2021-11-25 07:00:00+00:00,1.8532999753952024,1.8533899784088133,1.8512200117111208,1.8532299995422363
2021-11-25 08:00:00+00:00,1.8532500267028809,1.854740023612976,1.851889967918396,1.854390025138855
2021-11-25 09:00:00+00:00,1.854449987411499,1.8564599752426147,1.8536700010299685,1.8545399904251096
2021-11-25 10:00:00+00:00,1.854580044746399,1.8550599813461304,1.8526699542999268,1.8528900146484373
2021-11-25 11:00:00+00:00,1.852910041809082,1.8545700311660769,1.8518400192260744,1.8531999588012693
2021-11-25 12:00:00+00:00,1.853209972381592,1.8538299798965447,1.851699948310852,1.8536800146102903
2021-11-25 13:00:00+00:00,1.8538099527359009,1.854349970817566,1.8517099618911743,1.853350043296814
2021-11-25 14:00:00+00:00,1.8533799648284912,1.85385000705719,1.8512400388717647,1.8515299558639529
2021-11-25 15:00:00+00:00,1.8516099452972408,1.8533200025558472,1.8509199619293213,1.8525400161743164
2021-11-25 16:00:00+00:00,1.852650046348572,1.8537399768829343,1.85224997997284,1.8531700372695925
2021-11-25 17:00:00+00:00,1.8531700372695925,1.8542300462722776,1.8525400161743164,1.8538099527359009
2021-11-25 18:00:00+00:00,1.8537700176239007,1.8546299934387207,1.85155999660492,1.8526999950408936
2021-11-25 19:00:00+00:00,1.8529900312423704,1.8541300296783447,1.851349949836731,1.85302996635437
2021-11-25 20:00:00+00:00,1.8531299829483032,1.853780031204224,1.8508399724960327,1.8531399965286253
2021-11-25 21:00:00+00:00,1.8531399965286253,1.8537399768829343,1.8511199951171875,1.851639986038208
2021-11-25 22:00:00+00:00,1.852710008621216,1.8535100221633911,1.8480299711227417,1.8526899814605715
2021-11-25 23:00:00+00:00,1.8526899814605715,1.8557100296020508,1.851099967956543,1.8554999828338623
2021-11-26 00:00:00+00:00,1.8556900024414065,1.857699990272522,1.8544000387191768,1.855839967727661
2021-11-26 01:00:00+00:00,1.8558299541473389,1.8593499660491943,1.8548799753189087,1.8590400218963623
2021-11-26 02:00:00+00:00,1.8590999841690063,1.862720012664795,1.8586399555206297,1.861979961395264
2021-11-26 03:00:00+00:00,1.862030029296875,1.8642899990081787,1.8610600233078003,1.862380027770996
2021-11-26 04:00:00+00:00,1.8623900413513184,1.8635599613189693,1.8614699840545648,1.862920045852661
2021-11-26 05:00:00+00:00,1.862920045852661,1.8639099597930908,1.861610054969788,1.862339973449707
2021-11-26 06:00:00+00:00,1.862339973449707,1.8650000095367432,1.8617099523544312,1.864429950714112
2021-11-26 07:00:00+00:00,1.8644100427627563,1.867709994316101,1.8642899990081787,1.8675999641418457
2021-11-26 08:00:00+00:00,1.8676600456237795,1.869830012321472,1.8628599643707275,1.8632500171661377
2021-11-26 09:00:00+00:00,1.8632800579071045,1.8696000576019287,1.862939953804016,1.8680700063705444
2021-11-26 10:00:00+00:00,1.8680200576782229,1.8683600425720213,1.863700032234192,1.8670400381088257
2021-11-26 11:00:00+00:00,1.8669099807739256,1.8682600259780884,1.865520000457764,1.866860032081604
2021-11-26 12:00:00+00:00,1.866979956626892,1.867400050163269,1.863800048828125,1.865630030632019
2021-11-26 13:00:00+00:00,1.865779995918274,1.8682299852371216,1.864949941635132,1.86684000492096
2021-11-26 14:00:00+00:00,1.866979956626892,1.8677599430084229,1.865190029144287,1.865820050239563
2021-11-26 15:00:00+00:00,1.865700006484985,1.8719300031661987,1.865210056304932,1.8711700439453125
2021-11-26 16:00:00+00:00,1.8712799549102783,1.8722100257873533,1.8686399459838867,1.870000004768372
2021-11-26 17:00:00+00:00,1.870059967041016,1.8712999820709229,1.8676999807357788,1.8705099821090696
2021-11-26 18:00:00+00:00,1.8705099821090696,1.87417995929718,1.8677599430084229,1.871940016746521
2021-11-26 19:00:00+00:00,1.871790051460266,1.8751399517059328,1.868839979171753,1.872779965400696
2021-11-26 20:00:00+00:00,1.8727400302886963,1.876870036125183,1.8654299974441528,1.871510028839112
2021-11-26 21:00:00+00:00,1.8716200590133667,1.8782600164413448,1.8673900365829468,1.8717999458312988
2021-11-26 22:00:00+00:00,1.871399998664856,1.871399998664856,1.871399998664856,1.871399998664856
2021-11-29 00:00:00+00:00,1.867650032043457,1.8691099882125848,1.866510033607483,1.8683600425720213
2021-11-29 01:00:00+00:00,1.868409991264344,1.868839979171753,1.8663899898529053,1.8671499490737915
2021-11-29 02:00:00+00:00,1.8671400547027588,1.868170022964477,1.8661400079727173,1.8670599460601809
2021-11-29 03:00:00+00:00,1.867030024528504,1.8688499927520752,1.865380048751831,1.865900039672852
2021-11-29 04:00:00+00:00,1.865960001945496,1.8676199913024905,1.8653199672698968,1.8666800260543823
2021-11-29 05:00:00+00:00,1.86670994758606,1.8700400590896609,1.866459965705872,1.8682199716567995
2021-11-29 06:00:00+00:00,1.868250012397766,1.869330048561096,1.8650699853897093,1.865779995918274
2021-11-29 07:00:00+00:00,1.865790009498596,1.8663400411605835,1.863860011100769,1.8647300004959104
2021-11-29 08:00:00+00:00,1.8647799491882324,1.868170022964477,1.864199995994568,1.867519974708557
2021-11-29 09:00:00+00:00,1.8676400184631348,1.868170022964477,1.8649300336837769,1.8660500049591064
2021-11-29 10:00:00+00:00,1.866029977798462,1.8678300380706787,1.864060044288636,1.8676300048828125
2021-11-29 11:00:00+00:00,1.8676300048828125,1.8679800033569336,1.8649300336837769,1.865880012512207
2021-11-29 12:00:00+00:00,1.8659100532531736,1.8683500289916992,1.865380048751831,1.86615002155304
2021-11-29 13:00:00+00:00,1.86615002155304,1.866559982299805,1.8632800579071045,1.863919973373413
2021-11-29 14:00:00+00:00,1.8638999462127688,1.8647500276565552,1.8623299598693848,1.864429950714112
2021-11-29 15:00:00+00:00,1.8645299673080444,1.868549942970276,1.863240003585816,1.8682199716567995
2021-11-29 16:00:00+00:00,1.8681800365448,1.8692200183868408,1.8665800094604488,1.867050051689148
2021-11-29 17:00:00+00:00,1.8670200109481807,1.8673700094223025,1.863919973373413,1.8659900426864624
2021-11-29 18:00:00+00:00,1.865960001945496,1.866070032119751,1.8633099794387813,1.863739967346192
2021-11-29 19:00:00+00:00,1.863680005073548,1.864789962768555,1.8632899522781368,1.864359974861145
2021-11-29 20:00:00+00:00,1.8644399642944336,1.8659299612045288,1.8640400171279907,1.865440011024475
2021-11-29 21:00:00+00:00,1.865399956703186,1.8656599521636963,1.863019943237305,1.8631099462509155
2021-11-29 22:00:00+00:00,1.863420009613037,1.866269946098328,1.8621200323104856,1.863549947738648
2021-11-29 23:00:00+00:00,1.863549947738648,1.8642499446868896,1.8625999689102173,1.8629000186920168
2021-11-30 00:00:00+00:00,1.8632099628448489,1.8649100065231323,1.861979961395264,1.8648099899291992
2021-11-30 01:00:00+00:00,1.8647799491882324,1.8650599718093872,1.8629499673843384,1.8638700246810915
2021-11-30 02:00:00+00:00,1.863919973373413,1.8643699884414675,1.862210035324097,1.8625099658966064
2021-11-30 03:00:00+00:00,1.862529993057251,1.8652499914169312,1.861999988555908,1.864050030708313
2021-11-30 04:00:00+00:00,1.8640999794006348,1.8653099536895752,1.8635200262069704,1.8646199703216555
2021-11-30 05:00:00+00:00,1.864629983901977,1.8750499486923216,1.863890051841736,1.8748199939727783
2021-11-30 06:00:00+00:00,1.8747999668121336,1.87654995918274,1.871569991111756,1.873810052871704
2021-11-30 07:00:00+00:00,1.873810052871704,1.874940037727356,1.869869947433472,1.872030019760132
2021-11-30 08:00:00+00:00,1.8719799518585205,1.8767999410629272,1.8706599473953247,1.8758100271224976
2021-11-30 09:00:00+00:00,1.87582004070282,1.8786799907684328,1.8746800422668457,1.875360012054444
2021-11-30 10:00:00+00:00,1.875360012054444,1.8758399486541748,1.8715499639511108,1.8725600242614744
2021-11-30 11:00:00+00:00,1.8725600242614744,1.873479962348938,1.8694599866867063,1.870630025863648
2021-11-30 12:00:00+00:00,1.8707200288772583,1.8709299564361568,1.8667700290679927,1.8675600290298464
2021-11-30 13:00:00+00:00,1.8675099611282349,1.8681999444961548,1.864840030670166,1.8658900260925293
2021-11-30 14:00:00+00:00,1.8658000230789185,1.866610050201416,1.8637800216674805,1.8654899597167969
2021-11-30 15:00:00+00:00,1.8655099868774407,1.8709100484848025,1.8630599975585933,1.865710020065308
2021-11-30 16:00:00+00:00,1.8656699657440183,1.8700499534606927,1.8635900020599363,1.869060039520264
2021-11-30 17:00:00+00:00,1.869060039520264,1.871019959449768,1.8668999671936035,1.8675400018692017
2021-11-30 18:00:00+00:00,1.8675400018692017,1.8677599430084229,1.8643800020217896,1.8653099536895752
2021-11-30 19:00:00+00:00,1.865280032157898,1.866029977798462,1.86421000957489,1.865339994430542
2021-11-30 20:00:00+00:00,1.8653199672698968,1.8671300411224363,1.8644800186157229,1.865949988365173
2021-11-30 21:00:00+00:00,1.86601996421814,1.8668800592422483,1.8645999431610107,1.8651200532913208
2021-11-30 22:00:00+00:00,1.8652299642562864,1.8672900199890137,1.862779974937439,1.8660900592803955
2021-11-30 23:00:00+00:00,1.866209983825684,1.867930054664612,1.865149974822998,1.8657499551773071
2021-12-01 00:00:00+00:00,1.8658699989318848,1.867089986801148,1.8631099462509155,1.864949941635132
2021-12-01 01:00:00+00:00,1.8649699687957764,1.865399956703186,1.861799955368042,1.8630800247192385
2021-12-01 02:00:00+00:00,1.8630900382995603,1.8631900548934937,1.8591500520706177,1.8595900535583496
2021-12-01 03:00:00+00:00,1.8596099615097048,1.8610700368881223,1.8582600355148315,1.8597700595855715
2021-12-01 04:00:00+00:00,1.8597999811172483,1.8600000143051147,1.8573399782180784,1.858389973640442
2021-12-01 05:00:00+00:00,1.858389973640442,1.8593499660491943,1.8576699495315552,1.859089970588684
2021-12-01 06:00:00+00:00,1.859089970588684,1.8606300354003904,1.8571799993515008,1.8604999780654907
2021-12-01 07:00:00+00:00,1.8604799509048464,1.8635300397872925,1.8597899675369265,1.862190008163452
2021-12-01 08:00:00+00:00,1.862149953842163,1.8628599643707275,1.8594900369644165,1.8602999448776243
2021-12-01 09:00:00+00:00,1.8603099584579468,1.863070011138916,1.8584200143814087,1.8606499433517456
2021-12-01 10:00:00+00:00,1.8607100248336792,1.862249970436096,1.8592900037765503,1.8607499599456787
2021-12-01 11:00:00+00:00,1.8607499599456787,1.8627899885177608,1.8592100143432613,1.8624000549316408
2021-12-01 12:00:00+00:00,1.862360000610352,1.8642499446868896,1.8614399433135984,1.86421000957489
2021-12-01 13:00:00+00:00,1.864230036735535,1.8657200336456297,1.8618899583816528,1.863929986953736
2021-12-01 14:00:00+00:00,1.8638800382614136,1.8653000593185425,1.862149953842163,1.8626799583435056
2021-12-01 15:00:00+00:00,1.862210035324097,1.8639700412750244,1.859910011291504,1.863180041313172
2021-12-01 16:00:00+00:00,1.863170027732849,1.8667000532150269,1.86243999004364,1.865949988365173
2021-12-01 17:00:00+00:00,1.86598002910614,1.8679499626159668,1.8650699853897093,1.8673900365829468
2021-12-01 18:00:00+00:00,1.8673700094223025,1.8679399490356443,1.8645199537277224,1.866260051727295
2021-12-01 19:00:00+00:00,1.866320013999939,1.8677599430084229,1.865650057792664,1.8675800561904907
2021-12-01 20:00:00+00:00,1.86749005317688,1.869500041007996,1.867069959640503,1.869369983673096
2021-12-01 21:00:00+00:00,1.869379997253418,1.8694599866867063,1.865880012512207,1.8679499626159668
2021-12-01 22:00:00+00:00,1.867859959602356,1.86913001537323,1.8655099868774407,1.868749976158142
2021-12-01 23:00:00+00:00,1.868810057640076,1.869060039520264,1.8671300411224363,1.8678200244903564
2021-12-02 00:00:00+00:00,1.8680200576782229,1.8708900213241573,1.8669899702072144,1.8699500560760496
2021-12-02 01:00:00+00:00,1.8699400424957275,1.870479941368103,1.866729974746704,1.8679100275039675
2021-12-02 02:00:00+00:00,1.8678200244903564,1.8704099655151367,1.8676300048828125,1.868839979171753
2021-12-02 03:00:00+00:00,1.868839979171753,1.869989991188049,1.868489980697632,1.8691999912261963
2021-12-02 04:00:00+00:00,1.869140028953552,1.872879981994629,1.868549942970276,1.87214994430542
2021-12-02 05:00:00+00:00,1.872120022773743,1.8728400468826287,1.8702199459075928,1.8707200288772583
2021-12-02 06:00:00+00:00,1.8707799911499023,1.8716000318527224,1.869140028953552,1.8694700002670288
2021-12-02 07:00:00+00:00,1.8695100545883176,1.8705500364303589,1.868149995803833,1.869740009307861
2021-12-02 08:00:00+00:00,1.86968994140625,1.871510028839112,1.868399977684021,1.8711800575256348
2021-12-02 09:00:00+00:00,1.871209979057312,1.8744399547576904,1.8706400394439693,1.8737200498580933
2021-12-02 10:00:00+00:00,1.8737200498580933,1.8759599924087524,1.8733400106430047,1.874019980430603
2021-12-02 11:00:00+00:00,1.8739999532699585,1.87677001953125,1.8734999895095823,1.8757100105285645
2021-12-02 12:00:00+00:00,1.8757100105285645,1.878600001335144,1.8745900392532349,1.8765900135040283
2021-12-02 13:00:00+00:00,1.8765900135040283,1.8789399862289429,1.8758100271224976,1.876579999923706
2021-12-02 14:00:00+00:00,1.8767399787902832,1.878520011901856,1.8737499713897705,1.874559998512268
2021-12-02 15:00:00+00:00,1.874420046806336,1.875730037689209,1.8717999458312988,1.8752000331878664
2021-12-02 16:00:00+00:00,1.875190019607544,1.8763699531555176,1.8732099533081048,1.8745800256729128
2021-12-02 17:00:00+00:00,1.874600052833557,1.8753199577331543,1.873129963874817,1.8747700452804563
2021-12-02 18:00:00+00:00,1.8747600317001345,1.8760299682617188,1.87362003326416,1.873960018157959
2021-12-02 19:00:00+00:00,1.8740700483322144,1.8766599893569944,1.873289942741394,1.875890016555786
2021-12-02 20:00:00+00:00,1.875920057296753,1.8761199712753296,1.8743000030517576,1.875249981880188
2021-12-02 21:00:00+00:00,1.875249981880188,1.876039981842041,1.8741099834442136,1.8747400045394893
2021-12-02 22:00:00+00:00,1.8741999864578247,1.875980019569397,1.870350003242493,1.8752000331878664
2021-12-02 23:00:00+00:00,1.8752199411392207,1.8769099712371824,1.8739900588989256,1.8765599727630613
2021-12-03 00:00:00+00:00,1.8763400316238403,1.8777300119400024,1.8759299516677856,1.877560019493103
2021-12-03 01:00:00+00:00,1.877640008926392,1.880519986152649,1.8768800497055047,1.8793400526046755
2021-12-03 02:00:00+00:00,1.879289984703064,1.8807599544525144,1.878559947013855,1.879430055618286
2021-12-03 03:00:00+00:00,1.879449963569641,1.8813799619674685,1.8781700134277344,1.8791600465774536
2021-12-03 04:00:00+00:00,1.8791600465774536,1.879979968070984,1.8777899742126465,1.878460049629212
2021-12-03 05:00:00+00:00,1.8783799409866333,1.879080057144165,1.876950025558472,1.877640008926392
2021-12-03 06:00:00+00:00,1.8775899410247805,1.880329966545105,1.8766499757766724,1.8798999786376955
2021-12-03 07:00:00+00:00,1.87995994091034,1.880020022392273,1.8785300254821773,1.8791199922561648
2021-12-03 08:00:00+00:00,1.87909996509552,1.8811500072479248,1.8785300254821773,1.8807200193405151
2021-12-03 09:00:00+00:00,1.8807799816131592,1.8845700025558472,1.8801000118255613,1.8837300539016724
2021-12-03 10:00:00+00:00,1.8837900161743164,1.8841700553894043,1.8816900253295896,1.8831499814987185
2021-12-03 11:00:00+00:00,1.8831700086593628,1.8832299709320068,1.8786200284957888,1.879870057106018
2021-12-03 12:00:00+00:00,1.87992000579834,1.880300045013428,1.877410054206848,1.8794900178909304
2021-12-03 13:00:00+00:00,1.8794699907302856,1.8817100524902344,1.8762099742889404,1.8804700374603271
2021-12-03 14:00:00+00:00,1.8803900480270384,1.8842899799346924,1.8798999786376955,1.8838399648666384
2021-12-03 15:00:00+00:00,1.883870005607605,1.8846700191497805,1.881070017814636,1.8842600584030151
2021-12-03 16:00:00+00:00,1.8842600584030151,1.887719988822937,1.8819999694824217,1.88756000995636
2021-12-03 17:00:00+00:00,1.88756000995636,1.889379978179932,1.8867499828338623,1.8885799646377563
2021-12-03 18:00:00+00:00,1.8885999917984009,1.8910399675369265,1.888100028038025,1.8908400535583496
2021-12-03 19:00:00+00:00,1.8908699750900269,1.8915899991989136,1.8896600008010864,1.890640020370484
2021-12-03 20:00:00+00:00,1.8906500339508057,1.891669988632202,1.888880014419556,1.8901300430297847
2021-12-03 21:00:00+00:00,1.890069961547852,1.8917200565338133,1.888200044631958,1.888200044631958
2021-12-03 22:00:00+00:00,1.888550043106079,1.889840006828308,1.888550043106079,1.889840006828308
2021-12-06 00:00:00+00:00,1.8858200311660769,1.8886799812316888,1.8848700523376465,1.885779976844788
2021-12-06 01:00:00+00:00,1.8859599828720093,1.8871099948883057,1.8843899965286253,1.885450005531311
2021-12-06 02:00:00+00:00,1.8854800462722776,1.8861500024795528,1.8833500146865845,1.8860900402069087
2021-12-06 03:00:00+00:00,1.8860100507736208,1.8866499662399288,1.8845800161361688,1.8852699995040887
2021-12-06 04:00:00+00:00,1.885200023651123,1.8856899738311768,1.88349997997284,1.8838399648666384
2021-12-06 05:00:00+00:00,1.883900046348572,1.8865100145339968,1.883270025253296,1.8857899904251096
2021-12-06 06:00:00+00:00,1.8858400583267207,1.8864400386810305,1.8846299648284912,1.886080026626587
2021-12-06 07:00:00+00:00,1.886160016059876,1.8863600492477417,1.885010004043579,1.886330008506775
2021-12-06 08:00:00+00:00,1.8863600492477417,1.888409972190857,1.885220050811768,1.887030005455017
2021-12-06 09:00:00+00:00,1.8870500326156616,1.887539982795716,1.8825700283050537,1.8873599767684937
2021-12-06 10:00:00+00:00,1.887410044670105,1.888069987297058,1.8849899768829343,1.88704001903534
2021-12-06 11:00:00+00:00,1.88704001903534,1.8878599405288696,1.885110020637512,1.8869199752807613
2021-12-06 12:00:00+00:00,1.8869199752807613,1.8880399465560915,1.8853199481964111,1.886330008506775
2021-12-06 13:00:00+00:00,1.8863600492477417,1.886409997940064,1.8820799589157104,1.8831000328063965
2021-12-06 14:00:00+00:00,1.8830900192260744,1.8833500146865845,1.8791899681091309,1.8795599937438965
2021-12-06 15:00:00+00:00,1.8795900344848635,1.8802000284194944,1.8768999576568604,1.878219962120056
2021-12-06 16:00:00+00:00,1.8782099485397337,1.8820799589157104,1.8781700134277344,1.8814400434494016
2021-12-06 17:00:00+00:00,1.881410002708435,1.881510019302368,1.8792200088500977,1.8812099695205688
2021-12-06 18:00:00+00:00,1.8811999559402464,1.881760001182556,1.8803900480270384,1.8812899589538568
2021-12-06 19:00:00+00:00,1.881350040435791,1.8827600479125977,1.880910038948059,1.8825500011444087
2021-12-06 20:00:00+00:00,1.882560014724732,1.883080005645752,1.8808399438858032,1.881180047988892
2021-12-06 21:00:00+00:00,1.881180047988892,1.881600022315979,1.879930019378662,1.880669951438904
2021-12-06 22:00:00+00:00,1.8808499574661253,1.8821300268173216,1.877120018005371,1.8807899951934808
2021-12-06 23:00:00+00:00,1.8811399936676023,1.8825299739837649,1.879670023918152,1.881160020828247
2021-12-07 00:00:00+00:00,1.8813799619674685,1.883489966392517,1.8810800313949585,1.8822300434112549
2021-12-07 01:00:00+00:00,1.8822300434112549,1.8828799724578853,1.8799999952316284,1.8803800344467163
2021-12-07 02:00:00+00:00,1.8803800344467163,1.8844900131225584,1.880139946937561,1.8826500177383425
2021-12-07 03:00:00+00:00,1.88264000415802,1.882889986038208,1.8780499696731567,1.880139946937561
2021-12-07 04:00:00+00:00,1.880139946937561,1.8801499605178835,1.87771999835968,1.8783700466156008
2021-12-07 05:00:00+00:00,1.8782600164413448,1.878559947013855,1.8751300573349,1.876070022583008
2021-12-07 06:00:00+00:00,1.8760499954223635,1.8763999938964844,1.8727600574493408,1.873129963874817
2021-12-07 07:00:00+00:00,1.8730800151824951,1.874040007591248,1.8717199563980105,1.872789978981018
2021-12-07 08:00:00+00:00,1.8728699684143064,1.873370051383972,1.8686100244522093,1.8691699504852293
2021-12-07 09:00:00+00:00,1.8691699504852293,1.8713899850845337,1.868170022964477,1.8687100410461424
2021-12-07 10:00:00+00:00,1.868749976158142,1.871129989624024,1.8675999641418457,1.8700400590896609
2021-12-07 11:00:00+00:00,1.870419979095459,1.870579957962036,1.8647199869155884,1.86598002910614
2021-12-07 12:00:00+00:00,1.86601996421814,1.8666499853134155,1.8627899885177608,1.8650699853897093
2021-12-07 13:00:00+00:00,1.8650699853897093,1.865540027618408,1.8627500534057613,1.8631900548934937
2021-12-07 14:00:00+00:00,1.863170027732849,1.865470051765442,1.8607499599456787,1.8625999689102173
2021-12-07 15:00:00+00:00,1.8625799417495728,1.8631900548934937,1.859529972076416,1.859830021858216
2021-12-07 16:00:00+00:00,1.859830021858216,1.8611899614334104,1.8580000400543213,1.8610299825668333
2021-12-07 17:00:00+00:00,1.861009955406189,1.8610700368881223,1.858919978141785,1.8600499629974363
2021-12-07 18:00:00+00:00,1.860100030899048,1.8617700338363647,1.8590400218963623,1.8603999614715576
2021-12-07 19:00:00+00:00,1.86040997505188,1.861549973487854,1.859820008277893,1.860270023345948
2021-12-07 20:00:00+00:00,1.860219955444336,1.861649990081787,1.85971999168396,1.8606799840927124
2021-12-07 21:00:00+00:00,1.860640048980713,1.8607100248336792,1.858970046043396,1.8601800203323364
2021-12-07 22:00:00+00:00,1.860069990158081,1.8608100414276123,1.8572299480438232,1.8604899644851685
2021-12-07 23:00:00+00:00,1.8604899644851685,1.861240029335022,1.8591899871826167,1.8595199584960933
2021-12-08 00:00:00+00:00,1.8596099615097048,1.8614599704742432,1.8591599464416504,1.859779953956604
2021-12-08 01:00:00+00:00,1.85971999168396,1.8607699871063232,1.8586399555206297,1.86054003238678
2021-12-08 02:00:00+00:00,1.8604300022125244,1.8608800172805784,1.855739951133728,1.856559991836548
2021-12-08 03:00:00+00:00,1.856510043144226,1.858669996261597,1.856060028076172,1.8580299615859983
2021-12-08 04:00:00+00:00,1.8580800294876096,1.85834002494812,1.856760025024414,1.8577500581741333
2021-12-08 05:00:00+00:00,1.8581600189208984,1.8596500158309937,1.8578699827194207,1.8587900400161743
2021-12-08 06:00:00+00:00,1.8591699600219729,1.860129952430725,1.858139991760254,1.8584100008010864
2021-12-08 07:00:00+00:00,1.858459949493408,1.8595399856567385,1.856600046157837,1.857460021972656
2021-12-08 08:00:00+00:00,1.857450008392334,1.858620047569275,1.8548099994659424,1.856909990310669
2021-12-08 09:00:00+00:00,1.8569300174713133,1.8574899435043333,1.854200005531311,1.85631000995636
2021-12-08 10:00:00+00:00,1.8562599420547483,1.8564000129699707,1.8509800434112549,1.854599952697754
2021-12-08 11:00:00+00:00,1.854699969291687,1.8556400537490845,1.8487999439239504,1.8517600297927856
2021-12-08 12:00:00+00:00,1.8517600297927856,1.8523199558258057,1.8476699590682983,1.850200057029724
2021-12-08 13:00:00+00:00,1.8502099514007568,1.8516499996185305,1.8474899530410769,1.8493900299072263
2021-12-08 14:00:00+00:00,1.849410057067871,1.849859952926636,1.8459099531173704,1.846719980239868
2021-12-08 15:00:00+00:00,1.846750020980835,1.8476099967956543,1.8438899517059328,1.8457399606704712
2021-12-08 16:00:00+00:00,1.8457399606704712,1.847480058670044,1.8447200059890747,1.8467999696731567
2021-12-08 17:00:00+00:00,1.8468400239944456,1.8470499515533447,1.8427000045776367,1.8440699577331543
2021-12-08 18:00:00+00:00,1.8440799713134768,1.84526002407074,1.8423800468444824,1.843690037727356
2021-12-08 19:00:00+00:00,1.843670010566712,1.8452399969100952,1.842960000038147,1.8435699939727783
2021-12-08 20:00:00+00:00,1.8436399698257449,1.8447400331497192,1.8423000574111936,1.842869997024536
2021-12-08 21:00:00+00:00,1.8428000211715696,1.8437000513076784,1.839100003242493,1.8408600091934204
2021-12-08 22:00:00+00:00,1.840839982032776,1.842650055885315,1.839249968528748,1.842120051383972
2021-12-08 23:00:00+00:00,1.8421299457550049,1.8432999849319456,1.84116005897522,1.842079997062683
2021-12-09 00:00:00+00:00,1.8425099849700928,1.8440699577331543,1.8415100574493408,1.843600034713745
2021-12-09 01:00:00+00:00,1.8439699411392207,1.8442000150680544,1.8409600257873533,1.842790007591248
2021-12-09 02:00:00+00:00,1.8429100513458248,1.8437000513076784,1.841860055923462,1.842350006103516
2021-12-09 03:00:00+00:00,1.8423399925231927,1.8434900045394893,1.840809941291809,1.843000054359436
2021-12-09 04:00:00+00:00,1.84306001663208,1.8435699939727783,1.840499997138977,1.8415800333023071
2021-12-09 05:00:00+00:00,1.841599941253662,1.8418300151824951,1.8399100303649905,1.8402199745178225
2021-12-09 06:00:00+00:00,1.8403400182724,1.840499997138977,1.838379979133606,1.8396400213241573
2021-12-09 07:00:00+00:00,1.83965003490448,1.84185004234314,1.8389099836349487,1.841380000114441
2021-12-09 08:00:00+00:00,1.841480016708374,1.8439199924469,1.8400499820709229,1.843309998512268
2021-12-09 09:00:00+00:00,1.843269944190979,1.8452800512313845,1.8412100076675413,1.8437600135803225
2021-12-09 10:00:00+00:00,1.84375,1.8460400104522705,1.8416199684143064,1.8428900241851809
2021-12-09 11:00:00+00:00,1.842900037765503,1.846940040588379,1.8421499729156487,1.846560001373291
2021-12-09 12:00:00+00:00,1.8465900421142576,1.847270011901856,1.844849944114685,1.846779942512512
2021-12-09 13:00:00+00:00,1.8467899560928345,1.8496500253677368,1.8459800481796265,1.848889946937561
2021-12-09 14:00:00+00:00,1.8488800525665283,1.84893000125885,1.8446999788284304,1.8452099561691284
2021-12-09 15:00:00+00:00,1.8451999425888064,1.849310040473938,1.8447500467300413,1.8487800359725952
2021-12-09 16:00:00+00:00,1.848770022392273,1.849169969558716,1.8450299501419067,1.8454099893569944
2021-12-09 17:00:00+00:00,1.8454099893569944,1.8484100103378296,1.845080018043518,1.8475300073623653
2021-12-09 18:00:00+00:00,1.847599983215332,1.848870038986206,1.8471299409866333,1.8474600315094
2021-12-09 19:00:00+00:00,1.8475500345230105,1.84975004196167,1.8471800088882449,1.8486499786376955
2021-12-09 20:00:00+00:00,1.848600029945373,1.8497099876403809,1.8481299877166748,1.848989963531494
2021-12-09 21:00:00+00:00,1.848919987678528,1.8501399755477903,1.8481899499893188,1.848350048065185
2021-12-09 22:00:00+00:00,1.848430037498474,1.850600004196167,1.8479700088500977,1.8498899936676023
2021-12-09 23:00:00+00:00,1.849920034408569,1.8509000539779663,1.8492599725723269,1.850250005722046
2021-12-10 00:00:00+00:00,1.8503600358963013,1.8512400388717647,1.8492300510406487,1.851060032844544
2021-12-10 01:00:00+00:00,1.851060032844544,1.85290002822876,1.8492900133132928,1.849679946899414
2021-12-10 02:00:00+00:00,1.849679946899414,1.850100040435791,1.8483400344848635,1.8497099876403809
2021-12-10 03:00:00+00:00,1.849769949913025,1.8497899770736688,1.8470799922943115,1.8483200073242188
2021-12-10 04:00:00+00:00,1.8483099937438965,1.8494999408721924,1.8477400541305544,1.8492200374603271
2021-12-10 05:00:00+00:00,1.8492499589920044,1.8510899543762207,1.8484899997711184,1.850640058517456
2021-12-10 06:00:00+00:00,1.850679993629456,1.8506900072097776,1.8476099967956543,1.848199963569641
2021-12-10 07:00:00+00:00,1.848209977149964,1.849550008773804,1.846889972686768,1.8480499982833865
2021-12-10 08:00:00+00:00,1.848099946975708,1.8485900163650515,1.845620036125183,1.846369981765747
2021-12-10 09:00:00+00:00,1.8463499546051023,1.8474899530410769,1.8456699848175049,1.846250057220459
2021-12-10 10:00:00+00:00,1.846259951591492,1.8474700450897217,1.844580054283142,1.8449300527572632
2021-12-10 11:00:00+00:00,1.8450000286102293,1.846199989318848,1.8436599969863887,1.8447699546813965
2021-12-10 12:00:00+00:00,1.8447599411010744,1.8467700481414795,1.844040036201477,1.8464399576187127
2021-12-10 13:00:00+00:00,1.8464299440383911,1.8481899499893188,1.8427000045776367,1.8430099487304688
2021-12-10 14:00:00+00:00,1.8430299758911133,1.8457800149917605,1.8416500091552728,1.8444700241088867
2021-12-10 15:00:00+00:00,1.8445299863815308,1.8464200496673584,1.8430099487304688,1.8451999425888064
2021-12-10 16:00:00+00:00,1.8451100587844849,1.8484699726104736,1.844730019569397,1.847769975662232
2021-12-10 17:00:00+00:00,1.8478200435638428,1.8494399785995483,1.847350001335144,1.8489500284194944
2021-12-10 18:00:00+00:00,1.8489400148391724,1.8499599695205688,1.8480600118637085,1.8491400480270384
2021-12-10 19:00:00+00:00,1.8491400480270384,1.8494700193405151,1.84815001487732,1.8492499589920044
2021-12-10 20:00:00+00:00,1.8492599725723269,1.8505899906158447,1.8488800525665283,1.85001003742218
2021-12-10 21:00:00+00:00,1.85004997253418,1.8506100177764893,1.8465399742126465,1.8493200540542605
2021-12-10 22:00:00+00:00,1.8501299619674685,1.850559949874878,1.8501299619674685,1.8504799604415887
2021-12-13 00:00:00+00:00,1.849990010261536,1.850790023803711,1.848989963531494,1.850419998168945
2021-12-13 01:00:00+00:00,1.850419998168945,1.850430011749268,1.8483400344848635,1.8495999574661253
2021-12-13 02:00:00+00:00,1.849519968032837,1.8501499891281128,1.84853994846344,1.849120020866394
2021-12-13 03:00:00+00:00,1.849110007286072,1.8492799997329712,1.846850037574768,1.8473700284957888
2021-12-13 04:00:00+00:00,1.8474600315094,1.8475600481033323,1.8456300497055047,1.8464000225067136
2021-12-13 05:00:00+00:00,1.846449971199036,1.84893000125885,1.845960021018982,1.848080039024353
2021-12-13 06:00:00+00:00,1.848199963569641,1.8487399816513064,1.8465399742126465,1.847749948501587
2021-12-13 07:00:00+00:00,1.847749948501587,1.8509700298309328,1.8471299409866333,1.8506100177764893
2021-12-13 08:00:00+00:00,1.850640058517456,1.8530399799346924,1.849679946899414,1.8514699935913088
2021-12-13 09:00:00+00:00,1.8514599800109863,1.8553400039672847,1.8508599996566768,1.854850053787232
2021-12-13 10:00:00+00:00,1.854889988899231,1.8590799570083616,1.854140043258667,1.858590006828308
2021-12-13 11:00:00+00:00,1.8586599826812744,1.8589600324630733,1.85617995262146,1.8575400114059448
2021-12-13 12:00:00+00:00,1.8574800491333008,1.8586900234222408,1.8555099964141848,1.8558800220489504
2021-12-13 13:00:00+00:00,1.8558299541473389,1.8582600355148315,1.853919982910156,1.8579800128936768
2021-12-13 14:00:00+00:00,1.8580800294876096,1.8600000143051147,1.8576699495315552,1.859429955482483
2021-12-13 15:00:00+00:00,1.859449982643128,1.862930059432984,1.8585599660873413,1.859699964523316
2021-12-13 16:00:00+00:00,1.8597099781036377,1.8603700399398804,1.85713005065918,1.8577500581741333
2021-12-13 17:00:00+00:00,1.8577500581741333,1.858060002326965,1.854640007019043,1.855049967765808
2021-12-13 18:00:00+00:00,1.855080008506775,1.8551499843597408,1.8527300357818604,1.853060007095337
2021-12-13 19:00:00+00:00,1.853150010108948,1.8531999588012693,1.8515299558639529,1.8516099452972408
2021-12-13 20:00:00+00:00,1.8516099452972408,1.853790044784546,1.8511899709701536,1.8528900146484373
2021-12-13 21:00:00+00:00,1.8528599739074707,1.853469967842102,1.851349949836731,1.85247004032135
2021-12-13 22:00:00+00:00,1.8524500131607056,1.8542100191116333,1.8505699634552,1.852270007133484
2021-12-13 23:00:00+00:00,1.852220058441162,1.853659987449646,1.8511199951171875,1.852710008621216
2021-12-14 00:00:00+00:00,1.852749943733216,1.8556499481201167,1.8519099950790403,1.85562002658844
2021-12-14 01:00:00+00:00,1.85562002658844,1.857810020446777,1.8552199602127075,1.85631000995636
2021-12-14 02:00:00+00:00,1.8562699556350708,1.8595999479293823,1.8555799722671509,1.8585200309753416
2021-12-14 03:00:00+00:00,1.8585100173950195,1.861299991607666,1.856819987297058,1.8584799766540527
2021-12-14 04:00:00+00:00,1.8584699630737305,1.8585599660873413,1.85725998878479,1.8581700325012207
2021-12-14 05:00:00+00:00,1.858180046081543,1.859779953956604,1.8571399450302124,1.85837996006012
2021-12-14 06:00:00+00:00,1.8583699464797967,1.8584799766540527,1.855599999427796,1.8565399646759035
2021-12-14 07:00:00+00:00,1.856559991836548,1.856969952583313,1.8530999422073364,1.853860020637512
2021-12-14 08:00:00+00:00,1.8538800477981567,1.8543699979782104,1.8506300449371336,1.8542300462722776
2021-12-14 09:00:00+00:00,1.854220032691956,1.85739004611969,1.8523600101470947,1.8571699857711792
2021-12-14 10:00:00+00:00,1.8571399450302124,1.8591699600219729,1.8566499948501587,1.8577500581741333
2021-12-14 11:00:00+00:00,1.8577200174331665,1.8603099584579468,1.8567700386047363,1.8572900295257568
2021-12-14 12:00:00+00:00,1.8572900295257568,1.860700011253357,1.8557000160217283,1.8602499961853027
2021-12-14 13:00:00+00:00,1.860270023345948,1.8617099523544312,1.8583500385284424,1.860129952430725
2021-12-14 14:00:00+00:00,1.860139966011048,1.861999988555908,1.857550024986267,1.857890009880066
2021-12-14 15:00:00+00:00,1.8578300476074217,1.8609000444412231,1.8555500507354736,1.859339952468872
2021-12-14 16:00:00+00:00,1.859339952468872,1.8623100519180296,1.858240008354187,1.8619600534439087
2021-12-14 17:00:00+00:00,1.861999988555908,1.862169981002808,1.8604700565338133,1.8612799644470213
2021-12-14 18:00:00+00:00,1.86135995388031,1.862280011177063,1.860599994659424,1.861549973487854
2021-12-14 19:00:00+00:00,1.861590027809143,1.861649990081787,1.8598099946975708,1.860509991645813
2021-12-14 20:00:00+00:00,1.8604700565338133,1.862280011177063,1.8597899675369265,1.8614100217819207
2021-12-14 21:00:00+00:00,1.861430048942566,1.862360000610352,1.8606799840927124,1.861940026283264
2021-12-14 22:00:00+00:00,1.8615700006484983,1.8631999492645264,1.8600900173187256,1.8628499507904053
2021-12-14 23:00:00+00:00,1.862920045852661,1.8633899688720703,1.8609700202941888,1.862229943275452
2021-12-15 00:00:00+00:00,1.8622000217437744,1.8622900247573853,1.860069990158081,1.861250042915344
2021-12-15 01:00:00+00:00,1.8612600564956665,1.8626600503921509,1.8603800535202024,1.8607399463653564
2021-12-15 02:00:00+00:00,1.8606300354003904,1.8621000051498413,1.860509991645813,1.8616299629211424
2021-12-15 03:00:00+00:00,1.8617199659347528,1.8623000383377075,1.8606300354003904,1.861170053482056
2021-12-15 04:00:00+00:00,1.8612699508666992,1.862159967422485,1.8603700399398804,1.860980033874512
2021-12-15 05:00:00+00:00,1.860990047454834,1.8615299463272093,1.859949946403504,1.8609999418258667
2021-12-15 06:00:00+00:00,1.861039996147156,1.8613300323486328,1.858549952507019,1.858919978141785
2021-12-15 07:00:00+00:00,1.8591200113296509,1.862110018730164,1.8584100008010864,1.8611299991607664
2021-12-15 08:00:00+00:00,1.861050009727478,1.862470030784607,1.8591899871826167,1.8612200021743768
2021-12-15 09:00:00+00:00,1.8613200187683103,1.8622000217437744,1.8594000339508057,1.860159993171692
2021-12-15 10:00:00+00:00,1.8601700067520144,1.861340045928955,1.858739972114563,1.8613100051879885
2021-12-15 11:00:00+00:00,1.8613300323486328,1.861780047416687,1.858780026435852,1.859429955482483
2021-12-15 12:00:00+00:00,1.859660029411316,1.8599300384521484,1.8559000492095947,1.8559800386428835
2021-12-15 13:00:00+00:00,1.8559900522232056,1.856250047683716,1.852869987487793,1.854349970817566
2021-12-15 14:00:00+00:00,1.854359984397888,1.856250047683716,1.8539999723434448,1.855780005455017
2021-12-15 15:00:00+00:00,1.855810046195984,1.8596800565719604,1.8550100326538088,1.8552199602127075
2021-12-15 16:00:00+00:00,1.8552099466323853,1.8573100566864007,1.8541300296783447,1.8546899557113647
2021-12-15 17:00:00+00:00,1.854670047760009,1.8548400402069087,1.8528300523757928,1.8532999753952024
2021-12-15 18:00:00+00:00,1.8532899618148804,1.8550000190734863,1.852810025215149,1.8533899784088133
2021-12-15 19:00:00+00:00,1.8532299995422363,1.8584100008010864,1.8504999876022337,1.853189945220948
2021-12-15 20:00:00+00:00,1.8532700538635247,1.8533899784088133,1.848520040512085,1.8487000465393064
2021-12-15 21:00:00+00:00,1.8487399816513064,1.8493200540542605,1.847730040550232,1.8489500284194944
2021-12-15 22:00:00+00:00,1.8489099740982056,1.850790023803711,1.8470499515533447,1.84883999824524
2021-12-15 23:00:00+00:00,1.8477799892425537,1.8510299921035769,1.847519993782044,1.8505699634552
2021-12-16 00:00:00+00:00,1.850419998168945,1.8518199920654297,1.846130013465881,1.847519993782044
2021-12-16 01:00:00+00:00,1.847519993782044,1.851639986038208,1.8460500240325928,1.8512799739837649
2021-12-16 02:00:00+00:00,1.8512799739837649,1.8540699481964111,1.8500299453735352,1.8535000085830688
2021-12-16 03:00:00+00:00,1.8534499406814573,1.85371994972229,1.85004997253418,1.8517600297927856
2021-12-16 04:00:00+00:00,1.8517800569534304,1.8528900146484373,1.850119948387146,1.8504799604415887
2021-12-16 05:00:00+00:00,1.8504799604415887,1.85221004486084,1.849859952926636,1.85125994682312
2021-12-16 06:00:00+00:00,1.851250052452088,1.851289987564087,1.8488999605178835,1.849269986152649
2021-12-16 07:00:00+00:00,1.849370002746582,1.850119948387146,1.8476200103759768,1.849009990692139
2021-12-16 08:00:00+00:00,1.8490400314331048,1.8521900177001955,1.8485300540924072,1.84906005859375
2021-12-16 09:00:00+00:00,1.8490400314331048,1.8496899604797363,1.8451100587844849,1.845710039138794
2021-12-16 10:00:00+00:00,1.8456000089645384,1.847270011901856,1.843709945678711,1.8442699909210205
2021-12-16 11:00:00+00:00,1.8442599773406985,1.844599962234497,1.841410040855408,1.8416500091552728
2021-12-16 12:00:00+00:00,1.8416500091552728,1.8531700372695925,1.8416099548339844,1.8510700464248653
2021-12-16 13:00:00+00:00,1.8510799407958984,1.8528399467468264,1.848520040512085,1.8497899770736688
2021-12-16 14:00:00+00:00,1.849810004234314,1.8540199995040887,1.8478200435638428,1.852270007133484
2021-12-16 15:00:00+00:00,1.8521699905395508,1.85510003566742,1.850530028343201,1.8538899421691888
2021-12-16 16:00:00+00:00,1.853860020637512,1.854769945144653,1.850299954414368,1.8528200387954712
2021-12-16 17:00:00+00:00,1.852779984474182,1.8547899723052976,1.8521000146865845,1.854359984397888
2021-12-16 18:00:00+00:00,1.8547500371932983,1.8549200296401973,1.852020025253296,1.853090047836304
2021-12-16 19:00:00+00:00,1.8530800342559808,1.8562300205230715,1.8524500131607056,1.8558299541473389
2021-12-16 20:00:00+00:00,1.8558199405670168,1.856089949607849,1.853839993476868,1.8554699420928955
2021-12-16 21:00:00+00:00,1.8554699420928955,1.8556499481201167,1.853369951248169,1.854300022125244
2021-12-16 22:00:00+00:00,1.8543699979782104,1.8556400537490845,1.852579951286316,1.855080008506775
2021-12-16 23:00:00+00:00,1.8552199602127075,1.85837996006012,1.854159951210022,1.856690049171448
2021-12-17 00:00:00+00:00,1.8566800355911253,1.8574299812316888,1.8558900356292725,1.8563400506973269
2021-12-17 01:00:00+00:00,1.85617995262146,1.857010006904602,1.8552500009536743,1.8563400506973269
2021-12-17 02:00:00+00:00,1.8563599586486816,1.8579699993133545,1.855409979820252,1.856600046157837
2021-12-17 03:00:00+00:00,1.856619954109192,1.8605600595474243,1.855970025062561,1.860100030899048
2021-12-17 04:00:00+00:00,1.8600599765777588,1.862210035324097,1.8587100505828853,1.8590600490570068
2021-12-17 05:00:00+00:00,1.8590500354766848,1.860919952392578,1.8585000038146973,1.8598599433898928
2021-12-17 06:00:00+00:00,1.8598400354385376,1.861240029335022,1.8571699857711792,1.860569953918457
2021-12-17 07:00:00+00:00,1.860550045967102,1.8606200218200684,1.8574899435043333,1.8590199947357176
2021-12-17 08:00:00+00:00,1.85903000831604,1.8600499629974363,1.8564200401306152,1.8574199676513672
2021-12-17 09:00:00+00:00,1.8573399782180784,1.8620500564575195,1.857200026512146,1.85933005809784
2021-12-17 10:00:00+00:00,1.8593699932098389,1.859470009803772,1.8554199934005733,1.856760025024414
2021-12-17 11:00:00+00:00,1.8567399978637693,1.858090043067932,1.8551700115203853,1.8562599420547483
2021-12-17 12:00:00+00:00,1.8559000492095947,1.8578699827194207,1.8555500507354736,1.8571699857711792
2021-12-17 13:00:00+00:00,1.8572200536727903,1.8588299751281736,1.8549699783325195,1.8575299978256223
2021-12-17 14:00:00+00:00,1.8576099872589111,1.8588000535964968,1.854339957237244,1.85579001903534
2021-12-17 15:00:00+00:00,1.8558800220489504,1.8590099811553955,1.854089975357056,1.8544100522994995
2021-12-17 16:00:00+00:00,1.854449987411499,1.856410026550293,1.853760004043579,1.8559499979019165
2021-12-17 17:00:00+00:00,1.8559499979019165,1.8572299480438232,1.8549400568008425,1.856279969215393
2021-12-17 18:00:00+00:00,1.8562599420547483,1.8573399782180784,1.8555699586868288,1.856099963188172
2021-12-17 19:00:00+00:00,1.856119990348816,1.8575199842453003,1.8552199602127075,1.856969952583313
2021-12-17 20:00:00+00:00,1.857059955596924,1.858090043067932,1.8557300567626955,1.8578699827194207
2021-12-17 21:00:00+00:00,1.857959985733032,1.8582500219345093,1.8557599782943728,1.8573499917984009
2021-12-17 22:00:00+00:00,1.857460021972656,1.8587599992752075,1.857460021972656,1.8587599992752075
2021-12-20 00:00:00+00:00,1.8588299751281736,1.858890056610108,1.856500029563904,1.8576600551605225
2021-12-20 01:00:00+00:00,1.8577200174331665,1.8593000173568728,1.856600046157837,1.858010053634644
2021-12-20 02:00:00+00:00,1.858010053634644,1.8590600490570068,1.856500029563904,1.858590006828308
2021-12-20 03:00:00+00:00,1.858590006828308,1.8596899509429927,1.857630014419556,1.858839988708496
2021-12-20 04:00:00+00:00,1.8588500022888184,1.861250042915344,1.8579100370407104,1.8601499795913696
2021-12-20 05:00:00+00:00,1.860159993171692,1.862470030784607,1.859410047531128,1.8606499433517456
2021-12-20 06:00:00+00:00,1.8607200384140008,1.863549947738648,1.860010027885437,1.8631199598312376
2021-12-20 07:00:00+00:00,1.8631199598312376,1.8646600246429443,1.861240029335022,1.862939953804016
2021-12-20 08:00:00+00:00,1.8628900051116943,1.86312997341156,1.8595900535583496,1.8603999614715576
2021-12-20 09:00:00+00:00,1.86054003238678,1.86343002319336,1.8576500415802,1.858970046043396
2021-12-20 10:00:00+00:00,1.8589600324630733,1.8589999675750728,1.854949951171875,1.856619954109192
2021-12-20 11:00:00+00:00,1.8566800355911253,1.857319951057434,1.854269981384277,1.8566499948501587
2021-12-20 12:00:00+00:00,1.8567099571228027,1.860599994659424,1.8557300567626955,1.8595000505447388
2021-12-20 13:00:00+00:00,1.8598099946975708,1.861289978027344,1.8584799766540527,1.8598599433898928
2021-12-20 14:00:00+00:00,1.85985004901886,1.860100030899048,1.8567800521850584,1.857800006866455
2021-12-20 15:00:00+00:00,1.857800006866455,1.8604300022125244,1.85493004322052,1.859760046005249
2021-12-20 16:00:00+00:00,1.859760046005249,1.860290050506592,1.856660008430481,1.8577500581741333
2021-12-20 17:00:00+00:00,1.857759952545166,1.8582899570465088,1.855810046195984,1.8564200401306152
2021-12-20 18:00:00+00:00,1.8564200401306152,1.8572100400924685,1.854519963264465,1.8559199571609497
2021-12-20 19:00:00+00:00,1.8559800386428835,1.857380032539368,1.854910016059876,1.856600046157837
2021-12-20 20:00:00+00:00,1.856619954109192,1.8579100370407104,1.8555200099945068,1.8578599691390991
2021-12-20 21:00:00+00:00,1.857800006866455,1.858299970626831,1.856029987335205,1.856660008430481
2021-12-20 22:00:00+00:00,1.8565900325775144,1.8590099811553955,1.855430006980896,1.8586100339889529
2021-12-20 23:00:00+00:00,1.858489990234375,1.8590999841690063,1.8570499420166016,1.8576500415802
2021-12-21 00:00:00+00:00,1.8579100370407104,1.8593100309371948,1.8566499948501587,1.8575799465179443
2021-12-21 01:00:00+00:00,1.8575799465179443,1.859380006790161,1.8551100492477417,1.8558199405670168
2021-12-21 02:00:00+00:00,1.855870008468628,1.8583699464797967,1.8555200099945068,1.8574700355529783
2021-12-21 03:00:00+00:00,1.8575899600982664,1.8587100505828853,1.856410026550293,1.857550024986267
2021-12-21 04:00:00+00:00,1.8575899600982664,1.8581199645996087,1.8564399480819704,1.857200026512146
2021-12-21 05:00:00+00:00,1.85725998878479,1.8576899766922,1.8563599586486816,1.857409954071045
2021-12-21 06:00:00+00:00,1.857380032539368,1.8574700355529783,1.8550599813461304,1.856559991836548
2021-12-21 07:00:00+00:00,1.8565900325775144,1.85903000831604,1.8555899858474727,1.8589099645614624
2021-12-21 08:00:00+00:00,1.858870029449463,1.860700011253357,1.858090043067932,1.8592100143432613
2021-12-21 09:00:00+00:00,1.8592300415039065,1.8598699569702148,1.857380032539368,1.8586399555206297
2021-12-21 10:00:00+00:00,1.8586399555206297,1.859410047531128,1.8565800189971924,1.856809973716736
2021-12-21 11:00:00+00:00,1.856750011444092,1.858399987220764,1.8562599420547483,1.8566499948501587
2021-12-21 12:00:00+00:00,1.8566700220108032,1.858070015907288,1.8547500371932983,1.8576899766922
2021-12-21 13:00:00+00:00,1.8576799631118768,1.859339952468872,1.8564499616622925,1.859279990196228
2021-12-21 14:00:00+00:00,1.8592100143432613,1.860610008239746,1.856089949607849,1.8565900325775144
2021-12-21 15:00:00+00:00,1.8566700220108032,1.856879949569702,1.853800058364868,1.8552299737930296
2021-12-21 16:00:00+00:00,1.8552299737930296,1.857710003852844,1.854009985923767,1.8557699918746948
2021-12-21 17:00:00+00:00,1.85579001903534,1.8562599420547483,1.853760004043579,1.8542900085449217
2021-12-21 18:00:00+00:00,1.854359984397888,1.854889988899231,1.8531399965286253,1.853790044784546
2021-12-21 19:00:00+00:00,1.8537499904632568,1.854910016059876,1.8533300161361688,1.8540600538253784
2021-12-21 20:00:00+00:00,1.8541100025177,1.8552099466323853,1.8530100584030151,1.8542399406433103
2021-12-21 21:00:00+00:00,1.854200005531311,1.85510003566742,1.8517600297927856,1.852120041847229
2021-12-21 22:00:00+00:00,1.8518199920654297,1.8563599586486816,1.8506499528884888,1.855029940605164
2021-12-21 23:00:00+00:00,1.8550599813461304,1.8568600416183472,1.8534200191497805,1.8561400175094604
2021-12-22 00:00:00+00:00,1.8561999797821045,1.8575199842453003,1.854850053787232,1.8550200462341309
2021-12-22 01:00:00+00:00,1.8553400039672847,1.8568400144577024,1.8544000387191768,1.85657000541687
2021-12-22 02:00:00+00:00,1.8562599420547483,1.8576699495315552,1.8552600145339968,1.85713005065918
2021-12-22 03:00:00+00:00,1.8572200536727903,1.859140038490296,1.8567899465560915,1.8587100505828853
2021-12-22 04:00:00+00:00,1.8587499856948853,1.8592900037765503,1.85699999332428,1.8580299615859983
2021-12-22 05:00:00+00:00,1.8580199480056765,1.860689997673035,1.8576600551605225,1.858870029449463
2021-12-22 06:00:00+00:00,1.8589400053024288,1.8594800233840945,1.857300043106079,1.8594199419021609
2021-12-22 07:00:00+00:00,1.8592499494552608,1.8595000505447388,1.85634994506836,1.8588500022888184
2021-12-22 08:00:00+00:00,1.858890056610108,1.8597999811172483,1.856809973716736,1.856899976730347
2021-12-22 09:00:00+00:00,1.8569300174713133,1.8576500415802,1.854699969291687,1.857010006904602
2021-12-22 10:00:00+00:00,1.857010006904602,1.8594399690628047,1.8561099767684937,1.858989953994751
2021-12-22 11:00:00+00:00,1.85906994342804,1.8601200580596924,1.8573700189590447,1.858629941940308
2021-12-22 12:00:00+00:00,1.858629941940308,1.858629941940308,1.855049967765808,1.8558199405670168
2021-12-22 13:00:00+00:00,1.8558199405670168,1.8567899465560915,1.853860020637512,1.8542799949646
2021-12-22 14:00:00+00:00,1.8542799949646,1.85479998588562,1.8512200117111208,1.853970050811768
2021-12-22 15:00:00+00:00,1.8538700342178345,1.8541200160980225,1.84906005859375,1.8525999784469604
2021-12-22 16:00:00+00:00,1.852560043334961,1.853360056877136,1.8492300510406487,1.8497300148010247
2021-12-22 17:00:00+00:00,1.84975004196167,1.8507699966430664,1.84853994846344,1.8502800464630127
2021-12-22 18:00:00+00:00,1.8503400087356567,1.850819945335388,1.849570035934448,1.8504799604415887
2021-12-22 19:00:00+00:00,1.8504999876022337,1.8521599769592283,1.849850058555603,1.851430058479309
2021-12-22 20:00:00+00:00,1.8515199422836304,1.851770043373108,1.8502099514007568,1.8508000373840328
2021-12-22 21:00:00+00:00,1.8508000373840328,1.851740002632141,1.8494399785995483,1.8503600358963013
2021-12-22 22:00:00+00:00,1.849609971046448,1.8544600009918213,1.848289966583252,1.8521300554275515
2021-12-22 23:00:00+00:00,1.8521499633789065,1.8528399467468264,1.850489974021912,1.8511600494384768
2021-12-23 00:00:00+00:00,1.851060032844544,1.8519400358200075,1.8499599695205688,1.8516600131988523
2021-12-23 01:00:00+00:00,1.85169005393982,1.8535100221633911,1.850950002670288,1.852139949798584
2021-12-23 02:00:00+00:00,1.852139949798584,1.8545000553131104,1.8517099618911743,1.85207998752594
2021-12-23 03:00:00+00:00,1.8522000312805176,1.853780031204224,1.85169005393982,1.852550029754639
2021-12-23 04:00:00+00:00,1.852650046348572,1.8527400493621824,1.851130008697509,1.8514800071716309
2021-12-23 05:00:00+00:00,1.8514100313186648,1.851539969444275,1.84906005859375,1.84961998462677
2021-12-23 06:00:00+00:00,1.8499000072479248,1.8507000207901,1.8492900133132928,1.8499000072479248
2021-12-23 07:00:00+00:00,1.849910020828247,1.8505899906158447,1.847350001335144,1.850350022315979
2021-12-23 08:00:00+00:00,1.850430011749268,1.850780010223389,1.8477200269699097,1.849679946899414
2021-12-23 09:00:00+00:00,1.8496299982070925,1.8512300252914429,1.8485499620437624,1.8509700298309328
2021-12-23 10:00:00+00:00,1.850890040397644,1.854220032691956,1.8502700328826904,1.8525099754333496
2021-12-23 11:00:00+00:00,1.852499961853028,1.8555200099945068,1.8520400524139404,1.855389952659607
2021-12-23 12:00:00+00:00,1.855329990386963,1.8566299676895144,1.8531399965286253,1.856529951095581
2021-12-23 13:00:00+00:00,1.8564499616622925,1.8576899766922,1.854779958724976,1.8557000160217283
2021-12-23 14:00:00+00:00,1.8557699918746948,1.8561500310897827,1.8517999649047847,1.8559199571609497
2021-12-23 15:00:00+00:00,1.855970025062561,1.8574899435043333,1.8508700132369995,1.8512699604034424
2021-12-23 16:00:00+00:00,1.85125994682312,1.8534499406814573,1.850950002670288,1.8519400358200075
2021-12-23 17:00:00+00:00,1.8519500494003296,1.852329969406128,1.8498300313949585,1.8507000207901
2021-12-23 18:00:00+00:00,1.850679993629456,1.8509399890899656,1.8494700193405151,1.850810050964356
2021-12-23 19:00:00+00:00,1.8508399724960327,1.8520699739456177,1.8502899408340447,1.8511799573898315
2021-12-23 20:00:00+00:00,1.851140022277832,1.8516499996185305,1.8499799966812127,1.8515199422836304
2021-12-23 21:00:00+00:00,1.8515199422836304,1.852309942245484,1.849740028381348,1.850450038909912
2021-12-23 22:00:00+00:00,1.85018002986908,1.8529399633407595,1.8485000133514404,1.851999998092652
2021-12-23 23:00:00+00:00,1.8518600463867188,1.854390025138855,1.8499599695205688,1.8530700206756592
2021-12-24 00:00:00+00:00,1.8532600402832031,1.854470014572144,1.8511899709701536,1.8520400524139404
2021-12-24 01:00:00+00:00,1.8520100116729736,1.8545900583267207,1.8510199785232544,1.8531299829483032
2021-12-24 02:00:00+00:00,1.853119969367981,1.8533899784088133,1.851349949836731,1.853209972381592
2021-12-24 03:00:00+00:00,1.853219985961914,1.8548799753189087,1.8521699905395508,1.854359984397888
2021-12-24 04:00:00+00:00,1.854419946670532,1.8548699617385864,1.852910041809082,1.853350043296814
2021-12-24 05:00:00+00:00,1.853360056877136,1.8540400266647337,1.8505200147628784,1.8509399890899656
2021-12-24 06:00:00+00:00,1.8508800268173216,1.853209972381592,1.8501100540161133,1.851789951324463
2021-12-24 07:00:00+00:00,1.851789951324463,1.8540799617767327,1.850640058517456,1.85302996635437
2021-12-24 08:00:00+00:00,1.8528800010681152,1.853839993476868,1.8497300148010247,1.8509000539779663
2021-12-24 09:00:00+00:00,1.8509000539779663,1.852519989013672,1.8499599695205688,1.851199984550476
2021-12-24 10:00:00+00:00,1.8511799573898315,1.852620005607605,1.850219964981079,1.8523499965667725
2021-12-24 11:00:00+00:00,1.8523499965667725,1.8542499542236328,1.8514800071716309,1.8534499406814573
2021-12-24 12:00:00+00:00,1.8534899950027464,1.8555899858474727,1.852579951286316,1.8550200462341309
2021-12-24 13:00:00+00:00,1.855029940605164,1.855239987373352,1.8515900373458865,1.8526599407196045
2021-12-24 14:00:00+00:00,1.8526999950408936,1.855679988861084,1.851289987564087,1.8544299602508545
2021-12-24 15:00:00+00:00,1.854050040245056,1.8556699752807613,1.8528900146484373,1.853469967842102
2021-12-24 16:00:00+00:00,1.8534799814224243,1.8562999963760376,1.851889967918396,1.8531700372695925
2021-12-24 17:00:00+00:00,1.85345995426178,1.8560500144958496,1.851989984512329,1.85479998588562
2021-12-24 18:00:00+00:00,1.85479998588562,1.855540037155152,1.8514100313186648,1.852929949760437
2021-12-24 19:00:00+00:00,1.85276997089386,1.85548996925354,1.8495800495147705,1.851330041885376
2021-12-24 20:00:00+00:00,1.8513799905776973,1.854470014572144,1.8494499921798704,1.8532700538635247
2021-12-24 21:00:00+00:00,1.8533300161361688,1.8553999662399288,1.8492000102996824,1.851770043373108
2021-12-24 22:00:00+00:00,1.8528200387954712,1.8528200387954712,1.8528200387954712,1.8528200387954712
2021-12-27 00:00:00+00:00,1.8536200523376465,1.8537700176239007,1.851539969444275,1.852560043334961
2021-12-27 01:00:00+00:00,1.852489948272705,1.8533200025558472,1.851740002632141,1.85247004032135
2021-12-27 02:00:00+00:00,1.852560043334961,1.8530100584030151,1.8515700101852417,1.852429986000061
2021-12-27 03:00:00+00:00,1.8524800539016724,1.8532700538635247,1.8518400192260744,1.852560043334961
2021-12-27 04:00:00+00:00,1.853019952774048,1.8535399436950684,1.85207998752594,1.8534400463104248
2021-12-27 05:00:00+00:00,1.8534799814224243,1.854339957237244,1.852550029754639,1.854220032691956
2021-12-27 06:00:00+00:00,1.8541799783706665,1.8545600175857544,1.8531299829483032,1.8541100025177
2021-12-27 07:00:00+00:00,1.854200005531311,1.8557000160217283,1.853150010108948,1.855299949645996
2021-12-27 08:00:00+00:00,1.8553099632263184,1.8579699993133545,1.8543100357055664,1.8559999465942385
2021-12-27 09:00:00+00:00,1.8560099601745603,1.8592400550842283,1.8558900356292725,1.8589099645614624
2021-12-27 10:00:00+00:00,1.858890056610108,1.8591500520706177,1.857439994812012,1.858010053634644
2021-12-27 11:00:00+00:00,1.8580800294876096,1.8584400415420528,1.8564499616622925,1.8574700355529783
2021-12-27 12:00:00+00:00,1.8574199676513672,1.859339952468872,1.8559499979019165,1.8590099811553955
2021-12-27 13:00:00+00:00,1.8590400218963623,1.860659956932068,1.85631000995636,1.85657000541687
2021-12-27 14:00:00+00:00,1.8568899631500244,1.8582199811935425,1.856279969215393,1.857149958610535
2021-12-27 15:00:00+00:00,1.857149958610535,1.8573100566864007,1.8517800569534304,1.8534499406814573
2021-12-27 16:00:00+00:00,1.853610038757324,1.856819987297058,1.852959990501404,1.8564599752426147
2021-12-27 17:00:00+00:00,1.856469988822937,1.858299970626831,1.856060028076172,1.8575400114059448
2021-12-27 18:00:00+00:00,1.8575299978256223,1.8580000400543213,1.8553999662399288,1.8556499481201167
2021-12-27 19:00:00+00:00,1.8557000160217283,1.8570499420166016,1.855180025100708,1.85634994506836
2021-12-27 20:00:00+00:00,1.8563400506973269,1.8573700189590447,1.8550200462341309,1.85699999332428
2021-12-27 21:00:00+00:00,1.8570200204849243,1.8578300476074217,1.8554699420928955,1.8562099933624268
2021-12-27 22:00:00+00:00,1.8558599948883057,1.8578499555587769,1.8548699617385864,1.8565800189971924
2021-12-27 23:00:00+00:00,1.8566800355911253,1.8583699464797967,1.85562002658844,1.857570052146912
2021-12-28 00:00:00+00:00,1.8574899435043333,1.8577200174331665,1.8555699586868288,1.8560199737548828
2021-12-28 01:00:00+00:00,1.8560500144958496,1.857900023460388,1.8557699918746948,1.8574800491333008
2021-12-28 02:00:00+00:00,1.8575400114059448,1.857759952545166,1.855389952659607,1.856279969215393
2021-12-28 03:00:00+00:00,1.8562599420547483,1.8567999601364136,1.8555599451065063,1.8562999963760376
2021-12-28 04:00:00+00:00,1.85634994506836,1.856369972229004,1.8548400402069087,1.85562002658844
2021-12-28 05:00:00+00:00,1.8555699586868288,1.8560199737548828,1.8544600009918213,1.8550699949264529
2021-12-28 06:00:00+00:00,1.8550599813461304,1.8555099964141848,1.8538199663162231,1.854349970817566
2021-12-28 07:00:00+00:00,1.8543800115585327,1.8564300537109373,1.853909969329834,1.8561099767684937
2021-12-28 08:00:00+00:00,1.856119990348816,1.8572800159454343,1.8546199798583984,1.8561700582504272
2021-12-28 09:00:00+00:00,1.8561700582504272,1.8565200567245483,1.8534499406814573,1.854740023612976
2021-12-28 10:00:00+00:00,1.854359984397888,1.8556900024414065,1.854200005531311,1.8550200462341309
2021-12-28 11:00:00+00:00,1.8550100326538088,1.856250047683716,1.8547099828720093,1.8552700281143188
2021-12-28 12:00:00+00:00,1.855290055274964,1.855430006980896,1.8522299528121948,1.85316002368927
2021-12-28 13:00:00+00:00,1.8531999588012693,1.854910016059876,1.8514000177383425,1.854699969291687
2021-12-28 14:00:00+00:00,1.854830026626587,1.856660008430481,1.8539799451828003,1.855849981307984
2021-12-28 15:00:00+00:00,1.855929970741272,1.8587100505828853,1.855299949645996,1.856969952583313
2021-12-28 16:00:00+00:00,1.856969952583313,1.8581000566482544,1.8562999963760376,1.85699999332428
2021-12-28 17:00:00+00:00,1.857059955596924,1.85933005809784,1.8563899993896484,1.858970046043396
2021-12-28 18:00:00+00:00,1.858950018882752,1.8597700595855715,1.8581700325012207,1.8587499856948853
2021-12-28 19:00:00+00:00,1.8587299585342407,1.858970046043396,1.8564800024032595,1.8566800355911253
2021-12-28 20:00:00+00:00,1.8566999435424805,1.858669996261597,1.8559499979019165,1.8581199645996087
2021-12-28 21:00:00+00:00,1.858139991760254,1.8583500385284424,1.8561999797821045,1.8569899797439573
2021-12-28 22:00:00+00:00,1.8572200536727903,1.859949946403504,1.855280041694641,1.85834002494812
2021-12-28 23:00:00+00:00,1.85834002494812,1.8591500520706177,1.856729984283448,1.857059955596924
2021-12-29 00:00:00+00:00,1.8573399782180784,1.8577300310134888,1.8561899662017824,1.857460021972656
2021-12-29 01:00:00+00:00,1.8575299978256223,1.860759973526001,1.8565499782562256,1.8598699569702148
2021-12-29 02:00:00+00:00,1.8598699569702148,1.8607399463653564,1.85834002494812,1.859470009803772
2021-12-29 03:00:00+00:00,1.859529972076416,1.860319972038269,1.857100009918213,1.857190012931824
2021-12-29 04:00:00+00:00,1.8575600385665887,1.857800006866455,1.8564200401306152,1.857100009918213
2021-12-29 05:00:00+00:00,1.8568899631500244,1.8582799434661863,1.8563899993896484,1.857300043106079
2021-12-29 06:00:00+00:00,1.8573499917984009,1.8595900535583496,1.8565800189971924,1.8589400053024288
2021-12-29 07:00:00+00:00,1.8590400218963623,1.8592100143432613,1.8558599948883057,1.85634994506836
2021-12-29 08:00:00+00:00,1.8563599586486816,1.857069969177246,1.854220032691956,1.856040000915528
2021-12-29 09:00:00+00:00,1.8559199571609497,1.8593499660491943,1.8550100326538088,1.8582799434661863
2021-12-29 10:00:00+00:00,1.8583300113677976,1.8593699932098389,1.8572900295257568,1.8592499494552608
2021-12-29 11:00:00+00:00,1.85933005809784,1.860389947891236,1.8575600385665887,1.8597099781036377
2021-12-29 12:00:00+00:00,1.8597099781036377,1.860139966011048,1.8574800491333008,1.8578300476074217
2021-12-29 13:00:00+00:00,1.857810020446777,1.8612799644470213,1.8571100234985352,1.86080002784729
2021-12-29 14:00:00+00:00,1.860790014266968,1.861850023269653,1.8581700325012207,1.860350012779236
2021-12-29 15:00:00+00:00,1.860219955444336,1.8605600595474243,1.855849981307984,1.8575299978256223
2021-12-29 16:00:00+00:00,1.857499957084656,1.8616299629211424,1.856320023536682,1.860849976539612
2021-12-29 17:00:00+00:00,1.860919952392578,1.8615200519561768,1.859570026397705,1.860659956932068
2021-12-29 18:00:00+00:00,1.860659956932068,1.860919952392578,1.8593499660491943,1.860350012779236
2021-12-29 19:00:00+00:00,1.8603800535202024,1.860610008239746,1.8590199947357176,1.8599599599838257
2021-12-29 20:00:00+00:00,1.8600499629974363,1.860419988632202,1.858489990234375,1.859320044517517
2021-12-29 21:00:00+00:00,1.8592499494552608,1.860859990119934,1.8578699827194207,1.858780026435852
2021-12-29 22:00:00+00:00,1.858549952507019,1.8615299463272093,1.8567999601364136,1.859879970550537
2021-12-29 23:00:00+00:00,1.85971999168396,1.8604700565338133,1.8585799932479856,1.85920000076294
2021-12-30 00:00:00+00:00,1.8593599796295168,1.86080002784729,1.8585000038146973,1.860159993171692
2021-12-30 01:00:00+00:00,1.8602999448776243,1.8614699840545648,1.8579200506210327,1.8582199811935425
2021-12-30 02:00:00+00:00,1.858180046081543,1.860010027885437,1.8577799797058103,1.85889995098114
2021-12-30 03:00:00+00:00,1.858919978141785,1.859279990196228,1.8576799631118768,1.85820996761322
2021-12-30 04:00:00+00:00,1.8582600355148315,1.858530044555664,1.8574299812316888,1.8582299947738647
2021-12-30 05:00:00+00:00,1.858180046081543,1.85988998413086,1.8573499917984009,1.859449982643128
2021-12-30 06:00:00+00:00,1.8594800233840945,1.859949946403504,1.857900023460388,1.8585799932479856
2021-12-30 07:00:00+00:00,1.858569979667664,1.859339952468872,1.8558599948883057,1.856809973716736
2021-12-30 08:00:00+00:00,1.8567800521850584,1.8567899465560915,1.8540600538253784,1.8559199571609497
2021-12-30 09:00:00+00:00,1.855929970741272,1.8561899662017824,1.853780031204224,1.8545900583267207
2021-12-30 10:00:00+00:00,1.854580044746399,1.8573600053787231,1.854359984397888,1.8562400341033936
2021-12-30 11:00:00+00:00,1.8562999963760376,1.857249975204468,1.8550699949264529,1.8563599586486816
2021-12-30 12:00:00+00:00,1.8563799858093264,1.8586900234222408,1.8554699420928955,1.858010053634644
2021-12-30 13:00:00+00:00,1.858049988746643,1.8595000505447388,1.856850028038025,1.8574299812316888
2021-12-30 14:00:00+00:00,1.8573399782180784,1.859629988670349,1.8570200204849243,1.858919978141785
2021-12-30 15:00:00+00:00,1.858919978141785,1.8608200550079343,1.8574299812316888,1.8606300354003904
2021-12-30 16:00:00+00:00,1.8606200218200684,1.8608299493789675,1.8582799434661863,1.8591699600219729
2021-12-30 17:00:00+00:00,1.8595499992370603,1.8611199855804443,1.8582799434661863,1.8595600128173828
2021-12-30 18:00:00+00:00,1.8595199584960933,1.8618299961090088,1.8591599464416504,1.8609000444412231
2021-12-30 19:00:00+00:00,1.860919952392578,1.8617600202560425,1.8597400188446045,1.861729979515076
2021-12-30 20:00:00+00:00,1.861739993095398,1.8623199462890625,1.860129952430725,1.8613300323486328
2021-12-30 21:00:00+00:00,1.8613200187683103,1.8624500036239624,1.857959985733032,1.8598999977111816
2021-12-30 22:00:00+00:00,1.861250042915344,1.8632899522781368,1.8575799465179443,1.8620699644088743
2021-12-30 23:00:00+00:00,1.86191999912262,1.863219976425171,1.8610999584198,1.861590027809143
2021-12-31 00:00:00+00:00,1.8616399765014648,1.8624500036239624,1.8611899614334104,1.861479997634888
2021-12-31 01:00:00+00:00,1.8616299629211424,1.8625400066375728,1.860550045967102,1.8611600399017327
2021-12-31 02:00:00+00:00,1.8610600233078003,1.862229943275452,1.860550045967102,1.8610299825668333
2021-12-31 03:00:00+00:00,1.861089944839477,1.8625600337982176,1.8600200414657595,1.860919952392578
2021-12-31 04:00:00+00:00,1.860919952392578,1.8614699840545648,1.8597500324249268,1.8602099418640137
2021-12-31 05:00:00+00:00,1.8601499795913696,1.8606799840927124,1.8591099977493288,1.8595199584960933
2021-12-31 06:00:00+00:00,1.859529972076416,1.860159993171692,1.858629941940308,1.860159993171692
2021-12-31 07:00:00+00:00,1.860129952430725,1.8609700202941888,1.8592599630355835,1.8603800535202024
2021-12-31 08:00:00+00:00,1.8603800535202024,1.860919952392578,1.8586900234222408,1.8603700399398804
2021-12-31 09:00:00+00:00,1.8603700399398804,1.8604799509048464,1.857059955596924,1.8588500022888184
2021-12-31 10:00:00+00:00,1.8588500022888184,1.859429955482483,1.857409954071045,1.8584100008010864
2021-12-31 11:00:00+00:00,1.858450055122376,1.8588800430297847,1.8565200567245483,1.858549952507019
2021-12-31 12:00:00+00:00,1.8586000204086304,1.860520005226136,1.8572900295257568,1.860360026359558
2021-12-31 13:00:00+00:00,1.8603700399398804,1.860790014266968,1.8566499948501587,1.860440015792847
2021-12-31 14:00:00+00:00,1.860550045967102,1.8629499673843384,1.8590199947357176,1.8608900308609009
2021-12-31 15:00:00+00:00,1.8609299659729004,1.865820050239563,1.860010027885437,1.8630000352859497
2021-12-31 16:00:00+00:00,1.8630000352859497,1.865020036697388,1.860419988632202,1.8629499673843384
2021-12-31 17:00:00+00:00,1.8628699779510496,1.8634400367736816,1.859660029411316,1.859830021858216
2021-12-31 18:00:00+00:00,1.859830021858216,1.8614699840545648,1.8596500158309937,1.861199975013733
2021-12-31 19:00:00+00:00,1.8612099885940552,1.861549973487854,1.859820008277893,1.8611400127410889
2021-12-31 20:00:00+00:00,1.8611299991607664,1.861479997634888,1.8602399826049805,1.8610600233078003
2021-12-31 21:00:00+00:00,1.8610199689865112,1.8641899824142456,1.8587700128555296,1.8621799945831297
2021-12-31 22:00:00+00:00,1.8622599840164185,1.86395001411438,1.8622599840164185,1.8635400533676147
2022-01-03 00:00:00+00:00,1.860450029373169,1.8609999418258667,1.8588099479675293,1.860319972038269
2022-01-03 01:00:00+00:00,1.8603700399398804,1.863450050354004,1.858450055122376,1.862879991531372
2022-01-03 02:00:00+00:00,1.8627699613571167,1.864109992980957,1.861250042915344,1.862030029296875
2022-01-03 03:00:00+00:00,1.862030029296875,1.864169955253601,1.861050009727478,1.862229943275452
2022-01-03 04:00:00+00:00,1.8622900247573853,1.862720012664795,1.861500024795532,1.861860036849976
2022-01-03 05:00:00+00:00,1.86191999912262,1.863029956817627,1.861350059509277,1.862779974937439
2022-01-03 06:00:00+00:00,1.862930059432984,1.86329996585846,1.861590027809143,1.86191999912262
2022-01-03 07:00:00+00:00,1.861940026283264,1.862529993057251,1.8601800203323364,1.8610199689865112
2022-01-03 08:00:00+00:00,1.8610199689865112,1.862470030784607,1.859910011291504,1.862380027770996
2022-01-03 09:00:00+00:00,1.8623700141906736,1.8637900352478027,1.861600041389465,1.863070011138916
2022-01-03 10:00:00+00:00,1.863010048866272,1.864179968833924,1.861840009689331,1.863569974899292
2022-01-03 11:00:00+00:00,1.8636200428009035,1.865020036697388,1.863070011138916,1.8635300397872925
2022-01-03 12:00:00+00:00,1.863919973373413,1.8653700351715088,1.863489985466004,1.864240050315857
2022-01-03 13:00:00+00:00,1.864300012588501,1.8676600456237795,1.863489985466004,1.8672300577163696
2022-01-03 14:00:00+00:00,1.8672300577163696,1.8717199563980105,1.8670599460601809,1.8702399730682373
2022-01-03 15:00:00+00:00,1.87024998664856,1.8714599609375,1.8680200576782229,1.871129989624024
2022-01-03 16:00:00+00:00,1.8710399866104128,1.8724299669265747,1.8690199851989744,1.8719099760055544
2022-01-03 17:00:00+00:00,1.8719099760055544,1.8735500574111936,1.8707799911499023,1.871649980545044
2022-01-03 18:00:00+00:00,1.8718899488449097,1.872660040855408,1.87107002735138,1.872099995613098
2022-01-03 19:00:00+00:00,1.872089982032776,1.875309944152832,1.8718600273132324,1.8751699924469
2022-01-03 20:00:00+00:00,1.8751800060272217,1.8757599592208865,1.873829960823059,1.8752199411392207
2022-01-03 21:00:00+00:00,1.875249981880188,1.875830054283142,1.872130036354065,1.8737800121307373
2022-01-03 22:00:00+00:00,1.873769998550415,1.875570058822632,1.8713300228118896,1.87379002571106
2022-01-03 23:00:00+00:00,1.8737599849700928,1.8751499652862549,1.8724000453948968,1.87336003780365
2022-01-04 00:00:00+00:00,1.8735599517822263,1.8738000392913816,1.871809959411621,1.872339963912964
2022-01-04 01:00:00+00:00,1.8724499940872192,1.8728400468826287,1.8703900575637813,1.872189998626709
2022-01-04 02:00:00+00:00,1.8721400499343872,1.87296998500824,1.8705300092697144,1.8714599609375
2022-01-04 03:00:00+00:00,1.8714599609375,1.8718600273132324,1.868559956550598,1.869250059127808
2022-01-04 04:00:00+00:00,1.8691600561141968,1.8692599534988403,1.866420030593872,1.867779970169068
2022-01-04 05:00:00+00:00,1.867740035057068,1.8687599897384644,1.866269946098328,1.867069959640503
2022-01-04 06:00:00+00:00,1.8671200275421145,1.8685699701309204,1.8663100004196167,1.8675600290298464
2022-01-04 07:00:00+00:00,1.8675800561904907,1.871260046958924,1.8669400215148928,1.871260046958924
2022-01-04 08:00:00+00:00,1.871260046958924,1.872470021247864,1.869809985160828,1.871569991111756
2022-01-04 09:00:00+00:00,1.871500015258789,1.873810052871704,1.8702000379562376,1.873430013656616
2022-01-04 10:00:00+00:00,1.8734400272369385,1.8739999532699585,1.87076997756958,1.8733400106430047
2022-01-04 11:00:00+00:00,1.873270034790039,1.8747600317001345,1.8719099760055544,1.8747199773788448
2022-01-04 12:00:00+00:00,1.8746399879455569,1.8764300346374512,1.8724499940872192,1.875599980354309
2022-01-04 13:00:00+00:00,1.8755600452423096,1.8759299516677856,1.8738800287246704,1.8748300075531008
2022-01-04 14:00:00+00:00,1.874850034713745,1.8761500120162964,1.8727500438690183,1.87336003780365
2022-01-04 15:00:00+00:00,1.8729499578475952,1.8743300437927248,1.8696999549865725,1.8702399730682373
2022-01-04 16:00:00+00:00,1.8702900409698489,1.8723700046539309,1.8693499565124512,1.869979977607727
2022-01-04 17:00:00+00:00,1.869920015335083,1.8707799911499023,1.868839979171753,1.8694100379943848
2022-01-04 18:00:00+00:00,1.8694499731063845,1.870169997215271,1.868250012397766,1.8697600364685056
2022-01-04 19:00:00+00:00,1.8697999715805047,1.8701200485229488,1.8684600591659544,1.8687200546264648
2022-01-04 20:00:00+00:00,1.8687299489974976,1.8691099882125848,1.8670799732208248,1.868549942970276
2022-01-04 21:00:00+00:00,1.8686000108718872,1.8700100183486936,1.8672699928283687,1.8690099716186523
2022-01-04 22:00:00+00:00,1.868409991264344,1.8703999519348145,1.86584997177124,1.8687200546264648
2022-01-04 23:00:00+00:00,1.8687200546264648,1.8696999549865725,1.8671499490737915,1.8687700033187864
2022-01-05 00:00:00+00:00,1.8690799474716189,1.869809985160828,1.8671799898147583,1.869120001792908
2022-01-05 01:00:00+00:00,1.8691699504852293,1.871870040893555,1.8681000471115112,1.871649980545044
2022-01-05 02:00:00+00:00,1.8716299533844,1.871899962425232,1.869070053100586,1.87076997756958
2022-01-05 03:00:00+00:00,1.8708100318908687,1.872230052947998,1.8697199821472168,1.8703199625015257
2022-01-05 04:00:00+00:00,1.8703399896621704,1.8707400560379028,1.8692799806594849,1.870020031929016
2022-01-05 05:00:00+00:00,1.8700900077819824,1.872380018234253,1.8694599866867063,1.8721100091934204
2022-01-05 06:00:00+00:00,1.8720500469207764,1.872499942779541,1.870169997215271,1.8712999820709229
2022-01-05 07:00:00+00:00,1.8712899684906008,1.872069954872132,1.8691699504852293,1.870959997177124
2022-01-05 08:00:00+00:00,1.8709100484848025,1.872910022735596,1.8697199821472168,1.871379971504212
2022-01-05 09:00:00+00:00,1.871440052986145,1.871510028839112,1.8665800094604488,1.8670400381088257
2022-01-05 10:00:00+00:00,1.867210030555725,1.86899995803833,1.865520000457764,1.8666399717330933
2022-01-05 11:00:00+00:00,1.8666399717330933,1.8676899671554563,1.8653500080108645,1.865820050239563
2022-01-05 12:00:00+00:00,1.865820050239563,1.8675700426101685,1.865090012550354,1.8675700426101685
2022-01-05 13:00:00+00:00,1.8675600290298464,1.867840051651001,1.8652199506759644,1.8667500019073489
2022-01-05 14:00:00+00:00,1.8667399883270264,1.8683600425720213,1.8640999794006348,1.8648200035095213
2022-01-05 15:00:00+00:00,1.8648500442504885,1.8670099973678589,1.8636900186538696,1.865839958190918
2022-01-05 16:00:00+00:00,1.865820050239563,1.8699699640274048,1.8652399778366089,1.869339942932129
2022-01-05 17:00:00+00:00,1.8693499565124512,1.8711600303649905,1.8678499460220337,1.8709299564361568
2022-01-05 18:00:00+00:00,1.87107002735138,1.87228000164032,1.8703700304031368,1.870949983596801
2022-01-05 19:00:00+00:00,1.87107002735138,1.8778599500656128,1.8702000379562376,1.8772300481796265
2022-01-05 20:00:00+00:00,1.8772499561309808,1.877660036087036,1.8757200241088867,1.876520037651062
2022-01-05 21:00:00+00:00,1.876539945602417,1.877699971199036,1.8755799531936648,1.876960039138794
2022-01-05 22:00:00+00:00,1.8768800497055047,1.877969980239868,1.8759000301361084,1.87663996219635
2022-01-05 23:00:00+00:00,1.8763999938964844,1.8786900043487549,1.875849962234497,1.87706995010376
2022-01-06 00:00:00+00:00,1.877120018005371,1.8780499696731567,1.876539945602417,1.8774800300598145
2022-01-06 01:00:00+00:00,1.877500057220459,1.8795000314712524,1.8770899772644043,1.8782999515533447
2022-01-06 02:00:00+00:00,1.8783299922943115,1.880990028381348,1.8780499696731567,1.880489945411682
2022-01-06 03:00:00+00:00,1.880489945411682,1.8827099800109863,1.879699945449829,1.8824000358581543
2022-01-06 04:00:00+00:00,1.8824399709701536,1.885699987411499,1.8816100358963013,1.8846999406814573
2022-01-06 05:00:00+00:00,1.8846999406814573,1.8865900039672847,1.8845700025558472,1.8859699964523315
2022-01-06 06:00:00+00:00,1.8859699964523315,1.8876999616622925,1.8855400085449217,1.886849999427796
2022-01-06 07:00:00+00:00,1.886849999427796,1.888260006904602,1.885740041732788,1.8862299919128416
2022-01-06 08:00:00+00:00,1.8862299919128416,1.8898299932479856,1.884909987449646,1.8878400325775144
2022-01-06 09:00:00+00:00,1.887869954109192,1.8895200490951536,1.8868999481201167,1.888059973716736
2022-01-06 10:00:00+00:00,1.8880200386047363,1.8884700536727903,1.8848299980163568,1.886029958724976
2022-01-06 11:00:00+00:00,1.886019945144653,1.889189958572388,1.885599970817566,1.8883299827575684
2022-01-06 12:00:00+00:00,1.8883899450302124,1.8895299434661863,1.8868099451065063,1.8883600234985352
2022-01-06 13:00:00+00:00,1.8883600234985352,1.889799952507019,1.886489987373352,1.889709949493408
2022-01-06 14:00:00+00:00,1.8897900581359863,1.890879988670349,1.8870699405670168,1.8897199630737305
2022-01-06 15:00:00+00:00,1.889799952507019,1.891129970550537,1.8867000341415403,1.8897600173950195
2022-01-06 16:00:00+00:00,1.889709949493408,1.890390038490296,1.887719988822937,1.8889100551605225
2022-01-06 17:00:00+00:00,1.8889000415802,1.889569997787476,1.886540055274964,1.887910008430481
2022-01-06 18:00:00+00:00,1.888010025024414,1.8888499736785889,1.887120008468628,1.8878400325775144
2022-01-06 19:00:00+00:00,1.8878300189971924,1.8887300491333008,1.8870799541473389,1.8877099752426147
2022-01-06 20:00:00+00:00,1.8876399993896484,1.8896600008010864,1.8867599964141848,1.8885999917984009
2022-01-06 21:00:00+00:00,1.8885999917984009,1.8897700309753416,1.8868299722671509,1.88864004611969
2022-01-06 22:00:00+00:00,1.8886100053787231,1.889870047569275,1.885419964790344,1.889320015907288
2022-01-06 23:00:00+00:00,1.88919997215271,1.889879941940308,1.888069987297058,1.8890899419784544
2022-01-07 00:00:00+00:00,1.8893500566482544,1.88945996761322,1.8866900205612185,1.8878599405288696
2022-01-07 01:00:00+00:00,1.8877700567245483,1.8896100521087649,1.8867599964141848,1.889320015907288
2022-01-07 02:00:00+00:00,1.88919997215271,1.8909300565719604,1.8886699676513672,1.889189958572388
2022-01-07 03:00:00+00:00,1.889189958572388,1.890779972076416,1.888440012931824,1.8904900550842283
2022-01-07 04:00:00+00:00,1.8904900550842283,1.8923699855804443,1.889950037002564,1.8918299674987795
2022-01-07 05:00:00+00:00,1.8918299674987795,1.892289996147156,1.8904000520706177,1.8906099796295168
2022-01-07 06:00:00+00:00,1.8905400037765503,1.8927600383758545,1.890529990196228,1.8922200202941888
2022-01-07 07:00:00+00:00,1.8922100067138672,1.8928699493408203,1.8910200595855715,1.8924100399017327
2022-01-07 08:00:00+00:00,1.8924599885940552,1.895509958267212,1.8912700414657595,1.8943899869918823
2022-01-07 09:00:00+00:00,1.894420027732849,1.895140051841736,1.8926500082015991,1.8943099975585933
2022-01-07 10:00:00+00:00,1.894320011138916,1.89468002319336,1.891350030899048,1.892169952392578
2022-01-07 11:00:00+00:00,1.892169952392578,1.89451003074646,1.891950011253357,1.893740057945252
2022-01-07 12:00:00+00:00,1.893720030784607,1.89437997341156,1.8927799463272093,1.894029974937439
2022-01-07 13:00:00+00:00,1.8940500020980835,1.8979500532150269,1.891610026359558,1.8963099718093872
2022-01-07 14:00:00+00:00,1.8963700532913208,1.896389961242676,1.890820026397705,1.8921400308609009
2022-01-07 15:00:00+00:00,1.8921400308609009,1.896399974822998,1.890820026397705,1.8943300247192385
2022-01-07 16:00:00+00:00,1.8943099975585933,1.894490003585816,1.8896199464797967,1.8901900053024288
2022-01-07 17:00:00+00:00,1.8902900218963623,1.8923100233078003,1.8896000385284424,1.891700029373169
2022-01-07 18:00:00+00:00,1.8917399644851685,1.892339944839477,1.890519976615905,1.8913300037384035
2022-01-07 19:00:00+00:00,1.8912899494171145,1.8926299810409544,1.890699982643128,1.8922799825668333
2022-01-07 20:00:00+00:00,1.892240047454834,1.8933000564575195,1.8916300535202024,1.8929599523544312
2022-01-07 21:00:00+00:00,1.892979979515076,1.893779993057251,1.890630006790161,1.891520023345948
2022-01-07 22:00:00+00:00,1.891819953918457,1.8926199674606323,1.891819953918457,1.892099976539612
2022-01-10 00:00:00+00:00,1.8933000564575195,1.893399953842163,1.890949964523316,1.892040014266968
2022-01-10 01:00:00+00:00,1.8920899629592896,1.8924100399017327,1.889389991760254,1.890120029449463
2022-01-10 02:00:00+00:00,1.890089988708496,1.890120029449463,1.8885300159454343,1.8891199827194207
2022-01-10 03:00:00+00:00,1.8891199827194207,1.889549970626831,1.888350009918213,1.88919997215271
2022-01-10 04:00:00+00:00,1.88919997215271,1.8892500400543213,1.887349963188172,1.8886499404907229
2022-01-10 05:00:00+00:00,1.888659954071045,1.889310002326965,1.8875099420547483,1.888960003852844
2022-01-10 06:00:00+00:00,1.8889000415802,1.8895399570465088,1.8875099420547483,1.8878799676895144
2022-01-10 07:00:00+00:00,1.887979984283448,1.8889800310134888,1.886680006980896,1.8877300024032595
2022-01-10 08:00:00+00:00,1.887719988822937,1.8921500444412231,1.887060046195984,1.8904900550842283
2022-01-10 09:00:00+00:00,1.8904399871826167,1.89110004901886,1.888190031051636,1.889189958572388
2022-01-10 10:00:00+00:00,1.8891199827194207,1.8893500566482544,1.8860399723052976,1.8878400325775144
2022-01-10 11:00:00+00:00,1.8878599405288696,1.889559984207153,1.8870500326156616,1.888820052146912
2022-01-10 12:00:00+00:00,1.888710021972656,1.8909300565719604,1.8880900144577024,1.8907500505447388
2022-01-10 13:00:00+00:00,1.8907999992370603,1.8918100595474243,1.8887200355529783,1.889879941940308
2022-01-10 14:00:00+00:00,1.889879941940308,1.891759991645813,1.8877899646759035,1.891520023345948
2022-01-10 15:00:00+00:00,1.891510009765625,1.895990014076233,1.890820026397705,1.893610000610352
2022-01-10 16:00:00+00:00,1.8935099840164185,1.8941999673843384,1.89096999168396,1.891759991645813
2022-01-10 17:00:00+00:00,1.891800045967102,1.8932199478149407,1.8912400007247925,1.892590045928955
2022-01-10 18:00:00+00:00,1.892590045928955,1.8935600519180296,1.891759991645813,1.8924299478530884
2022-01-10 19:00:00+00:00,1.8924299478530884,1.8940500020980835,1.8917200565338133,1.892590045928955
2022-01-10 20:00:00+00:00,1.8925600051879885,1.893589973449707,1.8915300369262693,1.891909956932068
2022-01-10 21:00:00+00:00,1.8918999433517456,1.893409967422485,1.8883600234985352,1.8929500579833984
2022-01-10 22:00:00+00:00,1.893419981002808,1.8940900564193728,1.889320015907288,1.892590045928955
2022-01-10 23:00:00+00:00,1.892590045928955,1.8932199478149407,1.8906500339508057,1.8911700248718264
2022-01-11 00:00:00+00:00,1.891199946403504,1.891860008239746,1.889209985733032,1.890200018882752
2022-01-11 01:00:00+00:00,1.8903000354766848,1.892850041389465,1.8899600505828853,1.891890048980713
2022-01-11 02:00:00+00:00,1.891950011253357,1.8927799463272093,1.890069961547852,1.890519976615905
2022-01-11 03:00:00+00:00,1.890519976615905,1.8907500505447388,1.888800024986267,1.890470027923584
2022-01-11 04:00:00+00:00,1.8904900550842283,1.8914999961853027,1.889709949493408,1.891319990158081
2022-01-11 05:00:00+00:00,1.891319990158081,1.8919299840927124,1.8899400234222408,1.8908400535583496
2022-01-11 06:00:00+00:00,1.8908599615097048,1.8946900367736816,1.8900599479675293,1.893720030784607
2022-01-11 07:00:00+00:00,1.893610000610352,1.8940900564193728,1.89031994342804,1.891319990158081
2022-01-11 08:00:00+00:00,1.891319990158081,1.8955299854278564,1.8904099464416504,1.8947900533676147
2022-01-11 09:00:00+00:00,1.8947800397872925,1.8951599597930908,1.8924100399017327,1.894180059432984
2022-01-11 10:00:00+00:00,1.894170045852661,1.895580053329468,1.892850041389465,1.8945900201797483
2022-01-11 11:00:00+00:00,1.8945900201797483,1.895210027694702,1.8915599584579468,1.8924800157547
2022-01-11 12:00:00+00:00,1.8924599885940552,1.8946499824523928,1.8912299871444704,1.89300000667572
2022-01-11 13:00:00+00:00,1.892940044403076,1.894610047340393,1.8918399810791016,1.8943400382995603
2022-01-11 14:00:00+00:00,1.8943400382995603,1.8962199687957764,1.8935199975967407,1.8946599960327148
2022-01-11 15:00:00+00:00,1.8947499990463257,1.895400047302246,1.8924800157547,1.894739985466004
2022-01-11 16:00:00+00:00,1.894760012626648,1.89520001411438,1.891890048980713,1.892729997634888
2022-01-11 17:00:00+00:00,1.892789959907532,1.8932100534439087,1.8910399675369265,1.8918399810791016
2022-01-11 18:00:00+00:00,1.8918299674987795,1.891980051994324,1.8882700204849243,1.888569951057434
2022-01-11 19:00:00+00:00,1.8885300159454343,1.890630006790161,1.88838005065918,1.8905400037765503
2022-01-11 20:00:00+00:00,1.890519976615905,1.8907500505447388,1.8894100189208984,1.8902900218963623
2022-01-11 21:00:00+00:00,1.8902599811553955,1.8914300203323364,1.889649987220764,1.890830039978028
2022-01-11 22:00:00+00:00,1.89110004901886,1.8915300369262693,1.888890027999878,1.8905500173568728
2022-01-11 23:00:00+00:00,1.8904600143432613,1.8912700414657595,1.8880200386047363,1.8907999992370603
2022-01-12 00:00:00+00:00,1.8907099962234497,1.8917200565338133,1.889709949493408,1.8902699947357176
2022-01-12 01:00:00+00:00,1.8902900218963623,1.892009973526001,1.8895200490951536,1.891010046005249
2022-01-12 02:00:00+00:00,1.891010046005249,1.8921799659729004,1.890239953994751,1.8907500505447388
2022-01-12 03:00:00+00:00,1.89110004901886,1.8914400339126587,1.88959002494812,1.88959002494812
2022-01-12 04:00:00+00:00,1.8899799585342407,1.8904199600219729,1.8884199857711792,1.889439940452576
2022-01-12 05:00:00+00:00,1.8895299434661863,1.8908499479293823,1.889060020446777,1.8899600505828853
2022-01-12 06:00:00+00:00,1.8900200128555296,1.8905600309371948,1.8884299993515008,1.8896600008010864
2022-01-12 07:00:00+00:00,1.889709949493408,1.8923300504684448,1.8889100551605225,1.891639947891236
2022-01-12 08:00:00+00:00,1.8916200399398804,1.892930030822754,1.8903100490570068,1.8916499614715576
2022-01-12 09:00:00+00:00,1.891540050506592,1.8921799659729004,1.8889399766922,1.8895000219345093
2022-01-12 10:00:00+00:00,1.8895000219345093,1.890470027923584,1.8887200355529783,1.8899999856948853
2022-01-12 11:00:00+00:00,1.8900799751281736,1.8913300037384035,1.889389991760254,1.8908599615097048
2022-01-12 12:00:00+00:00,1.890830039978028,1.891819953918457,1.8896600008010864,1.8904600143432613
2022-01-12 13:00:00+00:00,1.8904800415039065,1.8919700384140008,1.8859399557113647,1.886540055274964
2022-01-12 14:00:00+00:00,1.8865200281143188,1.887369990348816,1.883020043373108,1.8842600584030151
2022-01-12 15:00:00+00:00,1.8842400312423704,1.8848299980163568,1.8805299997329712,1.8828799724578853
2022-01-12 16:00:00+00:00,1.8828799724578853,1.8840500116348269,1.881319999694824,1.881979942321777
2022-01-12 17:00:00+00:00,1.8817700147628784,1.8833199739456177,1.8805899620056152,1.881780028343201
2022-01-12 18:00:00+00:00,1.881780028343201,1.882740020751953,1.881369948387146,1.8822699785232544
2022-01-12 19:00:00+00:00,1.8823000192642207,1.882560014724732,1.8795599937438965,1.8804800510406487
2022-01-12 20:00:00+00:00,1.880360007286072,1.8816399574279783,1.879979968070984,1.88074004650116
2022-01-12 21:00:00+00:00,1.880679965019226,1.881680011749268,1.8790899515151973,1.8803900480270384
2022-01-12 22:00:00+00:00,1.8786799907684328,1.882140040397644,1.8786799907684328,1.8813999891281128
2022-01-12 23:00:00+00:00,1.881469964981079,1.882310032844544,1.880239963531494,1.882159948348999
2022-01-13 00:00:00+00:00,1.8820899724960327,1.8832900524139404,1.881250023841858,1.8822100162506104
2022-01-13 01:00:00+00:00,1.8822499513626096,1.8839800357818604,1.881309986114502,1.883679986000061
2022-01-13 02:00:00+00:00,1.883769989013672,1.884590029716492,1.8817299604415887,1.8822699785232544
2022-01-13 03:00:00+00:00,1.8822699785232544,1.883370041847229,1.8807200193405151,1.8811399936676023
2022-01-13 04:00:00+00:00,1.8812099695205688,1.8821500539779663,1.8802000284194944,1.881010055541992
2022-01-13 05:00:00+00:00,1.881119966506958,1.883389949798584,1.8804099559783936,1.8827799558639529
2022-01-13 06:00:00+00:00,1.8827099800109863,1.882830023765564,1.880910038948059,1.8820500373840328
2022-01-13 07:00:00+00:00,1.882040023803711,1.8826099634170528,1.879449963569641,1.880669951438904
2022-01-13 08:00:00+00:00,1.8806899785995483,1.881309986114502,1.878159999847412,1.880010008811951
2022-01-13 09:00:00+00:00,1.8799899816513064,1.8818299770355225,1.8785400390625,1.87923002243042
2022-01-13 10:00:00+00:00,1.8791300058364868,1.880929946899414,1.878520011901856,1.880859971046448
2022-01-13 11:00:00+00:00,1.880820035934448,1.881890058517456,1.879539966583252,1.8804099559783936
2022-01-13 12:00:00+00:00,1.8804099559783936,1.8815200328826904,1.879150032997132,1.8803900480270384
2022-01-13 13:00:00+00:00,1.8802800178527832,1.8804999589920044,1.878029942512512,1.880239963531494
2022-01-13 14:00:00+00:00,1.880210041999817,1.8809700012207031,1.8783700466156008,1.8808900117874143
2022-01-13 15:00:00+00:00,1.880910038948059,1.8837300539016724,1.8804700374603271,1.881739974021912
2022-01-13 16:00:00+00:00,1.881569981575012,1.8825500011444087,1.87978994846344,1.8801000118255613
2022-01-13 17:00:00+00:00,1.8801599740982056,1.8828999996185305,1.879889965057373,1.880920052528381
2022-01-13 18:00:00+00:00,1.880920052528381,1.882200002670288,1.880579948425293,1.881180047988892
2022-01-13 19:00:00+00:00,1.8811399936676023,1.882619976997376,1.8803399801254272,1.8818299770355225
2022-01-13 20:00:00+00:00,1.8817700147628784,1.8836499452590945,1.8812899589538568,1.883119940757752
2022-01-13 21:00:00+00:00,1.8830900192260744,1.883579969406128,1.8796900510787964,1.8808300495147705
2022-01-13 22:00:00+00:00,1.8816399574279783,1.883999943733216,1.8799500465393064,1.8824599981307983
2022-01-13 23:00:00+00:00,1.8824900388717647,1.8839800357818604,1.8821699619293213,1.8831900358200075
2022-01-14 00:00:00+00:00,1.8832800388336184,1.885210037231445,1.882889986038208,1.88401997089386
2022-01-14 01:00:00+00:00,1.883999943733216,1.8873800039291384,1.8834799528121948,1.886639952659607
2022-01-14 02:00:00+00:00,1.8866300582885744,1.8881700038909912,1.885609984397888,1.886379957199097
2022-01-14 03:00:00+00:00,1.886430025100708,1.8880900144577024,1.8861500024795528,1.8867299556732176
2022-01-14 04:00:00+00:00,1.886790037155152,1.8868000507354736,1.8845000267028809,1.8849300146102903
2022-01-14 05:00:00+00:00,1.884860038757324,1.8861700296401973,1.884209990501404,1.8844300508499143
2022-01-14 06:00:00+00:00,1.8844799995422363,1.884909987449646,1.883020043373108,1.88470995426178
2022-01-14 07:00:00+00:00,1.884719967842102,1.885570049285889,1.883059978485108,1.884860038757324
2022-01-14 08:00:00+00:00,1.884899973869324,1.8870099782943728,1.8826600313186648,1.8868000507354736
2022-01-14 09:00:00+00:00,1.8867599964141848,1.889299988746643,1.886080026626587,1.888569951057434
2022-01-14 10:00:00+00:00,1.8885200023651123,1.8893500566482544,1.8871500492095947,1.889009952545166
2022-01-14 11:00:00+00:00,1.889009952545166,1.889569997787476,1.8873300552368164,1.8891199827194207
2022-01-14 12:00:00+00:00,1.889150023460388,1.8917100429534912,1.8886100053787231,1.8915499448776243
2022-01-14 13:00:00+00:00,1.8915599584579468,1.8945200443267824,1.8910399675369265,1.8928799629211424
2022-01-14 14:00:00+00:00,1.892860054969788,1.8932100534439087,1.887410044670105,1.887850046157837
2022-01-14 15:00:00+00:00,1.8878400325775144,1.8925299644470213,1.8873599767684937,1.8918399810791016
2022-01-14 16:00:00+00:00,1.8918700218200684,1.89300000667572,1.890910029411316,1.8924399614334104
2022-01-14 17:00:00+00:00,1.8924599885940552,1.8961000442504885,1.891980051994324,1.8959300518035889
2022-01-14 18:00:00+00:00,1.895949959754944,1.8981300592422483,1.895509958267212,1.89752995967865
2022-01-14 19:00:00+00:00,1.8975499868392944,1.898169994354248,1.89683997631073,1.8973900079727173
2022-01-14 20:00:00+00:00,1.8973599672317505,1.8976099491119385,1.8952499628067017,1.895609974861145
2022-01-14 21:00:00+00:00,1.895550012588501,1.897629976272583,1.8941400051116943,1.8954700231552124
2022-01-14 22:00:00+00:00,1.897349953651428,1.897349953651428,1.897349953651428,1.897349953651428
2022-01-17 00:00:00+00:00,1.894670009613037,1.897089958190918,1.894299983978272,1.896649956703186
2022-01-17 01:00:00+00:00,1.8967299461364744,1.8991700410842896,1.896139979362488,1.8988900184631348
2022-01-17 02:00:00+00:00,1.8989299535751345,1.8989299535751345,1.895699977874756,1.8962199687957764
2022-01-17 03:00:00+00:00,1.896289944648743,1.897289991378784,1.8957500457763672,1.8967499732971191
2022-01-17 04:00:00+00:00,1.8967499732971191,1.8981499671936035,1.8960700035095213,1.897860050201416
2022-01-17 05:00:00+00:00,1.89795994758606,1.8983999490737915,1.8970099687576287,1.8980400562286377
2022-01-17 06:00:00+00:00,1.8980499505996704,1.8987499475479128,1.8968199491500848,1.898169994354248
2022-01-17 07:00:00+00:00,1.898169994354248,1.8985999822616573,1.8955299854278564,1.895900011062622
2022-01-17 08:00:00+00:00,1.8959300518035889,1.897420048713684,1.8945300579071045,1.8948899507522583
2022-01-17 09:00:00+00:00,1.8949099779129028,1.8960599899291992,1.8939100503921509,1.895609974861145
2022-01-17 10:00:00+00:00,1.895640015602112,1.895830035209656,1.8934500217437744,1.8941600322723389
2022-01-17 11:00:00+00:00,1.8941099643707275,1.8943599462509155,1.8912099599838257,1.8920199871063232
2022-01-17 12:00:00+00:00,1.892040014266968,1.8923799991607664,1.889340043067932,1.892199993133545
2022-01-17 13:00:00+00:00,1.892199993133545,1.893239974975586,1.8914200067520144,1.89260995388031
2022-01-17 14:00:00+00:00,1.8926199674606323,1.8935099840164185,1.8918999433517456,1.8928899765014648
2022-01-17 15:00:00+00:00,1.8928699493408203,1.893749952316284,1.8909000158309937,1.8924000263214111
2022-01-17 16:00:00+00:00,1.8926500082015991,1.893740057945252,1.892199993133545,1.8930100202560425
2022-01-17 17:00:00+00:00,1.8930200338363647,1.8939499855041504,1.89179003238678,1.892109990119934
2022-01-17 18:00:00+00:00,1.8921500444412231,1.8924800157547,1.891389966011048,1.8920300006866453
2022-01-17 19:00:00+00:00,1.8920600414276123,1.8923699855804443,1.891450047492981,1.8922100067138672
2022-01-17 20:00:00+00:00,1.8922200202941888,1.892500042915344,1.891389966011048,1.8923200368881223
2022-01-17 21:00:00+00:00,1.8923100233078003,1.8926199674606323,1.889870047569275,1.8902699947357176
2022-01-17 22:00:00+00:00,1.8916800022125244,1.8930699825286863,1.8896600008010864,1.892789959907532
2022-01-17 23:00:00+00:00,1.892359972000122,1.893460035324097,1.890570044517517,1.8924399614334104
2022-01-18 00:00:00+00:00,1.8923799991607664,1.8933000564575195,1.891080021858216,1.891819953918457
2022-01-18 01:00:00+00:00,1.891849994659424,1.8924100399017327,1.8895399570465088,1.8903800249099727
2022-01-18 02:00:00+00:00,1.890390038490296,1.8917100429534912,1.8899600505828853,1.8907699584960933
2022-01-18 03:00:00+00:00,1.8908400535583496,1.89723002910614,1.890200018882752,1.89654004573822
2022-01-18 04:00:00+00:00,1.8964200019836424,1.8989100456237795,1.8952900171279907,1.895679950714112
2022-01-18 05:00:00+00:00,1.895709991455078,1.8968000411987305,1.894860029220581,1.8957600593566888
2022-01-18 06:00:00+00:00,1.8957600593566888,1.895900011062622,1.8932900428771973,1.893720030784607
2022-01-18 07:00:00+00:00,1.8937699794769287,1.89614999294281,1.893499970436096,1.8943699598312376
2022-01-18 08:00:00+00:00,1.8944000005722048,1.8974699974060056,1.894240021705628,1.8963099718093872
2022-01-18 09:00:00+00:00,1.8963099718093872,1.897289991378784,1.8948700428009035,1.895300030708313
2022-01-18 10:00:00+00:00,1.895359992980957,1.895509958267212,1.8933000564575195,1.8943899869918823
2022-01-18 11:00:00+00:00,1.8943599462509155,1.89468002319336,1.8923799991607664,1.892840027809143
2022-01-18 12:00:00+00:00,1.892799973487854,1.893030047416687,1.8902900218963623,1.8908400535583496
2022-01-18 13:00:00+00:00,1.8908499479293823,1.893030047416687,1.8896700143814087,1.8919600248336792
2022-01-18 14:00:00+00:00,1.8919600248336792,1.8922499418258667,1.8902100324630733,1.8913099765777588
2022-01-18 15:00:00+00:00,1.891319990158081,1.8915599584579468,1.8876500129699707,1.889449954032898
2022-01-18 16:00:00+00:00,1.8894699811935425,1.8918800354003904,1.888689994812012,1.8901900053024288
2022-01-18 17:00:00+00:00,1.890239953994751,1.893149971961975,1.8899099826812744,1.8923100233078003
2022-01-18 18:00:00+00:00,1.8924100399017327,1.893610000610352,1.8916300535202024,1.892109990119934
2022-01-18 19:00:00+00:00,1.8921200037002563,1.89274001121521,1.8912299871444704,1.8921600580215447
2022-01-18 20:00:00+00:00,1.8921600580215447,1.8933000564575195,1.8915599584579468,1.8924700021743768
2022-01-18 21:00:00+00:00,1.892449975013733,1.8932199478149407,1.8914799690246584,1.8921899795532229
2022-01-18 22:00:00+00:00,1.8915599584579468,1.893229961395264,1.8904900550842283,1.892670035362244
2022-01-18 23:00:00+00:00,1.8925199508666992,1.892920017242432,1.8910499811172483,1.892420053482056
2022-01-19 00:00:00+00:00,1.8920700550079343,1.893419981002808,1.8910000324249268,1.8921500444412231
2022-01-19 01:00:00+00:00,1.8922200202941888,1.8928300142288208,1.8903700113296509,1.8923799991607664
2022-01-19 02:00:00+00:00,1.8924000263214111,1.8924599885940552,1.8905999660491943,1.891469955444336
2022-01-19 03:00:00+00:00,1.8915300369262693,1.8939599990844729,1.8910000324249268,1.8925199508666992
2022-01-19 04:00:00+00:00,1.892590045928955,1.893479943275452,1.8904999494552608,1.8930799961090088
2022-01-19 05:00:00+00:00,1.893030047416687,1.893589973449707,1.89191997051239,1.8925100564956665
2022-01-19 06:00:00+00:00,1.892500042915344,1.892979979515076,1.89031994342804,1.890949964523316
2022-01-19 07:00:00+00:00,1.8910000324249268,1.893030047416687,1.890660047531128,1.8925600051879885
2022-01-19 08:00:00+00:00,1.892539978027344,1.8935500383377075,1.8900099992752075,1.8903100490570068
2022-01-19 09:00:00+00:00,1.890570044517517,1.8918399810791016,1.889060020446777,1.890089988708496
2022-01-19 10:00:00+00:00,1.8900799751281736,1.890640020370484,1.888499975204468,1.8894100189208984
2022-01-19 11:00:00+00:00,1.889400005340576,1.8920899629592896,1.8886200189590447,1.8898600339889529
2022-01-19 12:00:00+00:00,1.889989972114563,1.8906099796295168,1.8889399766922,1.889709949493408
2022-01-19 13:00:00+00:00,1.8897500038146973,1.889899969100952,1.885740041732788,1.886430025100708
2022-01-19 14:00:00+00:00,1.886530041694641,1.887940049171448,1.884529948234558,1.8861900568008425
2022-01-19 15:00:00+00:00,1.886109948158264,1.888100028038025,1.8856600522994995,1.8871999979019165
2022-01-19 16:00:00+00:00,1.887220025062561,1.888100028038025,1.884610056877136,1.885699987411499
2022-01-19 17:00:00+00:00,1.8857300281524656,1.886430025100708,1.8840399980545044,1.8845399618148804
2022-01-19 18:00:00+00:00,1.8845399618148804,1.8859599828720093,1.883970022201538,1.8853299617767327
2022-01-19 19:00:00+00:00,1.885349988937378,1.8864799737930296,1.88484001159668,1.885949969291687
2022-01-19 20:00:00+00:00,1.8859699964523315,1.8874599933624268,1.8849999904632568,1.886989951133728
2022-01-19 21:00:00+00:00,1.886970043182373,1.888010025024414,1.886409997940064,1.8871899843215945
2022-01-19 22:00:00+00:00,1.8872499465942385,1.8885899782180784,1.8854600191116333,1.887159943580628
2022-01-19 23:00:00+00:00,1.8871899843215945,1.8879200220108032,1.8847700357437127,1.8857500553131104
2022-01-20 00:00:00+00:00,1.8857500553131104,1.886080026626587,1.8818299770355225,1.882349967956543
2022-01-20 01:00:00+00:00,1.8824000358581543,1.88332998752594,1.879770040512085,1.88264000415802
2022-01-20 02:00:00+00:00,1.8827999830245967,1.88441002368927,1.8820899724960327,1.8828200101852417
2022-01-20 03:00:00+00:00,1.882869958877564,1.883970022201538,1.8814400434494016,1.8832600116729736
2022-01-20 04:00:00+00:00,1.8832000494003296,1.8836100101470947,1.881979942321777,1.8828500509262085
2022-01-20 05:00:00+00:00,1.8829200267791748,1.886240005493164,1.882060050964356,1.8855799436569207
2022-01-20 06:00:00+00:00,1.8855799436569207,1.885740041732788,1.8840700387954712,1.8847600221633911
2022-01-20 07:00:00+00:00,1.8847700357437127,1.88510000705719,1.8823299407958984,1.8836499452590945
2022-01-20 08:00:00+00:00,1.883710026741028,1.884649991989136,1.8824599981307983,1.883810043334961
2022-01-20 09:00:00+00:00,1.883810043334961,1.885419964790344,1.882680058479309,1.8844900131225584
2022-01-20 10:00:00+00:00,1.8844499588012693,1.8845399618148804,1.8808499574661253,1.8820199966430664
2022-01-20 11:00:00+00:00,1.882009983062744,1.882040023803711,1.8786900043487549,1.8792200088500977
2022-01-20 12:00:00+00:00,1.879199981689453,1.8812099695205688,1.8782000541687007,1.8803499937057493
2022-01-20 13:00:00+00:00,1.8803499937057493,1.8810900449752808,1.8766499757766724,1.8782600164413448
2022-01-20 14:00:00+00:00,1.8782299757003784,1.880010008811951,1.877750039100647,1.8785400390625
2022-01-20 15:00:00+00:00,1.8785400390625,1.879539966583252,1.876270055770874,1.8776799440383911
2022-01-20 16:00:00+00:00,1.877660036087036,1.8788100481033323,1.8768399953842163,1.8775899410247805
2022-01-20 17:00:00+00:00,1.877629995346069,1.877940058708191,1.875659942626953,1.877120018005371
2022-01-20 18:00:00+00:00,1.8771599531173704,1.8791099786758425,1.876760005950928,1.878890037536621
2022-01-20 19:00:00+00:00,1.878890037536621,1.8809800148010247,1.8778400421142576,1.879580020904541
2022-01-20 20:00:00+00:00,1.879600048065185,1.8824100494384768,1.8791199922561648,1.8815399408340447
2022-01-20 21:00:00+00:00,1.881510019302368,1.8823699951171875,1.880560040473938,1.8817299604415887
2022-01-20 22:00:00+00:00,1.8817100524902344,1.8825900554656985,1.878730058670044,1.8820899724960327
2022-01-20 23:00:00+00:00,1.8819899559021,1.8868099451065063,1.8806500434875488,1.8842300176620483
2022-01-21 00:00:00+00:00,1.883970022201538,1.8889199495315552,1.883749961853028,1.887809991836548
2022-01-21 01:00:00+00:00,1.8879899978637693,1.8909800052642824,1.8873900175094604,1.888309955596924
2022-01-21 02:00:00+00:00,1.8884199857711792,1.8902599811553955,1.8866900205612185,1.889009952545166
2022-01-21 03:00:00+00:00,1.889009952545166,1.8920600414276123,1.8885300159454343,1.8903299570083616
2022-01-21 04:00:00+00:00,1.8904099464416504,1.8918100595474243,1.889569997787476,1.8904800415039065
2022-01-21 05:00:00+00:00,1.8904199600219729,1.891280055046081,1.888350009918213,1.889060020446777
2022-01-21 06:00:00+00:00,1.8890999555587769,1.889989972114563,1.8874399662017824,1.8892699480056765
2022-01-21 07:00:00+00:00,1.8892500400543213,1.8897500038146973,1.8858200311660769,1.886160016059876
2022-01-21 08:00:00+00:00,1.8861199617385864,1.8873000144958496,1.8843899965286253,1.886379957199097
2022-01-21 09:00:00+00:00,1.8863999843597408,1.8890000581741333,1.8862500190734863,1.887369990348816
2022-01-21 10:00:00+00:00,1.887410044670105,1.8880900144577024,1.8823599815368648,1.882789969444275
2022-01-21 11:00:00+00:00,1.8828599452972408,1.8851200342178345,1.8824399709701536,1.8844200372695925
2022-01-21 12:00:00+00:00,1.884340047836304,1.8876999616622925,1.8838200569152832,1.886639952659607
2022-01-21 13:00:00+00:00,1.8867199420928955,1.8868900537490845,1.8812700510025024,1.882030010223389
2022-01-21 14:00:00+00:00,1.8819999694824217,1.8849400281906128,1.8805299997329712,1.8845200538635247
2022-01-21 15:00:00+00:00,1.8845100402832031,1.8855400085449217,1.8813600540161133,1.88264000415802
2022-01-21 16:00:00+00:00,1.88264000415802,1.884610056877136,1.8807599544525144,1.8833800554275515
2022-01-21 17:00:00+00:00,1.88349997997284,1.8859000205993648,1.8830699920654297,1.885390043258667
2022-01-21 18:00:00+00:00,1.8854800462722776,1.8869400024414065,1.8848700523376465,1.8864500522613523
2022-01-21 19:00:00+00:00,1.886409997940064,1.8891600370407104,1.8860399723052976,1.888710021972656
2022-01-21 20:00:00+00:00,1.8886699676513672,1.8894200325012207,1.887539982795716,1.8885300159454343
2022-01-21 21:00:00+00:00,1.8886100053787231,1.8896199464797967,1.884559988975525,1.8862299919128416
2022-01-21 22:00:00+00:00,1.88673996925354,1.8868600130081177,1.88673996925354,1.8868600130081177
2022-01-24 00:00:00+00:00,1.885890007019043,1.8881100416183472,1.8856799602508545,1.887570023536682
2022-01-24 01:00:00+00:00,1.8875800371170044,1.888569951057434,1.8862899541854856,1.887869954109192
2022-01-24 02:00:00+00:00,1.887869954109192,1.8896600008010864,1.8866300582885744,1.887760043144226
2022-01-24 03:00:00+00:00,1.8877700567245483,1.8885400295257568,1.8868800401687624,1.8877700567245483
2022-01-24 04:00:00+00:00,1.8877700567245483,1.888710021972656,1.8868199586868288,1.88838005065918
2022-01-24 05:00:00+00:00,1.8884899616241453,1.891860008239746,1.8875800371170044,1.890570044517517
2022-01-24 06:00:00+00:00,1.89058005809784,1.8921400308609009,1.889709949493408,1.891980051994324
2022-01-24 07:00:00+00:00,1.891980051994324,1.8928699493408203,1.8899099826812744,1.890720009803772
2022-01-24 08:00:00+00:00,1.890630006790161,1.8928200006484983,1.8894100189208984,1.892590045928955
2022-01-24 09:00:00+00:00,1.892549991607666,1.8928200006484983,1.8898899555206297,1.89031994342804
2022-01-24 10:00:00+00:00,1.89031994342804,1.8935199975967407,1.8901599645614624,1.8915899991989136
2022-01-24 11:00:00+00:00,1.891540050506592,1.8924100399017327,1.8904199600219729,1.8909800052642824
2022-01-24 12:00:00+00:00,1.891010046005249,1.893030047416687,1.8903000354766848,1.892789959907532
2022-01-24 13:00:00+00:00,1.892699956893921,1.8957500457763672,1.892549991607666,1.895210027694702
2022-01-24 14:00:00+00:00,1.895179986953736,1.896880030632019,1.8940900564193728,1.8968199491500848
2022-01-24 15:00:00+00:00,1.8968100547790527,1.8969899415969849,1.892490029335022,1.8940900564193728
2022-01-24 16:00:00+00:00,1.8939800262451167,1.89451003074646,1.8917299509048464,1.8933000564575195
2022-01-24 17:00:00+00:00,1.8933500051498413,1.895230054855347,1.891569972038269,1.8920700550079343
2022-01-24 18:00:00+00:00,1.8921300172805784,1.8930100202560425,1.890390038490296,1.8914799690246584
2022-01-24 19:00:00+00:00,1.8914300203323364,1.8928200006484983,1.8895800113677976,1.891280055046081
2022-01-24 20:00:00+00:00,1.8912999629974363,1.8913700580596924,1.8868800401687624,1.8885400295257568
2022-01-24 21:00:00+00:00,1.8885799646377563,1.8894100189208984,1.8867700099945068,1.8867700099945068
2022-01-24 22:00:00+00:00,1.887030005455017,1.88919997215271,1.8861700296401973,1.8876500129699707
2022-01-24 23:00:00+00:00,1.887410044670105,1.8878599405288696,1.884909987449646,1.8851200342178345
2022-01-25 00:00:00+00:00,1.885300040245056,1.8864699602127075,1.8774900436401367,1.8827099800109863
2022-01-25 01:00:00+00:00,1.8828200101852417,1.885779976844788,1.882290005683899,1.8847299814224243
2022-01-25 02:00:00+00:00,1.8848700523376465,1.8862600326538088,1.8840399980545044,1.885550022125244
2022-01-25 03:00:00+00:00,1.885669946670532,1.8875499963760376,1.8855400085449217,1.8863199949264529
2022-01-25 04:00:00+00:00,1.8863699436187744,1.8896600008010864,1.8860000371932983,1.8889800310134888
2022-01-25 05:00:00+00:00,1.8889700174331665,1.889389991760254,1.8859800100326536,1.88635003566742
2022-01-25 06:00:00+00:00,1.886330008506775,1.8882399797439573,1.8858799934387207,1.8877099752426147
2022-01-25 07:00:00+00:00,1.8876999616622925,1.889299988746643,1.8862700462341309,1.887570023536682
2022-01-25 08:00:00+00:00,1.8875900506973269,1.8889100551605225,1.886109948158264,1.8881200551986688
2022-01-25 09:00:00+00:00,1.8881100416183472,1.8892500400543213,1.885030031204224,1.8855799436569207
2022-01-25 10:00:00+00:00,1.8855799436569207,1.8874900341033936,1.8845100402832031,1.8873599767684937
2022-01-25 11:00:00+00:00,1.8873900175094604,1.887979984283448,1.8857300281524656,1.8863600492477417
2022-01-25 12:00:00+00:00,1.88635003566742,1.888319969177246,1.8851399421691888,1.888260006904602
2022-01-25 13:00:00+00:00,1.8882800340652464,1.8894200325012207,1.8870500326156616,1.8883399963378904
2022-01-25 14:00:00+00:00,1.8883600234985352,1.890239953994751,1.886659979820252,1.889400005340576
2022-01-25 15:00:00+00:00,1.889400005340576,1.890140056610108,1.8841400146484373,1.8884199857711792
2022-01-25 16:00:00+00:00,1.888450026512146,1.8908499479293823,1.8879300355911253,1.890570044517517
2022-01-25 17:00:00+00:00,1.8905400037765503,1.8911099433898928,1.8885899782180784,1.8889700174331665
2022-01-25 18:00:00+00:00,1.889060020446777,1.889569997787476,1.8854399919509888,1.8858100175857544
2022-01-25 19:00:00+00:00,1.885800004005432,1.8868000507354736,1.885169982910156,1.885509967803955
2022-01-25 20:00:00+00:00,1.885450005531311,1.887779951095581,1.88510000705719,1.8877700567245483
2022-01-25 21:00:00+00:00,1.8877300024032595,1.888550043106079,1.884269952774048,1.8862600326538088
2022-01-25 22:00:00+00:00,1.886389970779419,1.888960003852844,1.885390043258667,1.888000011444092
2022-01-25 23:00:00+00:00,1.888000011444092,1.8884600400924685,1.88618004322052,1.8872300386428835
2022-01-26 00:00:00+00:00,1.8871500492095947,1.8887399435043333,1.8866300582885744,1.888190031051636
2022-01-26 01:00:00+00:00,1.8883399963378904,1.889310002326965,1.88673996925354,1.8871500492095947
2022-01-26 02:00:00+00:00,1.8870500326156616,1.8884899616241453,1.8862600326538088,1.888000011444092
2022-01-26 03:00:00+00:00,1.8880300521850584,1.888129949569702,1.8867199420928955,1.8871400356292725
2022-01-26 04:00:00+00:00,1.887159943580628,1.8875499963760376,1.8861700296401973,1.8864599466323853
2022-01-26 05:00:00+00:00,1.8864599466323853,1.8878599405288696,1.8858699798583984,1.8862899541854856
2022-01-26 06:00:00+00:00,1.8862899541854856,1.887740015983581,1.8856899738311768,1.8872300386428835
2022-01-26 07:00:00+00:00,1.8872499465942385,1.8876099586486816,1.885699987411499,1.887290000915528
2022-01-26 08:00:00+00:00,1.887290000915528,1.887470006942749,1.884310007095337,1.885259985923767
2022-01-26 09:00:00+00:00,1.8852299451828003,1.8857300281524656,1.8824800252914429,1.8842899799346924
2022-01-26 10:00:00+00:00,1.8842999935150144,1.8846900463104248,1.88126003742218,1.8831100463867188
2022-01-26 11:00:00+00:00,1.8831499814987185,1.885589957237244,1.8824299573898315,1.8831100463867188
2022-01-26 12:00:00+00:00,1.8831100463867188,1.8847500085830688,1.8829200267791748,1.884179949760437
2022-01-26 13:00:00+00:00,1.88415002822876,1.8847700357437127,1.8824800252914429,1.88415002822876
2022-01-26 14:00:00+00:00,1.884119987487793,1.8859599828720093,1.882869958877564,1.883769989013672
2022-01-26 15:00:00+00:00,1.883800029754639,1.887320041656494,1.883489966392517,1.8868600130081177
2022-01-26 16:00:00+00:00,1.8868399858474727,1.887320041656494,1.885259985923767,1.885859966278076
2022-01-26 17:00:00+00:00,1.885800004005432,1.8871099948883057,1.8848899602890008,1.885769963264465
2022-01-26 18:00:00+00:00,1.8858799934387207,1.8871699571609497,1.884809970855713,1.88604998588562
2022-01-26 19:00:00+00:00,1.886279940605164,1.8924599885940552,1.882830023765564,1.8894799947738647
2022-01-26 20:00:00+00:00,1.889700055122376,1.895140051841736,1.889299988746643,1.8925700187683103
2022-01-26 21:00:00+00:00,1.892600059509277,1.8933199644088743,1.8903100490570068,1.891860008239746
2022-01-26 22:00:00+00:00,1.8918100595474243,1.892230033874512,1.889340043067932,1.8904600143432613
2022-01-26 23:00:00+00:00,1.890140056610108,1.8923699855804443,1.890140056610108,1.8909900188446045
2022-01-27 00:00:00+00:00,1.8909599781036377,1.8951300382614136,1.8906699419021609,1.894930005073548
2022-01-27 01:00:00+00:00,1.8949400186538696,1.899930000305176,1.894430041313172,1.899240016937256
2022-01-27 02:00:00+00:00,1.8991999626159668,1.9007899761199951,1.896780014038086,1.8985799551010127
2022-01-27 03:00:00+00:00,1.8985400199890137,1.899029970169068,1.896849989891052,1.8976199626922607
2022-01-27 04:00:00+00:00,1.897570013999939,1.8981000185012813,1.8964999914169312,1.897279977798462
2022-01-27 05:00:00+00:00,1.89726996421814,1.9001699686050413,1.8966799974441528,1.8988300561904907
2022-01-27 06:00:00+00:00,1.8989399671554563,1.9003499746322632,1.8977999687194824,1.8997900485992432
2022-01-27 07:00:00+00:00,1.8998600244522093,1.899870038032532,1.89657998085022,1.8973400592803955
2022-01-27 08:00:00+00:00,1.897519946098328,1.897699952125549,1.8935799598693848,1.8943599462509155
2022-01-27 09:00:00+00:00,1.894430041313172,1.8950300216674805,1.8923499584198,1.8931200504302976
2022-01-27 10:00:00+00:00,1.8931200504302976,1.8945300579071045,1.891389966011048,1.8944000005722048
2022-01-27 11:00:00+00:00,1.8943300247192385,1.894469976425171,1.8914300203323364,1.891950011253357
2022-01-27 12:00:00+00:00,1.89191997051239,1.8929100036621087,1.8902100324630733,1.892549991607666
2022-01-27 13:00:00+00:00,1.892549991607666,1.8931299448013303,1.8890000581741333,1.8898899555206297
2022-01-27 14:00:00+00:00,1.8899699449539185,1.8928300142288208,1.8897299766540527,1.8918100595474243
2022-01-27 15:00:00+00:00,1.89191997051239,1.89998996257782,1.8911900520324707,1.8991999626159668
2022-01-27 16:00:00+00:00,1.899209976196289,1.901419997215271,1.8979300260543823,1.8999700546264648
2022-01-27 17:00:00+00:00,1.8999799489974976,1.9017599821090696,1.8991400003433228,1.901020050048828
2022-01-27 18:00:00+00:00,1.9009499549865725,1.902940034866333,1.900619983673096,1.9026600122451784
2022-01-27 19:00:00+00:00,1.9026600122451784,1.9043200016021729,1.9013700485229488,1.9035700559616089
2022-01-27 20:00:00+00:00,1.9035799503326416,1.904530048370361,1.9020299911499023,1.903689980506897
2022-01-27 21:00:00+00:00,1.9036799669265747,1.9038300514221191,1.9011000394821167,1.9024200439453125
2022-01-27 22:00:00+00:00,1.902559995651245,1.9034500122070312,1.8997900485992432,1.9022599458694456
2022-01-27 23:00:00+00:00,1.9023300409317017,1.903069972991944,1.90093994140625,1.9027199745178225
2022-01-28 00:00:00+00:00,1.9028899669647217,1.904379963874817,1.901950001716613,1.9036200046539309
2022-01-28 01:00:00+00:00,1.9036200046539309,1.9036200046539309,1.901559948921204,1.901919960975647
2022-01-28 02:00:00+00:00,1.9019800424575808,1.9033000469207764,1.9013999700546265,1.9021199941635127
2022-01-28 03:00:00+00:00,1.9022200107574463,1.90435004234314,1.9017800092697144,1.903689980506897
2022-01-28 04:00:00+00:00,1.903540015220642,1.9076800346374512,1.903220057487488,1.9076600074768064
2022-01-28 05:00:00+00:00,1.9076600074768064,1.908959984779358,1.904659986495972,1.905769944190979
2022-01-28 06:00:00+00:00,1.9057600498199463,1.9062399864196773,1.904289960861206,1.905500054359436
2022-01-28 07:00:00+00:00,1.9055099487304688,1.9085899591445925,1.9048899412155151,1.907520055770874
2022-01-28 08:00:00+00:00,1.9074699878692627,1.9101799726486208,1.906100034713745,1.9088000059127808
2022-01-28 09:00:00+00:00,1.908720016479492,1.9113999605178835,1.907729983329773,1.911329984664917
2022-01-28 10:00:00+00:00,1.9114099740982056,1.9183000326156616,1.91048002243042,1.9181499481201167
2022-01-28 11:00:00+00:00,1.918099999427796,1.9207899570465088,1.917629957199097,1.9182599782943728
2022-01-28 12:00:00+00:00,1.918280005455017,1.918869972229004,1.915910005569458,1.918470025062561
2022-01-28 13:00:00+00:00,1.918540000915528,1.9210200309753416,1.916360020637512,1.9179199934005733
2022-01-28 14:00:00+00:00,1.9179600477218628,1.9221099615097048,1.916839957237244,1.91884994506836
2022-01-28 15:00:00+00:00,1.9188400506973269,1.919939994812012,1.9139100313186648,1.9172199964523315
2022-01-28 16:00:00+00:00,1.917240023612976,1.9191999435424805,1.914929986000061,1.9173200130462649
2022-01-28 17:00:00+00:00,1.9173099994659424,1.9179600477218628,1.91526997089386,1.915809988975525
2022-01-28 18:00:00+00:00,1.9159300327301023,1.916280031204224,1.9144599437713623,1.9148399829864504
2022-01-28 19:00:00+00:00,1.9148399829864504,1.9175900220870967,1.914270043373108,1.9169299602508545
2022-01-28 20:00:00+00:00,1.916990041732788,1.917080044746399,1.914330005645752,1.914430022239685
2022-01-28 21:00:00+00:00,1.914520025253296,1.9182300567626955,1.911139965057373,1.916280031204224
2022-01-28 22:00:00+00:00,1.917240023612976,1.917240023612976,1.915470004081726,1.915470004081726
2022-01-28 23:00:00+00:00,1.915470004081726,1.915470004081726,1.915470004081726,1.915470004081726
2022-01-31 00:00:00+00:00,1.915560007095337,1.916470050811768,1.91457998752594,1.9161200523376465
2022-01-31 01:00:00+00:00,1.9161299467086792,1.9163899421691888,1.91268002986908,1.9133700132369995
2022-01-31 02:00:00+00:00,1.9133700132369995,1.9139399528503416,1.911329984664917,1.911610007286072
2022-01-31 03:00:00+00:00,1.9116300344467163,1.914080023765564,1.9108599424362185,1.913640022277832
2022-01-31 04:00:00+00:00,1.913640022277832,1.9144400358200075,1.9125900268554688,1.9134600162506104
2022-01-31 05:00:00+00:00,1.9134399890899656,1.9136899709701536,1.9103599786758425,1.9109100103378296
2022-01-31 06:00:00+00:00,1.910949945449829,1.911110043525696,1.907230019569397,1.9087300300598145
2022-01-31 07:00:00+00:00,1.9087300300598145,1.909199953079224,1.9060100317001345,1.9072400331497192
2022-01-31 08:00:00+00:00,1.9072099924087524,1.908959984779358,1.9042400121688845,1.90556001663208
2022-01-31 09:00:00+00:00,1.9055399894714355,1.907140016555786,1.903349995613098,1.906360030174256
2022-01-31 10:00:00+00:00,1.906309962272644,1.9080400466918943,1.9054700136184688,1.906110048294068
2022-01-31 11:00:00+00:00,1.9061199426651,1.9066400527954104,1.9016599655151367,1.901829957962036
2022-01-31 12:00:00+00:00,1.901880025863648,1.904430031776428,1.9005299806594849,1.902809977531433
2022-01-31 13:00:00+00:00,1.9027999639511108,1.90378999710083,1.9002900123596191,1.9019399881362915
2022-01-31 14:00:00+00:00,1.9019800424575808,1.9020899534225464,1.8982499837875368,1.899659991264344
2022-01-31 15:00:00+00:00,1.899680018424988,1.9052000045776367,1.8992999792099,1.903290033340454
2022-01-31 16:00:00+00:00,1.903309941291809,1.9055099487304688,1.9020899534225464,1.902500033378601
2022-01-31 17:00:00+00:00,1.9024900197982788,1.902899980545044,1.8995399475097656,1.9024900197982788
2022-01-31 18:00:00+00:00,1.9024900197982788,1.903370022773743,1.9020500183105469,1.902459979057312
2022-01-31 19:00:00+00:00,1.902439951896668,1.9033299684524536,1.901950001716613,1.9023000001907349
2022-01-31 20:00:00+00:00,1.90232002735138,1.9039599895477293,1.9014300107955933,1.902310013771057
2022-01-31 21:00:00+00:00,1.902310013771057,1.9033299684524536,1.9011499881744385,1.902070045471192
2022-01-31 22:00:00+00:00,1.9022400379180908,1.903200030326844,1.899799942970276,1.9023900032043457
2022-01-31 23:00:00+00:00,1.902359962463379,1.9031599760055544,1.900439977645874,1.9020299911499023
2022-02-01 00:00:00+00:00,1.9020999670028689,1.9026000499725344,1.90093994140625,1.9011900424957275
2022-02-01 01:00:00+00:00,1.9011900424957275,1.9030100107192995,1.9003599882125848,1.9025399684906008
2022-02-01 02:00:00+00:00,1.9025499820709229,1.903069972991944,1.9003599882125848,1.9009000062942505
2022-02-01 03:00:00+00:00,1.900889992713928,1.9102799892425537,1.9004700183868408,1.9096599817276
2022-02-01 04:00:00+00:00,1.9096699953079224,1.9098299741744995,1.903380036354065,1.90378999710083
2022-02-01 05:00:00+00:00,1.903779983520508,1.9048099517822263,1.9028400182724,1.9036999940872192
2022-02-01 06:00:00+00:00,1.903689980506897,1.9063700437545776,1.9030499458312988,1.9037100076675413
2022-02-01 07:00:00+00:00,1.903630018234253,1.904539942741394,1.9018100500106807,1.902760028839112
2022-02-01 08:00:00+00:00,1.9027899503707888,1.903599977493286,1.9000200033187864,1.9028600454330444
2022-02-01 09:00:00+00:00,1.9027999639511108,1.9066499471664429,1.9010100364685056,1.9062700271606443
2022-02-01 10:00:00+00:00,1.9058899879455569,1.906630039215088,1.903849959373474,1.9045699834823608
2022-02-01 11:00:00+00:00,1.9045599699020384,1.9047000408172607,1.9002900123596191,1.900920033454895
2022-02-01 12:00:00+00:00,1.9009100198745728,1.901110053062439,1.89752995967865,1.8996100425720213
2022-02-01 13:00:00+00:00,1.899649977684021,1.9013400077819824,1.898800015449524,1.899829983711243
2022-02-01 14:00:00+00:00,1.8998600244522093,1.9036500453948968,1.8985400199890137,1.902690052986145
2022-02-01 15:00:00+00:00,1.902690052986145,1.9057199954986568,1.8983900547027588,1.899209976196289
2022-02-01 16:00:00+00:00,1.8992300033569336,1.90038001537323,1.8977700471878047,1.8993899822235107
2022-02-01 17:00:00+00:00,1.899359941482544,1.900629997253418,1.898470044136048,1.8989800214767456
2022-02-01 18:00:00+00:00,1.8989200592041016,1.899749994277954,1.8982700109481807,1.8994799852371216
2022-02-01 19:00:00+00:00,1.8995100259780884,1.9001400470733645,1.8988200426101685,1.899530053138733
2022-02-01 20:00:00+00:00,1.8995100259780884,1.8997600078582764,1.896690011024475,1.897079944610596
2022-02-01 21:00:00+00:00,1.897079944610596,1.898110032081604,1.8954399824142456,1.8965599536895752
2022-02-01 22:00:00+00:00,1.8956600427627563,1.8975499868392944,1.8914799690246584,1.8965599536895752
2022-02-01 23:00:00+00:00,1.896880030632019,1.8970600366592407,1.8940199613571167,1.895509958267212
2022-02-02 00:00:00+00:00,1.8957600593566888,1.8961000442504885,1.8931200504302976,1.8940800428390503
2022-02-02 01:00:00+00:00,1.894180059432984,1.89654004573822,1.8925299644470213,1.8957699537277224
2022-02-02 02:00:00+00:00,1.8957699537277224,1.8963799476623533,1.8926299810409544,1.8948800563812256
2022-02-02 03:00:00+00:00,1.8948800563812256,1.8969899415969849,1.893839955329895,1.895990014076233
2022-02-02 04:00:00+00:00,1.8960299491882324,1.896119952201844,1.8945399522781368,1.895259976387024
2022-02-02 05:00:00+00:00,1.8952499628067017,1.8960100412368768,1.893970012664795,1.8950999975204468
2022-02-02 06:00:00+00:00,1.8950899839401243,1.8959200382232664,1.8941500186920168,1.8952800035476685
2022-02-02 07:00:00+00:00,1.8953499794006348,1.896950006484985,1.8951200246810915,1.89614999294281
2022-02-02 08:00:00+00:00,1.8961600065231323,1.900480031967163,1.89520001411438,1.899399995803833
2022-02-02 09:00:00+00:00,1.899399995803833,1.8996299505233765,1.895709991455078,1.8959699869155884
2022-02-02 10:00:00+00:00,1.8960700035095213,1.8964500427246087,1.893460035324097,1.894569993019104
2022-02-02 11:00:00+00:00,1.894629955291748,1.897449970245361,1.8942500352859497,1.897279977798462
2022-02-02 12:00:00+00:00,1.8972599506378167,1.8980400562286377,1.8959699869155884,1.897379994392395
2022-02-02 13:00:00+00:00,1.8973699808120728,1.9004600048065183,1.896209955215454,1.900179982185364
2022-02-02 14:00:00+00:00,1.9002699851989744,1.9030200242996216,1.898360013961792,1.9014099836349487
2022-02-02 15:00:00+00:00,1.90149998664856,1.905329942703247,1.901119947433472,1.904279947280884
2022-02-02 16:00:00+00:00,1.904270052909851,1.904919981956482,1.9024900197982788,1.9039599895477293
2022-02-02 17:00:00+00:00,1.904019951820373,1.9044599533081048,1.9016900062561035,1.9020299911499023
2022-02-02 18:00:00+00:00,1.902209997177124,1.9028899669647217,1.9009100198745728,1.901579976081848
2022-02-02 19:00:00+00:00,1.901550054550171,1.9026199579238887,1.900750041007996,1.9011499881744385
2022-02-02 20:00:00+00:00,1.901110053062439,1.90132999420166,1.899440050125122,1.9008400440216064
2022-02-02 21:00:00+00:00,1.900869965553284,1.9027099609375,1.900189995765686,1.9017399549484253
2022-02-02 22:00:00+00:00,1.901550054550171,1.903349995613098,1.90024995803833,1.9021199941635127
2022-02-02 23:00:00+00:00,1.9021199941635127,1.9053200483322144,1.901859998703003,1.9046399593353271
2022-02-03 00:00:00+00:00,1.904850006103516,1.9055399894714355,1.903880000114441,1.9045900106430047
2022-02-03 01:00:00+00:00,1.9046299457550049,1.9053800106048584,1.903499960899353,1.9044599533081048
2022-02-03 02:00:00+00:00,1.90447998046875,1.9055299758911133,1.902269959449768,1.9032100439071653
2022-02-03 03:00:00+00:00,1.9032700061798096,1.9038100242614744,1.9019399881362915,1.9028500318527224
2022-02-03 04:00:00+00:00,1.9028400182724,1.9040100574493408,1.902250051498413,1.9039000272750848
2022-02-03 05:00:00+00:00,1.903880000114441,1.904229998588562,1.901350021362305,1.902130007743836
2022-02-03 06:00:00+00:00,1.90215003490448,1.9034899473190308,1.9016400575637813,1.9028700590133667
2022-02-03 07:00:00+00:00,1.9029799699783323,1.903249979019165,1.9009599685668943,1.90132999420166
2022-02-03 08:00:00+00:00,1.901419997215271,1.9039000272750848,1.900830030441284,1.902379989624024
2022-02-03 09:00:00+00:00,1.9023499488830569,1.90556001663208,1.9005299806594849,1.9053200483322144
2022-02-03 10:00:00+00:00,1.9053200483322144,1.905400037765503,1.901960015296936,1.90421998500824
2022-02-03 11:00:00+00:00,1.9042400121688845,1.906749963760376,1.9035099744796755,1.906209945678711
2022-02-03 12:00:00+00:00,1.906290054321289,1.914639949798584,1.903540015220642,1.9053200483322144
2022-02-03 13:00:00+00:00,1.905419945716858,1.906859993934632,1.9015300273895264,1.903910040855408
2022-02-03 14:00:00+00:00,1.9040499925613403,1.9045599699020384,1.898419976234436,1.904189944267273
2022-02-03 15:00:00+00:00,1.904170036315918,1.9048999547958367,1.9009699821472168,1.9036699533462524
2022-02-03 16:00:00+00:00,1.90366005897522,1.905349969863892,1.9022799730300903,1.904620051383972
2022-02-03 17:00:00+00:00,1.9045599699020384,1.9058400392532349,1.903779983520508,1.9054399728775024
2022-02-03 18:00:00+00:00,1.905519962310791,1.9063999652862549,1.9045499563217163,1.905060052871704
2022-02-03 19:00:00+00:00,1.905089974403381,1.9063299894332888,1.903540015220642,1.9049400091171265
2022-02-03 20:00:00+00:00,1.904960036277771,1.9069499969482424,1.904160022735596,1.9062700271606443
2022-02-03 21:00:00+00:00,1.9062700271606443,1.906309962272644,1.902629971504212,1.9036099910736084
2022-02-03 22:00:00+00:00,1.9032399654388428,1.905920028686524,1.9023699760437007,1.904680013656616
2022-02-03 23:00:00+00:00,1.9044400453567505,1.9049700498580933,1.9027400016784668,1.90378999710083
2022-02-04 00:00:00+00:00,1.9037100076675413,1.905850052833557,1.902780055999756,1.904770016670227
2022-02-04 01:00:00+00:00,1.9047399759292605,1.9076199531555176,1.9038599729537964,1.906610012054444
2022-02-04 02:00:00+00:00,1.906630039215088,1.9072699546813965,1.904170036315918,1.906190037727356
2022-02-04 03:00:00+00:00,1.9062800407409668,1.9062800407409668,1.904410004615784,1.9047499895095823
2022-02-04 04:00:00+00:00,1.9047499895095823,1.905269980430603,1.902459979057312,1.9029200077056885
2022-02-04 05:00:00+00:00,1.9029200077056885,1.903970003128052,1.9019800424575808,1.90366005897522
2022-02-04 06:00:00+00:00,1.903730034828186,1.9071199893951416,1.9027099609375,1.9063700437545776
2022-02-04 07:00:00+00:00,1.9064199924469,1.9097800254821773,1.905679941177368,1.90871000289917
2022-02-04 08:00:00+00:00,1.908630013465881,1.9106899499893188,1.907969951629639,1.908660054206848
2022-02-04 09:00:00+00:00,1.9086699485778809,1.9107400178909304,1.9072200059890747,1.9081100225448608
2022-02-04 10:00:00+00:00,1.9081000089645384,1.9109100103378296,1.906149983406067,1.9104299545288088
2022-02-04 11:00:00+00:00,1.91048002243042,1.9150999784469604,1.910249948501587,1.91419005393982
2022-02-04 12:00:00+00:00,1.9142800569534304,1.9150400161743164,1.9110900163650515,1.9117799997329712
2022-02-04 13:00:00+00:00,1.9117900133132928,1.9156299829483032,1.909119963645935,1.9150700569152832
2022-02-04 14:00:00+00:00,1.9150899648666384,1.9159400463104248,1.911520004272461,1.914770007133484
2022-02-04 15:00:00+00:00,1.9147900342941284,1.9177700281143188,1.9134999513626096,1.916769981384277
2022-02-04 16:00:00+00:00,1.916769981384277,1.9178600311279297,1.9156099557876587,1.916360020637512
2022-02-04 17:00:00+00:00,1.9163899421691888,1.916509985923767,1.9135799407958984,1.914929986000061
2022-02-04 18:00:00+00:00,1.914870023727417,1.9149099588394165,1.9127299785614007,1.9130200147628784
2022-02-04 19:00:00+00:00,1.9130200147628784,1.9136199951171875,1.9118399620056152,1.912050008773804
2022-02-04 20:00:00+00:00,1.912050008773804,1.9126499891281128,1.9107500314712524,1.912559986114502
2022-02-04 21:00:00+00:00,1.912569999694824,1.913930058479309,1.9090900421142576,1.912350058555603
2022-02-04 22:00:00+00:00,1.9110100269317627,1.9127700328826904,1.9109400510787964,1.9121299982070925
2022-02-07 00:00:00+00:00,1.9113999605178835,1.91389000415802,1.910979986190796,1.9125200510025024
2022-02-07 01:00:00+00:00,1.91251003742218,1.913630008697509,1.9102400541305544,1.91185998916626
2022-02-07 02:00:00+00:00,1.911810040473938,1.9122799634933472,1.9101200103759768,1.9108999967575075
2022-02-07 03:00:00+00:00,1.910920023918152,1.912919998168945,1.910249948501587,1.9111599922180176
2022-02-07 04:00:00+00:00,1.91117000579834,1.9114500284194944,1.9075000286102293,1.907979965209961
2022-02-07 05:00:00+00:00,1.907950043678284,1.908830046653748,1.907520055770874,1.908460021018982
2022-02-07 06:00:00+00:00,1.908460021018982,1.9088000059127808,1.9067800045013428,1.9080300331115725
2022-02-07 07:00:00+00:00,1.9079099893569944,1.9084199666976929,1.905740022659301,1.9063999652862549
2022-02-07 08:00:00+00:00,1.9064099788665767,1.9089900255203247,1.905679941177368,1.9063299894332888
2022-02-07 09:00:00+00:00,1.9063299894332888,1.9076199531555176,1.9042500257492063,1.9045000076293943
2022-02-07 10:00:00+00:00,1.904539942741394,1.9055700302124023,1.902310013771057,1.9036500453948968
2022-02-07 11:00:00+00:00,1.9036999940872192,1.9048199653625488,1.9027999639511108,1.903470039367676
2022-02-07 12:00:00+00:00,1.903470039367676,1.903630018234253,1.901119947433472,1.9018700122833248
2022-02-07 13:00:00+00:00,1.9019099473953247,1.902340054512024,1.8998500108718872,1.9018399715423584
2022-02-07 14:00:00+00:00,1.9018399715423584,1.902439951896668,1.898569941520691,1.8995699882507324
2022-02-07 15:00:00+00:00,1.8995599746704104,1.9017000198364256,1.8988100290298464,1.9011000394821167
2022-02-07 16:00:00+00:00,1.9011000394821167,1.903839945793152,1.900370001792908,1.902899980545044
2022-02-07 17:00:00+00:00,1.902899980545044,1.9036099910736084,1.9010100364685056,1.901610016822815
2022-02-07 18:00:00+00:00,1.901600003242493,1.901729941368103,1.8997700214385984,1.9002699851989744
2022-02-07 19:00:00+00:00,1.90024995803833,1.900589942932129,1.8980499505996704,1.898970007896424
2022-02-07 20:00:00+00:00,1.8989200592041016,1.9004100561141968,1.8980000019073489,1.9000999927520752
2022-02-07 21:00:00+00:00,1.9000500440597528,1.9002000093460083,1.8985799551010127,1.899399995803833
2022-02-07 22:00:00+00:00,1.899420022964477,1.8999799489974976,1.8951599597930908,1.8996700048446653
2022-02-07 23:00:00+00:00,1.8995200395584104,1.9005399942398071,1.896900057792664,1.8991299867630005
2022-02-08 00:00:00+00:00,1.8991899490356443,1.8999099731445312,1.8971199989318848,1.897539973258972
2022-02-08 01:00:00+00:00,1.8974900245666504,1.898769974708557,1.896080017089844,1.8964799642562864
2022-02-08 02:00:00+00:00,1.8964500427246087,1.8981399536132808,1.8960100412368768,1.897729992866516
2022-02-08 03:00:00+00:00,1.8977400064468384,1.8983099460601809,1.895879983901977,1.897199988365173
2022-02-08 04:00:00+00:00,1.89723002910614,1.8997000455856323,1.895859956741333,1.899049997329712
2022-02-08 05:00:00+00:00,1.899090051651001,1.90146005153656,1.8987300395965576,1.900320053100586
2022-02-08 06:00:00+00:00,1.900390028953552,1.901080012321472,1.8982700109481807,1.8994300365448
2022-02-08 07:00:00+00:00,1.8994499444961548,1.901000022888184,1.897459983825684,1.9000500440597528
2022-02-08 08:00:00+00:00,1.90024995803833,1.900580048561096,1.8968199491500848,1.899749994277954
2022-02-08 09:00:00+00:00,1.899749994277954,1.9010100364685056,1.8983999490737915,1.8991700410842896
2022-02-08 10:00:00+00:00,1.8991600275039675,1.902519941329956,1.8988800048828125,1.902400016784668
2022-02-08 11:00:00+00:00,1.9024300575256348,1.904979944229126,1.90132999420166,1.901769995689392
2022-02-08 12:00:00+00:00,1.9018700122833248,1.903689980506897,1.9004600048065183,1.9006600379943848
2022-02-08 13:00:00+00:00,1.9006500244140625,1.901610016822815,1.8983500003814693,1.9001100063323968
2022-02-08 14:00:00+00:00,1.9000999927520752,1.9009599685668943,1.898990035057068,1.9000099897384644
2022-02-08 15:00:00+00:00,1.9000200033187864,1.902130007743836,1.8982599973678589,1.9016400575637813
2022-02-08 16:00:00+00:00,1.9016400575637813,1.901960015296936,1.8994699716567995,1.8999500274658203
2022-02-08 17:00:00+00:00,1.899940013885498,1.900060057640076,1.897539973258972,1.8984400033950808
2022-02-08 18:00:00+00:00,1.8984899520874023,1.899420022964477,1.8974699974060056,1.897840023040772
2022-02-08 19:00:00+00:00,1.8979099988937376,1.898470044136048,1.896829962730408,1.8978999853134155
2022-02-08 20:00:00+00:00,1.8978999853134155,1.898110032081604,1.895840048789978,1.8964099884033203
2022-02-08 21:00:00+00:00,1.896460056304932,1.896960020065308,1.8941199779510496,1.8946599960327148
2022-02-08 22:00:00+00:00,1.8946499824523928,1.895990014076233,1.8932100534439087,1.89546000957489
2022-02-08 23:00:00+00:00,1.895830035209656,1.8962600231170648,1.8947199583053589,1.895859956741333
2022-02-09 00:00:00+00:00,1.895840048789978,1.896880030632019,1.8945200443267824,1.8957899808883667
2022-02-09 01:00:00+00:00,1.8956899642944336,1.8963700532913208,1.893149971961975,1.8939499855041504
2022-02-09 02:00:00+00:00,1.8940900564193728,1.895169973373413,1.8932700157165527,1.8944799900054927
2022-02-09 03:00:00+00:00,1.8945200443267824,1.8949400186538696,1.892850041389465,1.893339991569519
2022-02-09 04:00:00+00:00,1.893380045890808,1.893589973449707,1.8909599781036377,1.8915599584579468
2022-02-09 05:00:00+00:00,1.8915499448776243,1.893669962882996,1.8912500143051147,1.893489956855774
2022-02-09 06:00:00+00:00,1.8935199975967407,1.894629955291748,1.892680048942566,1.8935600519180296
2022-02-09 07:00:00+00:00,1.893489956855774,1.895259976387024,1.8925199508666992,1.894219994544983
2022-02-09 08:00:00+00:00,1.894189953804016,1.895400047302246,1.892699956893921,1.8937699794769287
2022-02-09 09:00:00+00:00,1.893779993057251,1.8942500352859497,1.8921500444412231,1.8941600322723389
2022-02-09 10:00:00+00:00,1.894219994544983,1.8948099613189693,1.892099976539612,1.8929699659347528
2022-02-09 11:00:00+00:00,1.892979979515076,1.892979979515076,1.889919996261597,1.8912500143051147
2022-02-09 12:00:00+00:00,1.8912500143051147,1.892009973526001,1.8897199630737305,1.8916800022125244
2022-02-09 13:00:00+00:00,1.891639947891236,1.891939997673035,1.8893699645996087,1.891450047492981
2022-02-09 14:00:00+00:00,1.891450047492981,1.891510009765625,1.886579990386963,1.8872300386428835
2022-02-09 15:00:00+00:00,1.8872400522232056,1.887369990348816,1.8837599754333496,1.886080026626587
2022-02-09 16:00:00+00:00,1.8860700130462649,1.8872499465942385,1.8844799995422363,1.885220050811768
2022-02-09 17:00:00+00:00,1.885210037231445,1.885609984397888,1.8834099769592283,1.884469985961914
2022-02-09 18:00:00+00:00,1.8845399618148804,1.8854999542236328,1.883960008621216,1.885050058364868
2022-02-09 19:00:00+00:00,1.8850200176239007,1.885040044784546,1.883309960365296,1.883579969406128
2022-02-09 20:00:00+00:00,1.8836400508880613,1.8851200342178345,1.8833500146865845,1.8846700191497805
2022-02-09 21:00:00+00:00,1.8846700191497805,1.8852900266647337,1.883139967918396,1.8845000267028809
2022-02-09 22:00:00+00:00,1.884559988975525,1.8858200311660769,1.883270025253296,1.8854299783706665
2022-02-09 23:00:00+00:00,1.8854299783706665,1.88604998588562,1.8838499784469604,1.885409951210022
2022-02-10 00:00:00+00:00,1.885419964790344,1.8868199586868288,1.8846800327301023,1.8865000009536743
2022-02-10 01:00:00+00:00,1.8865699768066408,1.888100028038025,1.886019945144653,1.8878300189971924
2022-02-10 02:00:00+00:00,1.8878599405288696,1.889140009880066,1.887220025062561,1.8883299827575684
2022-02-10 03:00:00+00:00,1.8883299827575684,1.8893699645996087,1.8869800567626955,1.8875900506973269
2022-02-10 04:00:00+00:00,1.8876099586486816,1.887809991836548,1.8851300477981567,1.8858699798583984
2022-02-10 05:00:00+00:00,1.8859100341796875,1.8868000507354736,1.8851799964904783,1.8863999843597408
2022-02-10 06:00:00+00:00,1.886389970779419,1.8872499465942385,1.885759949684143,1.8868800401687624
2022-02-10 07:00:00+00:00,1.886970043182373,1.887220025062561,1.884269952774048,1.884960055351257
2022-02-10 08:00:00+00:00,1.885010004043579,1.886659979820252,1.883309960365296,1.886139988899231
2022-02-10 09:00:00+00:00,1.886080026626587,1.8880399465560915,1.8853100538253784,1.887869954109192
2022-02-10 10:00:00+00:00,1.8880399465560915,1.8882800340652464,1.8847999572753904,1.885589957237244
2022-02-10 11:00:00+00:00,1.8856199979782104,1.8859399557113647,1.8833800554275515,1.8850799798965447
2022-02-10 12:00:00+00:00,1.8850599527359009,1.8866100311279297,1.8836100101470947,1.8862500190734863
2022-02-10 13:00:00+00:00,1.8862500190734863,1.893360018730164,1.8853800296783447,1.890779972076416
2022-02-10 14:00:00+00:00,1.8907899856567385,1.892240047454834,1.884619951248169,1.886160016059876
2022-02-10 15:00:00+00:00,1.88618004322052,1.8866300582885744,1.8798400163650515,1.8812299966812127
2022-02-10 16:00:00+00:00,1.88129997253418,1.8840399980545044,1.8803499937057493,1.8819400072097776
2022-02-10 17:00:00+00:00,1.8819700479507449,1.887969970703125,1.880660057067871,1.8863400220870967
2022-02-10 18:00:00+00:00,1.886330008506775,1.891510009765625,1.885409951210022,1.8903100490570068
2022-02-10 19:00:00+00:00,1.89028000831604,1.893360018730164,1.8891700506210327,1.893249988555908
2022-02-10 20:00:00+00:00,1.893249988555908,1.8947299718856807,1.8899999856948853,1.891950011253357
2022-02-10 21:00:00+00:00,1.8919999599456787,1.893710017204285,1.8896900415420528,1.891010046005249
2022-02-10 22:00:00+00:00,1.8911499977111816,1.893489956855774,1.889430046081543,1.892240047454834
2022-02-10 23:00:00+00:00,1.8924399614334104,1.893839955329895,1.8907899856567385,1.892230033874512
2022-02-11 00:00:00+00:00,1.891860008239746,1.8973100185394287,1.8915899991989136,1.895859956741333
2022-02-11 01:00:00+00:00,1.895859956741333,1.898010015487671,1.8941600322723389,1.8950300216674805
2022-02-11 02:00:00+00:00,1.8950599431991573,1.8968700170516968,1.89468002319336,1.8955700397491453
2022-02-11 03:00:00+00:00,1.895509958267212,1.8967399597167969,1.894819974899292,1.896090030670166
2022-02-11 04:00:00+00:00,1.89614999294281,1.9013400077819824,1.8951200246810915,1.9002200365066528
2022-02-11 05:00:00+00:00,1.9002100229263303,1.9017399549484253,1.8989499807357788,1.90093994140625
2022-02-11 06:00:00+00:00,1.9010299444198608,1.902250051498413,1.8997600078582764,1.8998500108718872
2022-02-11 07:00:00+00:00,1.8999199867248533,1.9016200304031368,1.8986400365829468,1.8997700214385984
2022-02-11 08:00:00+00:00,1.8997700214385984,1.9020899534225464,1.897199988365173,1.9012800455093384
2022-02-11 09:00:00+00:00,1.9012800455093384,1.902570009231568,1.899739980697632,1.9024800062179563
2022-02-11 10:00:00+00:00,1.9024699926376345,1.9036999940872192,1.9002000093460083,1.901170015335083
2022-02-11 11:00:00+00:00,1.901239991188049,1.9020500183105469,1.899420022964477,1.9000999927520752
2022-02-11 12:00:00+00:00,1.9000699520111084,1.9017900228500368,1.896980047225952,1.898280024528504
2022-02-11 13:00:00+00:00,1.898280024528504,1.8985099792480469,1.8944100141525269,1.8957899808883667
2022-02-11 14:00:00+00:00,1.895840048789978,1.8961100578308103,1.891610026359558,1.8925800323486328
2022-02-11 15:00:00+00:00,1.8926199674606323,1.896090030670166,1.8916300535202024,1.8953499794006348
2022-02-11 16:00:00+00:00,1.8954399824142456,1.896720051765442,1.8938900232315063,1.894610047340393
2022-02-11 17:00:00+00:00,1.894670009613037,1.895609974861145,1.893919944763184,1.8942899703979488
2022-02-11 18:00:00+00:00,1.894299983978272,1.9008599519729608,1.892940044403076,1.8987900018692017
2022-02-11 19:00:00+00:00,1.898720026016236,1.9020999670028689,1.896790027618408,1.901559948921204
2022-02-11 20:00:00+00:00,1.901520013809204,1.9016499519348145,1.8981200456619265,1.899940013885498
2022-02-11 21:00:00+00:00,1.899999976158142,1.90378999710083,1.8973400592803955,1.8975600004196167
2022-02-11 22:00:00+00:00,1.9005199670791624,1.9005199670791624,1.9005199670791624,1.9005199670791624
2022-02-14 00:00:00+00:00,1.8991600275039675,1.901710033416748,1.898339986801148,1.90038001537323
2022-02-14 01:00:00+00:00,1.900429964065552,1.9024200439453125,1.899279952049256,1.9019399881362915
2022-02-14 02:00:00+00:00,1.901950001716613,1.902400016784668,1.899930000305176,1.9015899896621704
2022-02-14 03:00:00+00:00,1.901669979095459,1.902510046958924,1.899999976158142,1.9015400409698489
2022-02-14 04:00:00+00:00,1.9016400575637813,1.9027700424194336,1.9012600183486936,1.9025399684906008
2022-02-14 05:00:00+00:00,1.902590036392212,1.9027299880981443,1.9007699489593504,1.901610016822815
2022-02-14 06:00:00+00:00,1.9015899896621704,1.9021899700164795,1.89998996257782,1.900239944458008
2022-02-14 07:00:00+00:00,1.900320053100586,1.9024800062179563,1.898859977722168,1.9006999731063845
2022-02-14 08:00:00+00:00,1.90081000328064,1.904729962348938,1.8995100259780884,1.903769969940185
2022-02-14 09:00:00+00:00,1.9038000106811523,1.9046499729156487,1.901550054550171,1.9040900468826287
2022-02-14 10:00:00+00:00,1.9042500257492063,1.9055500030517576,1.9029799699783323,1.9038200378417969
2022-02-14 11:00:00+00:00,1.9038100242614744,1.905679941177368,1.9031100273132324,1.9041500091552728
2022-02-14 12:00:00+00:00,1.9041500091552728,1.9047000408172607,1.8980200290679927,1.8996700048446653
2022-02-14 13:00:00+00:00,1.899659991264344,1.901610016822815,1.897819995880127,1.9014699459075928
2022-02-14 14:00:00+00:00,1.901419997215271,1.901960015296936,1.8977700471878047,1.8988300561904907
2022-02-14 15:00:00+00:00,1.8988900184631348,1.9011000394821167,1.8971199989318848,1.898069977760315
2022-02-14 16:00:00+00:00,1.898069977760315,1.90024995803833,1.8957600593566888,1.896039962768555
2022-02-14 17:00:00+00:00,1.8960200548172,1.897320032119751,1.894989967346192,1.895210027694702
2022-02-14 18:00:00+00:00,1.895400047302246,1.900390028953552,1.8948099613189693,1.899930000305176
2022-02-14 19:00:00+00:00,1.899930000305176,1.901360034942627,1.89752995967865,1.898550033569336
2022-02-14 20:00:00+00:00,1.8985099792480469,1.899399995803833,1.8971799612045288,1.8988699913024905
2022-02-14 21:00:00+00:00,1.8988499641418457,1.8995100259780884,1.8967399597167969,1.896900057792664
2022-02-14 22:00:00+00:00,1.897570013999939,1.899250030517578,1.8951200246810915,1.8982199430465696
2022-02-14 23:00:00+00:00,1.897819995880127,1.8990700244903564,1.8969899415969849,1.897279977798462
2022-02-15 00:00:00+00:00,1.897279977798462,1.89900004863739,1.896340012550354,1.8986999988555908
2022-02-15 01:00:00+00:00,1.8986999988555908,1.901059985160828,1.8981000185012813,1.898900032043457
2022-02-15 02:00:00+00:00,1.898900032043457,1.8989800214767456,1.895949959754944,1.8963700532913208
2022-02-15 03:00:00+00:00,1.8963099718093872,1.899659991264344,1.8958899974823,1.899549961090088
2022-02-15 04:00:00+00:00,1.8995599746704104,1.900239944458008,1.8981000185012813,1.8995699882507324
2022-02-15 05:00:00+00:00,1.899530053138733,1.9047000408172607,1.899359941482544,1.9045000076293943
2022-02-15 06:00:00+00:00,1.90447998046875,1.9049400091171265,1.9016499519348145,1.9019999504089355
2022-02-15 07:00:00+00:00,1.9021199941635127,1.903040051460266,1.9009599685668943,1.9022200107574463
2022-02-15 08:00:00+00:00,1.9022300243377688,1.9023699760437007,1.8948400020599363,1.895949959754944
2022-02-15 09:00:00+00:00,1.895879983901977,1.8985099792480469,1.89506995677948,1.8968600034713743
2022-02-15 10:00:00+00:00,1.896880030632019,1.9002799987792969,1.896329998970032,1.8985099792480469
2022-02-15 11:00:00+00:00,1.898530006408692,1.8998500108718872,1.8957500457763672,1.8967299461364744
2022-02-15 12:00:00+00:00,1.8968100547790527,1.8992300033569336,1.8955899477005005,1.89709997177124
2022-02-15 13:00:00+00:00,1.897070050239563,1.897600054740905,1.8948800563812256,1.8953499794006348
2022-02-15 14:00:00+00:00,1.8953399658203125,1.897809982299805,1.893180012702942,1.895830035209656
2022-02-15 15:00:00+00:00,1.895859956741333,1.8961700201034544,1.8920700550079343,1.8936400413513184
2022-02-15 16:00:00+00:00,1.8936200141906736,1.89546000957489,1.8929699659347528,1.893479943275452
2022-02-15 17:00:00+00:00,1.893489956855774,1.8949400186538696,1.8925600051879885,1.8936799764633176
2022-02-15 18:00:00+00:00,1.8937300443649288,1.8939800262451167,1.891890048980713,1.8926399946212769
2022-02-15 19:00:00+00:00,1.8926399946212769,1.893779993057251,1.8919700384140008,1.8923900127410889
2022-02-15 20:00:00+00:00,1.892300009727478,1.894700050354004,1.891700029373169,1.892850041389465
2022-02-15 21:00:00+00:00,1.892840027809143,1.893749952316284,1.891849994659424,1.892240047454834
2022-02-15 22:00:00+00:00,1.8923499584198,1.893749952316284,1.890429973602295,1.892860054969788
2022-02-15 23:00:00+00:00,1.8928300142288208,1.8943899869918823,1.892300009727478,1.8941500186920168
2022-02-16 00:00:00+00:00,1.894129991531372,1.894629955291748,1.892729997634888,1.89454996585846
2022-02-16 01:00:00+00:00,1.8945000171661377,1.895300030708313,1.893380045890808,1.894430041313172
2022-02-16 02:00:00+00:00,1.894469976425171,1.8945300579071045,1.8913300037384035,1.893360018730164
2022-02-16 03:00:00+00:00,1.8933299779891968,1.893919944763184,1.8923200368881223,1.8930200338363647
2022-02-16 04:00:00+00:00,1.8930100202560425,1.893939971923828,1.8918800354003904,1.893149971961975
2022-02-16 05:00:00+00:00,1.89316999912262,1.8934299945831297,1.891939997673035,1.8930799961090088
2022-02-16 06:00:00+00:00,1.8931299448013303,1.89316999912262,1.8897600173950195,1.8901300430297847
2022-02-16 07:00:00+00:00,1.890239953994751,1.891260027885437,1.889310002326965,1.889739990234375
2022-02-16 08:00:00+00:00,1.889780044555664,1.89096999168396,1.888100028038025,1.8890800476074217
2022-02-16 09:00:00+00:00,1.889140009880066,1.891129970550537,1.8885999917984009,1.89058005809784
2022-02-16 10:00:00+00:00,1.8905999660491943,1.8925199508666992,1.8894699811935425,1.891950011253357
2022-02-16 11:00:00+00:00,1.891950011253357,1.8928899765014648,1.8884600400924685,1.8888700008392327
2022-02-16 12:00:00+00:00,1.8889100551605225,1.89045000076294,1.8879599571228027,1.889739990234375
2022-02-16 13:00:00+00:00,1.8896900415420528,1.892099976539612,1.888569951057434,1.891569972038269
2022-02-16 14:00:00+00:00,1.891569972038269,1.894930005073548,1.891070008277893,1.8934299945831297
2022-02-16 15:00:00+00:00,1.8934299945831297,1.895169973373413,1.892259955406189,1.893839955329895
2022-02-16 16:00:00+00:00,1.893839955329895,1.8941500186920168,1.8907400369644165,1.8912099599838257
2022-02-16 17:00:00+00:00,1.891219973564148,1.8927099704742432,1.8901599645614624,1.8909599781036377
2022-02-16 18:00:00+00:00,1.890830039978028,1.89136004447937,1.8891099691390991,1.890679955482483
2022-02-16 19:00:00+00:00,1.890910029411316,1.8922499418258667,1.8870699405670168,1.8880399465560915
2022-02-16 20:00:00+00:00,1.8880399465560915,1.888399958610535,1.886680006980896,1.8876899480819704
2022-02-16 21:00:00+00:00,1.8876700401306152,1.8883899450302124,1.8862199783325195,1.8878599405288696
2022-02-16 22:00:00+00:00,1.887529969215393,1.8905500173568728,1.8863199949264529,1.8871400356292725
2022-02-16 23:00:00+00:00,1.8871400356292725,1.8883600234985352,1.884850025177002,1.888190031051636
2022-02-17 00:00:00+00:00,1.888229966163636,1.8883299827575684,1.884619951248169,1.888129949569702
2022-02-17 01:00:00+00:00,1.8881700038909912,1.88850998878479,1.8851200342178345,1.885740041732788
2022-02-17 02:00:00+00:00,1.8856899738311768,1.885830044746399,1.883139967918396,1.885220050811768
2022-02-17 03:00:00+00:00,1.885210037231445,1.895050048828125,1.8840800523757928,1.894760012626648
2022-02-17 04:00:00+00:00,1.8946399688720703,1.8963199853897093,1.8876299858093264,1.8926600217819207
2022-02-17 05:00:00+00:00,1.892549991607666,1.892699956893921,1.8896199464797967,1.8900099992752075
2022-02-17 06:00:00+00:00,1.8900099992752075,1.8909200429916384,1.8876399993896484,1.890030026435852
2022-02-17 07:00:00+00:00,1.8900200128555296,1.8904000520706177,1.886299967765808,1.8867700099945068
2022-02-17 08:00:00+00:00,1.8867599964141848,1.889840006828308,1.8839199542999268,1.888260006904602
2022-02-17 09:00:00+00:00,1.88824999332428,1.8921600580215447,1.8876399993896484,1.890630006790161
2022-02-17 10:00:00+00:00,1.8907400369644165,1.8909599781036377,1.8870699405670168,1.8880800008773804
2022-02-17 11:00:00+00:00,1.8880200386047363,1.8903100490570068,1.887339949607849,1.8888100385665887
2022-02-17 12:00:00+00:00,1.8888399600982664,1.8895299434661863,1.8873900175094604,1.888759970664978
2022-02-17 13:00:00+00:00,1.8887200355529783,1.892600059509277,1.8877700567245483,1.890640020370484
2022-02-17 14:00:00+00:00,1.890699982643128,1.892169952392578,1.8875800371170044,1.8918299674987795
2022-02-17 15:00:00+00:00,1.891819953918457,1.893939971923828,1.8890700340271,1.891950011253357
2022-02-17 16:00:00+00:00,1.891950011253357,1.893839955329895,1.89110004901886,1.893409967422485
2022-02-17 17:00:00+00:00,1.893419981002808,1.894299983978272,1.890910029411316,1.892899990081787
2022-02-17 18:00:00+00:00,1.8928899765014648,1.893499970436096,1.8919899463653564,1.892500042915344
2022-02-17 19:00:00+00:00,1.8925100564956665,1.894060015678405,1.891770005226136,1.89382004737854
2022-02-17 20:00:00+00:00,1.8938000202178955,1.895609974861145,1.89300000667572,1.89368999004364
2022-02-17 21:00:00+00:00,1.89368999004364,1.8946399688720703,1.893100023269653,1.8941500186920168
2022-02-17 22:00:00+00:00,1.894029974937439,1.8952900171279907,1.891450047492981,1.8943699598312376
2022-02-17 23:00:00+00:00,1.8943599462509155,1.8955199718475344,1.8927600383758545,1.8942899703979488
2022-02-18 00:00:00+00:00,1.8941999673843384,1.895699977874756,1.8935999870300293,1.8952900171279907
2022-02-18 01:00:00+00:00,1.895300030708313,1.895429968833924,1.890630006790161,1.8916300535202024
2022-02-18 02:00:00+00:00,1.8916300535202024,1.89179003238678,1.889569997787476,1.890519976615905
2022-02-18 03:00:00+00:00,1.8904900550842283,1.891409993171692,1.888749957084656,1.889559984207153
2022-02-18 04:00:00+00:00,1.889569997787476,1.8899799585342407,1.887660026550293,1.888689994812012
2022-02-18 05:00:00+00:00,1.888700008392334,1.8903000354766848,1.888100028038025,1.8895200490951536
2022-02-18 06:00:00+00:00,1.8895200490951536,1.8907300233840945,1.8877099752426147,1.8884600400924685
2022-02-18 07:00:00+00:00,1.8884600400924685,1.889549970626831,1.887089967727661,1.8880900144577024
2022-02-18 08:00:00+00:00,1.888100028038025,1.888880014419556,1.8862500190734863,1.888659954071045
2022-02-18 09:00:00+00:00,1.88864004611969,1.890519976615905,1.887410044670105,1.888059973716736
2022-02-18 10:00:00+00:00,1.8880900144577024,1.890220046043396,1.8874200582504272,1.8894100189208984
2022-02-18 11:00:00+00:00,1.8894799947738647,1.8914200067520144,1.8890899419784544,1.8896900415420528
2022-02-18 12:00:00+00:00,1.889680027961731,1.8901000022888184,1.88704001903534,1.8876099586486816
2022-02-18 13:00:00+00:00,1.887529969215393,1.889150023460388,1.8867000341415403,1.887910008430481
2022-02-18 14:00:00+00:00,1.8878999948501587,1.8900799751281736,1.8868900537490845,1.8887799978256223
2022-02-18 15:00:00+00:00,1.8887799978256223,1.892920017242432,1.888000011444092,1.8924599885940552
2022-02-18 16:00:00+00:00,1.892449975013733,1.8943099975585933,1.892099976539612,1.8935699462890625
2022-02-18 17:00:00+00:00,1.8936500549316408,1.8954700231552124,1.8919899463653564,1.8947199583053589
2022-02-18 18:00:00+00:00,1.8947199583053589,1.894930005073548,1.8930799961090088,1.893710017204285
2022-02-18 19:00:00+00:00,1.8937599658966064,1.8939499855041504,1.8912400007247925,1.8930100202560425
2022-02-18 20:00:00+00:00,1.8930100202560425,1.894469976425171,1.892109990119934,1.89385998249054
2022-02-18 21:00:00+00:00,1.893919944763184,1.8942899703979488,1.89058005809784,1.8923300504684448
2022-02-18 22:00:00+00:00,1.894569993019104,1.894569993019104,1.894569993019104,1.894569993019104
2022-02-21 00:00:00+00:00,1.8949700593948364,1.8957899808883667,1.8912899494171145,1.8922100067138672
2022-02-21 01:00:00+00:00,1.892169952392578,1.8926199674606323,1.8900599479675293,1.8913700580596924
2022-02-21 02:00:00+00:00,1.8913400173187256,1.892289996147156,1.8895299434661863,1.8897199630737305
2022-02-21 03:00:00+00:00,1.8897299766540527,1.890910029411316,1.888710021972656,1.8896600008010864
2022-02-21 04:00:00+00:00,1.889649987220764,1.890179991722107,1.8873800039291384,1.888000011444092
2022-02-21 05:00:00+00:00,1.887969970703125,1.8888299465179443,1.8864799737930296,1.8881200551986688
2022-02-21 06:00:00+00:00,1.888129949569702,1.8882700204849243,1.8862299919128416,1.887529969215393
2022-02-21 07:00:00+00:00,1.8875499963760376,1.8889199495315552,1.8866499662399288,1.8885999917984009
2022-02-21 08:00:00+00:00,1.8885999917984009,1.8910599946975708,1.887339949607849,1.8897700309753416
2022-02-21 09:00:00+00:00,1.8897700309753416,1.890949964523316,1.8882999420166016,1.8897500038146973
2022-02-21 10:00:00+00:00,1.8897299766540527,1.8924599885940552,1.8890999555587769,1.8915599584579468
2022-02-21 11:00:00+00:00,1.891569972038269,1.8925600051879885,1.890570044517517,1.8919899463653564
2022-02-21 12:00:00+00:00,1.891980051994324,1.8926899433135984,1.890200018882752,1.8905600309371948
2022-02-21 13:00:00+00:00,1.8905600309371948,1.89110004901886,1.887030005455017,1.8879599571228027
2022-02-21 14:00:00+00:00,1.888000011444092,1.889189958572388,1.8853800296783447,1.887809991836548
2022-02-21 15:00:00+00:00,1.8877899646759035,1.888630032539368,1.8854899406433103,1.8860100507736208
2022-02-21 16:00:00+00:00,1.8859699964523315,1.887760043144226,1.885699987411499,1.887310028076172
2022-02-21 17:00:00+00:00,1.8873300552368164,1.8893300294876096,1.8859000205993648,1.8892699480056765
2022-02-21 18:00:00+00:00,1.8893300294876096,1.8912899494171145,1.8881399631500244,1.8898500204086304
2022-02-21 19:00:00+00:00,1.8900599479675293,1.892300009727478,1.8897700309753416,1.890570044517517
2022-02-21 20:00:00+00:00,1.8907300233840945,1.891909956932068,1.890519976615905,1.8908699750900269
2022-02-21 21:00:00+00:00,1.890910029411316,1.8921600580215447,1.889649987220764,1.890589952468872
2022-02-21 22:00:00+00:00,1.89058005809784,1.8927799463272093,1.8887399435043333,1.8923900127410889
2022-02-21 23:00:00+00:00,1.8919600248336792,1.89451003074646,1.8899400234222408,1.8921500444412231
2022-02-22 00:00:00+00:00,1.892240047454834,1.892750024795532,1.8880300521850584,1.8886799812316888
2022-02-22 01:00:00+00:00,1.8886799812316888,1.890630006790161,1.8875800371170044,1.8887300491333008
2022-02-22 02:00:00+00:00,1.888759970664978,1.889320015907288,1.886659979820252,1.8880200386047363
2022-02-22 03:00:00+00:00,1.8880399465560915,1.890679955482483,1.887570023536682,1.889870047569275
2022-02-22 04:00:00+00:00,1.8899400234222408,1.8899799585342407,1.886330008506775,1.8871699571609497
2022-02-22 05:00:00+00:00,1.8871400356292725,1.8879599571228027,1.8851799964904783,1.8869500160217283
2022-02-22 06:00:00+00:00,1.887030005455017,1.88759994506836,1.8860000371932983,1.8870199918746948
2022-02-22 07:00:00+00:00,1.886970043182373,1.888149976730347,1.884220004081726,1.885519981384277
2022-02-22 08:00:00+00:00,1.8854999542236328,1.8858699798583984,1.8826700448989868,1.884590029716492
2022-02-22 09:00:00+00:00,1.884600043296814,1.885740041732788,1.883080005645752,1.8838900327682493
2022-02-22 10:00:00+00:00,1.8838800191879272,1.883929967880249,1.8752800226211548,1.8784300088882449
2022-02-22 11:00:00+00:00,1.878440022468567,1.878960013389588,1.875830054283142,1.876539945602417
2022-02-22 12:00:00+00:00,1.8766000270843504,1.8784199953079224,1.876139998435974,1.878139972686768
2022-02-22 13:00:00+00:00,1.878129959106445,1.8807499408721924,1.8774900436401367,1.878000020980835
2022-02-22 14:00:00+00:00,1.878100037574768,1.8788599967956543,1.876520037651062,1.8781499862670896
2022-02-22 15:00:00+00:00,1.8780699968338013,1.8824399709701536,1.877060055732727,1.8812700510025024
2022-02-22 16:00:00+00:00,1.8812899589538568,1.882159948348999,1.880110025405884,1.8816499710083008
2022-02-22 17:00:00+00:00,1.8816499710083008,1.8832600116729736,1.880820035934448,1.8831499814987185
2022-02-22 18:00:00+00:00,1.883180022239685,1.885149955749512,1.882680058479309,1.884469985961914
2022-02-22 19:00:00+00:00,1.8845399618148804,1.885030031204224,1.8813300132751465,1.882290005683899
2022-02-22 20:00:00+00:00,1.8822699785232544,1.8827999830245967,1.8803199529647827,1.8819199800491333
2022-02-22 21:00:00+00:00,1.8819500207901,1.8824599981307983,1.8805099725723269,1.88129997253418
2022-02-22 22:00:00+00:00,1.8809000253677368,1.882200002670288,1.8786900043487549,1.881510019302368
2022-02-22 23:00:00+00:00,1.881659984588623,1.8817299604415887,1.879699945449829,1.88031005859375
2022-02-23 00:00:00+00:00,1.88018000125885,1.882750034332276,1.8789399862289429,1.880660057067871
2022-02-23 01:00:00+00:00,1.8807100057601929,1.8823000192642207,1.8791600465774536,1.879830002784729
2022-02-23 02:00:00+00:00,1.8798799514770508,1.881790041923523,1.878119945526123,1.8804600238800049
2022-02-23 03:00:00+00:00,1.8804500102996824,1.8819199800491333,1.87992000579834,1.880910038948059
2022-02-23 04:00:00+00:00,1.880910038948059,1.882069945335388,1.8791699409484863,1.879729986190796
2022-02-23 05:00:00+00:00,1.879709959030152,1.8807799816131592,1.878839969635009,1.879459977149964
2022-02-23 06:00:00+00:00,1.879449963569641,1.880239963531494,1.8784300088882449,1.878909945487976
2022-02-23 07:00:00+00:00,1.8788800239562988,1.8795499801635744,1.8772499561309808,1.878389954566956
2022-02-23 08:00:00+00:00,1.8784199953079224,1.8792599439620967,1.874690055847168,1.8749699592590328
2022-02-23 09:00:00+00:00,1.875,1.8753999471664429,1.871340036392212,1.872439980506897
2022-02-23 10:00:00+00:00,1.872339963912964,1.874169945716858,1.8716100454330444,1.8724900484085083
2022-02-23 11:00:00+00:00,1.872499942779541,1.874369978904724,1.871250033378601,1.8718500137329104
2022-02-23 12:00:00+00:00,1.871819972991944,1.872099995613098,1.868649959564209,1.8690199851989744
2022-02-23 13:00:00+00:00,1.8690299987792969,1.8692599534988403,1.867460012435913,1.8680700063705444
2022-02-23 14:00:00+00:00,1.8680700063705444,1.8688000440597528,1.866289973258972,1.868559956550598
2022-02-23 15:00:00+00:00,1.868579983711243,1.8723299503326416,1.867840051651001,1.8720200061798096
2022-02-23 16:00:00+00:00,1.8720200061798096,1.873520016670227,1.8698400259017944,1.8707900047302248
2022-02-23 17:00:00+00:00,1.8707499504089355,1.871129989624024,1.8685699701309204,1.8704099655151367
2022-02-23 18:00:00+00:00,1.870479941368103,1.8724600076675413,1.8702600002288816,1.871359944343567
2022-02-23 19:00:00+00:00,1.871359944343567,1.8727400302886963,1.8698400259017944,1.870949983596801
2022-02-23 20:00:00+00:00,1.8708699941635127,1.873579978942871,1.8706899881362915,1.8734999895095823
2022-02-23 21:00:00+00:00,1.8734999895095823,1.873540043830872,1.8710299730300903,1.871950030326844
2022-02-23 22:00:00+00:00,1.8714100122451784,1.873960018157959,1.87090003490448,1.8730100393295288
2022-02-23 23:00:00+00:00,1.873350024223328,1.8752199411392207,1.8715499639511108,1.8740500211715696
2022-02-24 00:00:00+00:00,1.8738800287246704,1.8785799741744995,1.873540043830872,1.878309965133667
2022-02-24 01:00:00+00:00,1.878270030021668,1.878890037536621,1.8759299516677856,1.8765300512313845
2022-02-24 02:00:00+00:00,1.8765300512313845,1.8813999891281128,1.875890016555786,1.8791099786758425
2022-02-24 03:00:00+00:00,1.879150032997132,1.8827999830245967,1.8780800104141235,1.8807100057601929
2022-02-24 04:00:00+00:00,1.8807100057601929,1.8824599981307983,1.874979972839356,1.876819968223572
2022-02-24 05:00:00+00:00,1.8768099546432493,1.8785400390625,1.874850034713745,1.876070022583008
2022-02-24 06:00:00+00:00,1.87608003616333,1.8786200284957888,1.8752100467681885,1.878139972686768
2022-02-24 07:00:00+00:00,1.8782600164413448,1.879670023918152,1.874940037727356,1.8776799440383911
2022-02-24 08:00:00+00:00,1.8776799440383911,1.8789700269699097,1.8722699880599976,1.8725099563598635
2022-02-24 09:00:00+00:00,1.872599959373474,1.8741400241851809,1.8705099821090696,1.872480034828186
2022-02-24 10:00:00+00:00,1.872480034828186,1.872879981994629,1.86873996257782,1.87107002735138
2022-02-24 11:00:00+00:00,1.8710800409317017,1.871189951896668,1.8671900033950808,1.8676600456237795
2022-02-24 12:00:00+00:00,1.8676700592041016,1.870919942855835,1.8669400215148928,1.8698400259017944
2022-02-24 13:00:00+00:00,1.8697999715805047,1.86981999874115,1.8666199445724487,1.867779970169068
2022-02-24 14:00:00+00:00,1.867740035057068,1.8684500455856323,1.864230036735535,1.8664000034332275
2022-02-24 15:00:00+00:00,1.866479992866516,1.871060013771057,1.8652000427246087,1.8707599639892576
2022-02-24 16:00:00+00:00,1.8707799911499023,1.874400019645691,1.868499994277954,1.872779965400696
2022-02-24 17:00:00+00:00,1.8727999925613403,1.8736499547958367,1.871129989624024,1.8720500469207764
2022-02-24 18:00:00+00:00,1.8721599578857424,1.8731199502944944,1.8703199625015257,1.8711199760437007
2022-02-24 19:00:00+00:00,1.871150016784668,1.8720500469207764,1.8687599897384644,1.8695199489593504
2022-02-24 20:00:00+00:00,1.8695399761199951,1.8702900409698489,1.86529004573822,1.8660800457000728
2022-02-24 21:00:00+00:00,1.866350054740905,1.868170022964477,1.865579962730408,1.86670994758606
2022-02-24 22:00:00+00:00,1.8667500019073489,1.8678499460220337,1.8637800216674805,1.8671200275421145
2022-02-24 23:00:00+00:00,1.8673299551010127,1.868029952049256,1.8658599853515625,1.867220044136048
2022-02-25 00:00:00+00:00,1.8673299551010127,1.8734999895095823,1.8646199703216555,1.8700499534606927
2022-02-25 01:00:00+00:00,1.8701900243759155,1.870329976081848,1.8665200471878047,1.8667500019073489
2022-02-25 02:00:00+00:00,1.8668500185012813,1.868589997291565,1.86670994758606,1.867799997329712
2022-02-25 03:00:00+00:00,1.867799997329712,1.869369983673096,1.8668700456619265,1.868029952049256
2022-02-25 04:00:00+00:00,1.8680399656295776,1.8685400485992432,1.8650599718093872,1.8653500080108645
2022-02-25 05:00:00+00:00,1.8654500246047967,1.8666800260543823,1.864060044288636,1.866479992866516
2022-02-25 06:00:00+00:00,1.866479992866516,1.8676600456237795,1.8632700443267824,1.8634400367736816
2022-02-25 07:00:00+00:00,1.8633999824523928,1.8643200397491453,1.8605799674987795,1.8617700338363647
2022-02-25 08:00:00+00:00,1.86175000667572,1.8637900352478027,1.8595399856567385,1.8598400354385376
2022-02-25 09:00:00+00:00,1.8598400354385376,1.8623900413513184,1.8573399782180784,1.8576099872589111
2022-02-25 10:00:00+00:00,1.8576099872589111,1.858929991722107,1.85699999332428,1.858070015907288
2022-02-25 11:00:00+00:00,1.858129978179932,1.8607699871063232,1.857550024986267,1.8587199449539185
2022-02-25 12:00:00+00:00,1.8587199449539185,1.8597899675369265,1.85579001903534,1.8575199842453003
2022-02-25 13:00:00+00:00,1.857509970664978,1.8576799631118768,1.852220058441162,1.853150010108948
2022-02-25 14:00:00+00:00,1.853150010108948,1.8539299964904783,1.850559949874878,1.8537499904632568
2022-02-25 15:00:00+00:00,1.853710055351257,1.8573399782180784,1.8524500131607056,1.857010006904602
2022-02-25 16:00:00+00:00,1.8569600582122805,1.8582700490951536,1.8548400402069087,1.857059955596924
2022-02-25 17:00:00+00:00,1.857069969177246,1.857810020446777,1.8558299541473389,1.856119990348816
2022-02-25 18:00:00+00:00,1.856099963188172,1.856809973716736,1.854159951210022,1.8561099767684937
2022-02-25 19:00:00+00:00,1.8561099767684937,1.856660008430481,1.854089975357056,1.8541799783706665
2022-02-25 20:00:00+00:00,1.8541799783706665,1.855299949645996,1.853710055351257,1.854640007019043
2022-02-25 21:00:00+00:00,1.8546500205993648,1.8558800220489504,1.8526099920272827,1.8528300523757928
2022-02-25 22:00:00+00:00,1.8535799980163568,1.8535799980163568,1.8535799980163568,1.8535799980163568
2022-02-28 00:00:00+00:00,1.8607399463653564,1.8626999855041504,1.8601900339126587,1.8612099885940552
2022-02-28 01:00:00+00:00,1.8612699508666992,1.8615700006484983,1.8585799932479856,1.8606300354003904
2022-02-28 02:00:00+00:00,1.860640048980713,1.8624800443649288,1.8595900535583496,1.862030029296875
2022-02-28 03:00:00+00:00,1.862110018730164,1.862810015678405,1.859320044517517,1.8600599765777588
2022-02-28 04:00:00+00:00,1.860069990158081,1.8600900173187256,1.8579299449920648,1.8584200143814087
2022-02-28 05:00:00+00:00,1.858319997787476,1.860610008239746,1.857740044593811,1.8601200580596924
2022-02-28 06:00:00+00:00,1.8602099418640137,1.8604300022125244,1.857570052146912,1.8601800203323364
2022-02-28 07:00:00+00:00,1.8602399826049805,1.8603299856185915,1.85565996170044,1.856559991836548
2022-02-28 08:00:00+00:00,1.8565399646759035,1.8576699495315552,1.854640007019043,1.8570499420166016
2022-02-28 09:00:00+00:00,1.857059955596924,1.8585200309753416,1.8563799858093264,1.8576099872589111
2022-02-28 10:00:00+00:00,1.8576200008392327,1.8589999675750728,1.8555200099945068,1.8571100234985352
2022-02-28 11:00:00+00:00,1.8572399616241453,1.8579299449920648,1.8540600538253784,1.8561899662017824
2022-02-28 12:00:00+00:00,1.856220006942749,1.857630014419556,1.853209972381592,1.853909969329834
2022-02-28 13:00:00+00:00,1.853960037231445,1.856529951095581,1.8531700372695925,1.854609966278076
2022-02-28 14:00:00+00:00,1.854640007019043,1.8551199436187744,1.851580023765564,1.8524199724197388
2022-02-28 15:00:00+00:00,1.852460026741028,1.853909969329834,1.848330020904541,1.849300026893616
2022-02-28 16:00:00+00:00,1.849300026893616,1.8502299785614007,1.8472299575805664,1.8480499982833865
2022-02-28 17:00:00+00:00,1.848039984703064,1.8486299514770508,1.845759987831116,1.846269965171814
2022-02-28 18:00:00+00:00,1.846500039100647,1.8487499952316284,1.845639944076538,1.8480600118637085
2022-02-28 19:00:00+00:00,1.8480700254440308,1.8494499921798704,1.84646999835968,1.8465700149536133
2022-02-28 20:00:00+00:00,1.846519947052002,1.8476899862289429,1.8457399606704712,1.847190022468567
2022-02-28 21:00:00+00:00,1.8471699953079224,1.8482500314712524,1.8460500240325928,1.8474400043487549
2022-02-28 22:00:00+00:00,1.846690058708191,1.8488999605178835,1.8453999757766724,1.848039984703064
2022-02-28 23:00:00+00:00,1.8480700254440308,1.8491499423980715,1.8457399606704712,1.848919987678528
2022-03-01 00:00:00+00:00,1.849110007286072,1.8497200012207031,1.847890019416809,1.8490899801254272
2022-03-01 01:00:00+00:00,1.849079966545105,1.849239945411682,1.8465800285339355,1.8478399515151973
2022-03-01 02:00:00+00:00,1.847830057144165,1.848199963569641,1.8452800512313845,1.8465399742126465
2022-03-01 03:00:00+00:00,1.8466099500656128,1.8500299453735352,1.846529960632324,1.8485699892044067
2022-03-01 04:00:00+00:00,1.8485000133514404,1.8487399816513064,1.846989989280701,1.847210049629212
2022-03-01 05:00:00+00:00,1.847270011901856,1.8481299877166748,1.846269965171814,1.847100019454956
2022-03-01 06:00:00+00:00,1.8471200466156008,1.8473199605941768,1.8440300226211548,1.8443000316619875
2022-03-01 07:00:00+00:00,1.8443000316619875,1.8446600437164309,1.84197998046875,1.842710018157959
2022-03-01 08:00:00+00:00,1.8427000045776367,1.8447099924087524,1.841599941253662,1.8435399532318115
2022-03-01 09:00:00+00:00,1.843610048294068,1.846029996871948,1.8427499532699585,1.8440099954605105
2022-03-01 10:00:00+00:00,1.8440099954605105,1.8459099531173704,1.841189980506897,1.841269969940185
2022-03-01 11:00:00+00:00,1.841269969940185,1.845229983329773,1.840939998626709,1.843209981918335
2022-03-01 12:00:00+00:00,1.8432600498199463,1.8455899953842163,1.84211003780365,1.8438700437545776
2022-03-01 13:00:00+00:00,1.8439699411392207,1.8460899591445925,1.8416999578475952,1.8426899909973145
2022-03-01 14:00:00+00:00,1.842679977416992,1.843440055847168,1.840939998626709,1.8418099880218504
2022-03-01 15:00:00+00:00,1.8418200016021729,1.842229962348938,1.8384100198745728,1.838919997215271
2022-03-01 16:00:00+00:00,1.838919997215271,1.8403600454330444,1.8350900411605835,1.8377200365066528
2022-03-01 17:00:00+00:00,1.837730050086975,1.838119983673096,1.8350000381469729,1.8354699611663816
2022-03-01 18:00:00+00:00,1.835510015487671,1.8364100456237795,1.8348100185394287,1.8359999656677248
2022-03-01 19:00:00+00:00,1.836089968681336,1.8387900590896609,1.8356800079345703,1.8369499444961548
2022-03-01 20:00:00+00:00,1.8370599746704104,1.837980031967163,1.835319995880127,1.8368799686431885
2022-03-01 21:00:00+00:00,1.8368899822235107,1.8375200033187864,1.8345600366592407,1.8364499807357788
2022-03-01 22:00:00+00:00,1.8363499641418457,1.8380399942398071,1.8339899778366089,1.837180018424988
2022-03-01 23:00:00+00:00,1.8372700214385984,1.838240027427673,1.835510015487671,1.8367999792099
2022-03-02 00:00:00+00:00,1.836459994316101,1.8366199731826784,1.833449959754944,1.833840012550354
2022-03-02 01:00:00+00:00,1.8338799476623533,1.8354899883270264,1.8321199417114256,1.832509994506836
2022-03-02 02:00:00+00:00,1.8325799703598025,1.833330035209656,1.830289959907532,1.830940008163452
2022-03-02 03:00:00+00:00,1.8309500217437744,1.8320599794387813,1.8295300006866453,1.83135998249054
2022-03-02 04:00:00+00:00,1.8317099809646609,1.831920027732849,1.8300600051879885,1.83149003982544
2022-03-02 05:00:00+00:00,1.831470012664795,1.8319499492645264,1.8296799659729004,1.8300700187683103
2022-03-02 06:00:00+00:00,1.830049991607666,1.8323099613189693,1.8298100233078003,1.8320900201797483
2022-03-02 07:00:00+00:00,1.8320800065994265,1.8330700397491453,1.8307000398635864,1.8323999643325808
2022-03-02 08:00:00+00:00,1.8323800563812256,1.835559964179993,1.829800009727478,1.8348100185394287
2022-03-02 09:00:00+00:00,1.8348100185394287,1.8357000350952148,1.831439971923828,1.833580017089844
2022-03-02 10:00:00+00:00,1.8335100412368768,1.83610999584198,1.833140015602112,1.8343000411987305
2022-03-02 11:00:00+00:00,1.8342499732971191,1.8361999988555908,1.831470012664795,1.834630012512207
2022-03-02 12:00:00+00:00,1.8346199989318848,1.835019946098328,1.831719994544983,1.832890033721924
2022-03-02 13:00:00+00:00,1.8328499794006348,1.8355799913406368,1.8317899703979488,1.835199952125549
2022-03-02 14:00:00+00:00,1.835260033607483,1.835819959640503,1.833340048789978,1.834280014038086
2022-03-02 15:00:00+00:00,1.8342599868774407,1.83748996257782,1.833709955215454,1.8357900381088257
2022-03-02 16:00:00+00:00,1.8357700109481807,1.836840033531189,1.833299994468689,1.835070013999939
2022-03-02 17:00:00+00:00,1.835039973258972,1.836050033569336,1.8335000276565552,1.8340599536895752
2022-03-02 18:00:00+00:00,1.834089994430542,1.8342499732971191,1.8313000202178955,1.8326900005340576
2022-03-02 19:00:00+00:00,1.832679986953736,1.8334100246429443,1.831560015678405,1.8329999446868896
2022-03-02 20:00:00+00:00,1.8329999446868896,1.8348100185394287,1.83256995677948,1.834400057792664
2022-03-02 21:00:00+00:00,1.8344199657440183,1.83831000328064,1.833899974822998,1.836940050125122
2022-03-02 22:00:00+00:00,1.8363800048828125,1.838170051574707,1.835510015487671,1.8372600078582764
2022-03-02 23:00:00+00:00,1.8372600078582764,1.837820053100586,1.8359999656677248,1.836529970169068
2022-03-03 00:00:00+00:00,1.8367600440979004,1.8372600078582764,1.8351500034332275,1.8363699913024905
2022-03-03 01:00:00+00:00,1.836400032043457,1.8377699851989744,1.8356399536132808,1.8368300199508667
2022-03-03 02:00:00+00:00,1.8368699550628664,1.8387199640274048,1.836490035057068,1.8368099927902224
2022-03-03 03:00:00+00:00,1.8368699550628664,1.838070034980774,1.836220026016236,1.8371100425720213
2022-03-03 04:00:00+00:00,1.8371100425720213,1.8375400304794312,1.834789991378784,1.8360099792480469
2022-03-03 05:00:00+00:00,1.8360099792480469,1.8367600440979004,1.8346199989318848,1.8352199792861936
2022-03-03 06:00:00+00:00,1.83528995513916,1.8353500366210933,1.8315000534057613,1.832419991493225
2022-03-03 07:00:00+00:00,1.8324099779129028,1.833549976348877,1.829740047454834,1.8300299644470213
2022-03-03 08:00:00+00:00,1.830090045928955,1.8339999914169312,1.829069972038269,1.8308900594711304
2022-03-03 09:00:00+00:00,1.8308900594711304,1.8334800004959104,1.8301500082015991,1.8329399824142456
2022-03-03 10:00:00+00:00,1.83296000957489,1.83378005027771,1.8310199975967407,1.8317300081253047
2022-03-03 11:00:00+00:00,1.8316600322723389,1.8320900201797483,1.8297699689865112,1.8313699960708616
2022-03-03 12:00:00+00:00,1.831419944763184,1.8318699598312376,1.828950047492981,1.8297799825668333
2022-03-03 13:00:00+00:00,1.8297799825668333,1.8299800157547,1.826840043067932,1.827430009841919
2022-03-03 14:00:00+00:00,1.827379941940308,1.8288999795913696,1.8196200132369995,1.819949984550476
2022-03-03 15:00:00+00:00,1.8199700117111208,1.822800040245056,1.818429946899414,1.8224200010299685
2022-03-03 16:00:00+00:00,1.822399973869324,1.8252999782562256,1.8202199935913088,1.821529984474182
2022-03-03 17:00:00+00:00,1.821529984474182,1.822649955749512,1.8197799921035769,1.821869969367981
2022-03-03 18:00:00+00:00,1.8218799829483032,1.8226200342178345,1.8194400072097776,1.821059942245484
2022-03-03 19:00:00+00:00,1.8210300207138064,1.8227900266647337,1.8200199604034424,1.8201600313186648
2022-03-03 20:00:00+00:00,1.8201500177383425,1.8225599527359009,1.8199599981307983,1.820770025253296
2022-03-03 21:00:00+00:00,1.820770025253296,1.8222500085830688,1.819810032844544,1.8198200464248653
2022-03-03 22:00:00+00:00,1.8203599452972408,1.8226799964904783,1.8197799921035769,1.8213399648666384
2022-03-03 23:00:00+00:00,1.8209500312805176,1.8219200372695925,1.818680047988892,1.8194899559021
2022-03-04 00:00:00+00:00,1.8196899890899656,1.824910044670105,1.8186999559402464,1.8235000371932983
2022-03-04 01:00:00+00:00,1.8234800100326536,1.824790000915528,1.8199299573898315,1.8211400508880613
2022-03-04 02:00:00+00:00,1.821050047874451,1.82151997089386,1.8184700012207031,1.8194500207901
2022-03-04 03:00:00+00:00,1.8194500207901,1.8199900388717647,1.817020058631897,1.817759990692139
2022-03-04 04:00:00+00:00,1.8177900314331048,1.8178199529647827,1.8129099607467647,1.813390016555786
2022-03-04 05:00:00+00:00,1.813380002975464,1.8144899606704712,1.8125699758529663,1.813380002975464
2022-03-04 06:00:00+00:00,1.813390016555786,1.8155800104141235,1.8125499486923216,1.814970016479492
2022-03-04 07:00:00+00:00,1.815019965171814,1.815029978752136,1.811079978942871,1.811560034751892
2022-03-04 08:00:00+00:00,1.811540007591248,1.8120700120925903,1.8042900562286377,1.8056000471115112
2022-03-04 09:00:00+00:00,1.8056600093841555,1.8100099563598635,1.805019974708557,1.8098299503326416
2022-03-04 10:00:00+00:00,1.809839963912964,1.809970021247864,1.8067100048065183,1.8082499504089355
2022-03-04 11:00:00+00:00,1.8083300590515137,1.8084800243377688,1.804090023040772,1.804479956626892
2022-03-04 12:00:00+00:00,1.804530024528504,1.807080030441284,1.8038100004196167,1.8068499565124512
2022-03-04 13:00:00+00:00,1.8068499565124512,1.807520031929016,1.802090048789978,1.802579998970032
2022-03-04 14:00:00+00:00,1.802579998970032,1.806120038032532,1.8017799854278564,1.801949977874756
2022-03-04 15:00:00+00:00,1.801949977874756,1.8022199869155884,1.7968800067901611,1.7986899614334106
2022-03-04 16:00:00+00:00,1.7986899614334106,1.8008400201797483,1.794409990310669,1.7946399450302124
2022-03-04 17:00:00+00:00,1.7946200370788574,1.7955000400543213,1.7930400371551514,1.7939499616622925
2022-03-04 18:00:00+00:00,1.7939000129699707,1.7949999570846558,1.7930999994277954,1.794909954071045
2022-03-04 19:00:00+00:00,1.7948999404907229,1.7960799932479858,1.7931900024414062,1.7934099435806274
2022-03-04 20:00:00+00:00,1.7933599948883057,1.7967900037765503,1.7932699918746948,1.796679973602295
2022-03-04 21:00:00+00:00,1.796679973602295,1.7973899841308594,1.792080044746399,1.7931900024414062
2022-03-04 22:00:00+00:00,1.7947700023651123,1.7947800159454346,1.7947700023651123,1.7947800159454346
2022-03-07 00:00:00+00:00,1.7866499423980713,1.7887300252914429,1.7849199771881104,1.7853200435638428
2022-03-07 01:00:00+00:00,1.7853000164031982,1.7856600284576416,1.7730000019073486,1.7773300409317017
2022-03-07 02:00:00+00:00,1.7774499654769895,1.781559944152832,1.7768700122833252,1.7808200120925903
2022-03-07 03:00:00+00:00,1.7808599472045898,1.785330057144165,1.7804700136184692,1.7819600105285645
2022-03-07 04:00:00+00:00,1.7819700241088867,1.782189965248108,1.7800999879837036,1.781290054321289
2022-03-07 05:00:00+00:00,1.781290054321289,1.782379984855652,1.780310034751892,1.781730055809021
2022-03-07 06:00:00+00:00,1.7816499471664429,1.782920002937317,1.7793200016021729,1.7794500589370728
2022-03-07 07:00:00+00:00,1.7794500589370728,1.7832800149917605,1.7787100076675415,1.7816400527954102
2022-03-07 08:00:00+00:00,1.7816699743270874,1.7818599939346311,1.776479959487915,1.7774100303649902
2022-03-07 09:00:00+00:00,1.7774200439453125,1.7795499563217163,1.7762099504470823,1.7786400318145752
2022-03-07 10:00:00+00:00,1.778589963912964,1.7806600332260132,1.7750099897384644,1.7770600318908691
2022-03-07 11:00:00+00:00,1.7770600318908691,1.7776999473571775,1.7734299898147583,1.777359962463379
2022-03-07 12:00:00+00:00,1.7774800062179563,1.7886500358581543,1.7770999670028689,1.7835999727249146
2022-03-07 13:00:00+00:00,1.7835899591445925,1.788409948348999,1.7824900150299072,1.786270022392273
2022-03-07 14:00:00+00:00,1.7863800525665283,1.793470025062561,1.7859100103378296,1.7896300554275513
2022-03-07 15:00:00+00:00,1.7895599603652954,1.79298996925354,1.7849500179290771,1.792240023612976
2022-03-07 16:00:00+00:00,1.792240023612976,1.7928400039672852,1.7884199619293213,1.7910699844360352
2022-03-07 17:00:00+00:00,1.7910699844360352,1.7945400476455688,1.790470004081726,1.791700005531311
2022-03-07 18:00:00+00:00,1.7917499542236328,1.7932699918746948,1.7900999784469604,1.7918699979782104
2022-03-07 19:00:00+00:00,1.791659951210022,1.7929999828338623,1.7870999574661257,1.7887300252914429
2022-03-07 20:00:00+00:00,1.7887200117111206,1.7921299934387207,1.7883299589157104,1.7910399436950684
2022-03-07 21:00:00+00:00,1.7910499572753906,1.7920000553131104,1.7896100282669067,1.7899199724197388
2022-03-07 22:00:00+00:00,1.7899800539016724,1.7927600145339966,1.78889000415802,1.7911499738693235
2022-03-07 23:00:00+00:00,1.791200041770935,1.792870044708252,1.7886300086975098,1.7888699769973757
2022-03-08 00:00:00+00:00,1.7890499830245972,1.790060043334961,1.7869700193405151,1.787969946861267
2022-03-08 01:00:00+00:00,1.788030028343201,1.7888100147247314,1.7852599620819092,1.7884000539779663
2022-03-08 02:00:00+00:00,1.7884000539779663,1.7927099466323853,1.786479949951172,1.7917699813842771
2022-03-08 03:00:00+00:00,1.7918699979782104,1.7929400205612185,1.7903300523757937,1.7910399436950684
2022-03-08 04:00:00+00:00,1.791059970855713,1.795740008354187,1.7907099723815918,1.7950799465179443
2022-03-08 05:00:00+00:00,1.7951699495315552,1.8017699718475344,1.7948299646377563,1.8000199794769287
2022-03-08 06:00:00+00:00,1.79993999004364,1.8005499839782717,1.7981300354003906,1.8000500202178955
2022-03-08 07:00:00+00:00,1.8000600337982178,1.8001199960708618,1.7968100309371948,1.799239993095398
2022-03-08 08:00:00+00:00,1.7992000579833984,1.803020000457764,1.7976700067520142,1.8027000427246087
2022-03-08 09:00:00+00:00,1.8026599884033203,1.8031400442123413,1.7972899675369265,1.799149990081787
2022-03-08 10:00:00+00:00,1.799149990081787,1.8008899688720703,1.7975000143051147,1.7983900308609009
2022-03-08 11:00:00+00:00,1.7983900308609009,1.7987899780273438,1.795639991760254,1.7977099418640137
2022-03-08 12:00:00+00:00,1.7977700233459473,1.800439953804016,1.7967699766159058,1.7998700141906738
2022-03-08 13:00:00+00:00,1.799839973449707,1.800529956817627,1.796679973602295,1.799649953842163
2022-03-08 14:00:00+00:00,1.799589991569519,1.8018399477005005,1.797919988632202,1.801259994506836
2022-03-08 15:00:00+00:00,1.8012499809265137,1.805739998817444,1.7993600368499756,1.804419994354248
2022-03-08 16:00:00+00:00,1.8043999671936035,1.8072199821472168,1.802889943122864,1.803769946098328
2022-03-08 17:00:00+00:00,1.8037500381469729,1.8046900033950808,1.801200032234192,1.8043800592422483
2022-03-08 18:00:00+00:00,1.8043800592422483,1.805279970169068,1.8016300201416016,1.8030099868774407
2022-03-08 19:00:00+00:00,1.803200006484985,1.803730010986328,1.8010599613189695,1.8014099597930908
2022-03-08 20:00:00+00:00,1.8014099597930908,1.8022300004959104,1.8003499507904053,1.8017899990081787
2022-03-08 21:00:00+00:00,1.80171000957489,1.802369952201844,1.8006099462509155,1.8018499612808228
2022-03-08 22:00:00+00:00,1.8020399808883667,1.80296003818512,1.7985899448394775,1.8022799491882324
2022-03-08 23:00:00+00:00,1.8022799491882324,1.8023600578308103,1.7995100021362305,1.802209973335266
2022-03-09 00:00:00+00:00,1.8022300004959104,1.802330017089844,1.7999099493026731,1.8009699583053589
2022-03-09 01:00:00+00:00,1.8010499477386477,1.802340030670166,1.800379991531372,1.8018699884414675
2022-03-09 02:00:00+00:00,1.8019100427627563,1.8038400411605835,1.8013499975204468,1.8026800155639648
2022-03-09 03:00:00+00:00,1.8024100065231323,1.803699970245361,1.8011900186538696,1.8023500442504885
2022-03-09 04:00:00+00:00,1.802240014076233,1.802520036697388,1.8003100156784058,1.800860047340393
2022-03-09 05:00:00+00:00,1.8009099960327148,1.803599953651428,1.80062997341156,1.802240014076233
2022-03-09 06:00:00+00:00,1.802199959754944,1.8022500276565552,1.799280047416687,1.8010499477386477
2022-03-09 07:00:00+00:00,1.8010499477386477,1.8018499612808228,1.7962199449539185,1.7970600128173828
2022-03-09 08:00:00+00:00,1.7970099449157717,1.798069953918457,1.7954100370407104,1.7970900535583496
2022-03-09 09:00:00+00:00,1.7970399856567385,1.7971700429916382,1.7936999797821045,1.7955199480056765
2022-03-09 10:00:00+00:00,1.7954299449920654,1.79761004447937,1.7951500415802002,1.795799970626831
2022-03-09 11:00:00+00:00,1.795799970626831,1.7974900007247925,1.7943899631500244,1.7953100204467771
2022-03-09 12:00:00+00:00,1.795259952545166,1.7960200309753418,1.7935199737548828,1.7940200567245483
2022-03-09 13:00:00+00:00,1.7939399480819702,1.7963000535964966,1.792019963264465,1.7961100339889526
2022-03-09 14:00:00+00:00,1.7961100339889526,1.7990800142288208,1.7949800491333008,1.7965500354766846
2022-03-09 15:00:00+00:00,1.7966200113296509,1.7982499599456787,1.794950008392334,1.797760009765625
2022-03-09 16:00:00+00:00,1.797659993171692,1.8001600503921509,1.7965799570083618,1.7969399690628052
2022-03-09 17:00:00+00:00,1.7969499826431274,1.8015400171279907,1.7965699434280396,1.8004100322723389
2022-03-09 18:00:00+00:00,1.8006199598312378,1.801110029220581,1.7985700368881226,1.7991100549697876
2022-03-09 19:00:00+00:00,1.7990399599075315,1.801110029220581,1.7980400323867798,1.8008400201797483
2022-03-09 20:00:00+00:00,1.8009799718856812,1.8011499643325806,1.7983499765396118,1.7997900247573853
2022-03-09 21:00:00+00:00,1.7997900247573853,1.8011000156402588,1.7986700534820557,1.7989399433135986
2022-03-09 22:00:00+00:00,1.799239993095398,1.8018499612808228,1.7982200384140017,1.8012900352478027
2022-03-09 23:00:00+00:00,1.8006900548934937,1.8026200532913208,1.8003100156784058,1.8021800518035889
2022-03-10 00:00:00+00:00,1.8018200397491453,1.803040027618408,1.8004100322723389,1.8029999732971191
2022-03-10 01:00:00+00:00,1.8029999732971191,1.805279970169068,1.8020199537277224,1.80365002155304
2022-03-10 02:00:00+00:00,1.803760051727295,1.8042900562286377,1.7986799478530884,1.7989699840545654
2022-03-10 03:00:00+00:00,1.798949956893921,1.7992700338363647,1.796910047531128,1.797919988632202
2022-03-10 04:00:00+00:00,1.7979600429534912,1.799399971961975,1.7975900173187256,1.799049973487854
2022-03-10 05:00:00+00:00,1.7990399599075315,1.8015700578689573,1.7985899448394775,1.7996200323104858
2022-03-10 06:00:00+00:00,1.799589991569519,1.8004599809646606,1.7964099645614624,1.7974200248718262
2022-03-10 07:00:00+00:00,1.797379970550537,1.7977800369262695,1.795140027999878,1.7962499856948853
2022-03-10 08:00:00+00:00,1.7962499856948853,1.7965500354766846,1.792739987373352,1.7942399978637695
2022-03-10 09:00:00+00:00,1.7943600416183472,1.7955199480056765,1.7929699420928955,1.7946100234985352
2022-03-10 10:00:00+00:00,1.7946399450302124,1.7950299978256226,1.7913000583648682,1.7937599420547483
2022-03-10 11:00:00+00:00,1.7937999963760376,1.796720027923584,1.7935199737548828,1.7948999404907229
2022-03-10 12:00:00+00:00,1.7948800325393677,1.79653000831604,1.791509985923767,1.7964600324630735
2022-03-10 13:00:00+00:00,1.796429991722107,1.7964799404144287,1.7905800342559814,1.7934499979019165
2022-03-10 14:00:00+00:00,1.7934900522232056,1.7941700220108032,1.7874499559402466,1.787919998168945
2022-03-10 15:00:00+00:00,1.7878400087356567,1.7882699966430664,1.7828099727630615,1.783810019493103
2022-03-10 16:00:00+00:00,1.7838300466537476,1.7854100465774536,1.7798099517822266,1.7805399894714355
2022-03-10 17:00:00+00:00,1.7804700136184692,1.7820700407028198,1.778120040893555,1.7800300121307373
2022-03-10 18:00:00+00:00,1.7799700498580933,1.7817699909210205,1.7796900272369385,1.7804399728775024
2022-03-10 19:00:00+00:00,1.7803900241851809,1.7811199426651,1.7778799533843994,1.7782700061798096
2022-03-10 20:00:00+00:00,1.7782599925994873,1.778880000114441,1.777109980583191,1.7781599760055542
2022-03-10 21:00:00+00:00,1.7781399488449097,1.7789700031280518,1.776569962501526,1.7772599458694458
2022-03-10 22:00:00+00:00,1.7777400016784668,1.7794899940490725,1.7767000198364258,1.7785099744796753
2022-03-10 23:00:00+00:00,1.7785099744796753,1.7798999547958374,1.7767200469970703,1.7786699533462524
2022-03-11 00:00:00+00:00,1.77878999710083,1.781290054321289,1.778290033340454,1.7806700468063354
2022-03-11 01:00:00+00:00,1.7806899547576904,1.7833399772644043,1.7802200317382812,1.781880021095276
2022-03-11 02:00:00+00:00,1.7819700241088867,1.784379959106445,1.781599998474121,1.7839800119400024
2022-03-11 03:00:00+00:00,1.784019947052002,1.7840900421142578,1.781790018081665,1.7821999788284302
2022-03-11 04:00:00+00:00,1.7823400497436523,1.7842299938201904,1.7814899682998655,1.7836699485778809
2022-03-11 05:00:00+00:00,1.7836799621582031,1.7842199802398682,1.7811599969863892,1.781499981880188
2022-03-11 06:00:00+00:00,1.7815699577331543,1.7820600271224976,1.77947998046875,1.7817399501800537
2022-03-11 07:00:00+00:00,1.7817800045013428,1.782539963722229,1.7790199518203735,1.7793899774551392
2022-03-11 08:00:00+00:00,1.7794899940490725,1.7843600511550903,1.7793200016021729,1.7822999954223633
2022-03-11 09:00:00+00:00,1.7822200059890747,1.7879300117492676,1.7815300226211548,1.7874799966812134
2022-03-11 10:00:00+00:00,1.7875200510025024,1.7899399995803833,1.7857500314712524,1.7898600101470947
2022-03-11 11:00:00+00:00,1.789870023727417,1.7918399572372437,1.7877399921417236,1.789139986038208
2022-03-11 12:00:00+00:00,1.7891600131988523,1.7915699481964111,1.7877700328826904,1.7888400554656982
2022-03-11 13:00:00+00:00,1.7888599634170532,1.7897900342941284,1.7866599559783936,1.7873799800872805
2022-03-11 14:00:00+00:00,1.7873899936676023,1.7883800268173218,1.785099983215332,1.78643000125885
2022-03-11 15:00:00+00:00,1.78656005859375,1.788100004196167,1.7845900058746338,1.7875499725341797
2022-03-11 16:00:00+00:00,1.7875200510025024,1.7883700132369995,1.7864199876785278,1.7874699831008911
2022-03-11 17:00:00+00:00,1.7874000072479248,1.7882299423217771,1.785290002822876,1.7861100435256958
2022-03-11 18:00:00+00:00,1.786180019378662,1.7865699529647827,1.7844500541687012,1.7853699922561646
2022-03-11 19:00:00+00:00,1.7853200435638428,1.7871500253677368,1.7840100526809692,1.7869000434875488
2022-03-11 20:00:00+00:00,1.786910057067871,1.789680004119873,1.7865899801254272,1.7891000509262085
2022-03-11 21:00:00+00:00,1.7891099452972412,1.7891099452972412,1.7849600315093994,1.7849600315093994
2022-03-11 22:00:00+00:00,1.788249969482422,1.788249969482422,1.788249969482422,1.788249969482422
2022-03-14 00:00:00+00:00,1.788450002670288,1.793030023574829,1.787160038948059,1.7927500009536743
2022-03-14 01:00:00+00:00,1.7927299737930298,1.7936700582504272,1.791290044784546,1.792009949684143
2022-03-14 02:00:00+00:00,1.7919199466705322,1.794950008392334,1.7903300523757937,1.794219970703125
2022-03-14 03:00:00+00:00,1.7942399978637695,1.7946900129318235,1.7927800416946411,1.7941900491714478
2022-03-14 04:00:00+00:00,1.794319987297058,1.796030044555664,1.7934399843215942,1.7939800024032593
2022-03-14 05:00:00+00:00,1.7939800024032593,1.7963199615478516,1.7932699918746948,1.796169996261597
2022-03-14 06:00:00+00:00,1.796180009841919,1.799299955368042,1.7961299419403076,1.7990399599075315
2022-03-14 07:00:00+00:00,1.7991100549697876,1.800379991531372,1.7968900203704834,1.7998900413513184
2022-03-14 08:00:00+00:00,1.799880027770996,1.8010900020599363,1.7967300415039062,1.7988699674606323
2022-03-14 09:00:00+00:00,1.7989799976348877,1.7996000051498413,1.7964099645614624,1.797600030899048
2022-03-14 10:00:00+00:00,1.79761004447937,1.800529956817627,1.7973099946975708,1.8001500368118286
2022-03-14 11:00:00+00:00,1.8001600503921509,1.8013999462127686,1.7972099781036377,1.8008400201797483
2022-03-14 12:00:00+00:00,1.800879955291748,1.8053200244903564,1.799180030822754,1.803189992904663
2022-03-14 13:00:00+00:00,1.803189992904663,1.805050015449524,1.801560044288636,1.8041900396347048
2022-03-14 14:00:00+00:00,1.8041800260543823,1.8048700094223025,1.7995200157165527,1.801200032234192
2022-03-14 15:00:00+00:00,1.8011300563812256,1.8055499792099,1.8002899885177612,1.8046300411224363
2022-03-14 16:00:00+00:00,1.8046499490737915,1.807070016860962,1.8025699853897093,1.80594003200531
2022-03-14 17:00:00+00:00,1.80594003200531,1.8093899488449097,1.8052599430084229,1.809000015258789
2022-03-14 18:00:00+00:00,1.8090900182724,1.8097000122070312,1.8067599534988403,1.809450030326844
2022-03-14 19:00:00+00:00,1.8094899654388428,1.809540033340454,1.8052300214767456,1.806560039520264
2022-03-14 20:00:00+00:00,1.8066600561141968,1.8089300394058228,1.8057199716567995,1.8085999488830569
2022-03-14 21:00:00+00:00,1.8078900575637813,1.8091200590133667,1.802449941635132,1.8079500198364256
2022-03-14 22:00:00+00:00,1.8079400062561035,1.808590054512024,1.804710030555725,1.8058799505233765
2022-03-14 23:00:00+00:00,1.805899977684021,1.80788004398346,1.805649995803833,1.8072199821472168
2022-03-15 00:00:00+00:00,1.8072099685668943,1.809559941291809,1.805830001831055,1.8093299865722656
2022-03-15 01:00:00+00:00,1.8093600273132324,1.8145999908447263,1.808380007743836,1.8135299682617188
2022-03-15 02:00:00+00:00,1.8135900497436523,1.8151799440383911,1.8104000091552728,1.8147399425506592
2022-03-15 03:00:00+00:00,1.814810037612915,1.815199971199036,1.8125300407409668,1.8149299621582031
2022-03-15 04:00:00+00:00,1.8149399757385247,1.8169699907302856,1.813629984855652,1.8148200511932373
2022-03-15 05:00:00+00:00,1.81482994556427,1.817229986190796,1.81482994556427,1.8165099620819087
2022-03-15 06:00:00+00:00,1.816540002822876,1.816920042037964,1.8139100074768064,1.81676995754242
2022-03-15 07:00:00+00:00,1.8168200254440308,1.817710041999817,1.811339974403381,1.811920046806336
2022-03-15 08:00:00+00:00,1.81181001663208,1.8126699924469,1.8079899549484253,1.8118200302124023
2022-03-15 09:00:00+00:00,1.8118200302124023,1.8156800270080569,1.810930013656616,1.814219951629639
2022-03-15 10:00:00+00:00,1.814219951629639,1.814759969711304,1.8100500106811523,1.81046998500824
2022-03-15 11:00:00+00:00,1.810539960861206,1.814020037651062,1.8101799488067627,1.811110019683838
2022-03-15 12:00:00+00:00,1.811079978942871,1.8137199878692627,1.810220003128052,1.8127199411392207
2022-03-15 13:00:00+00:00,1.8127199411392207,1.813830018043518,1.8093899488449097,1.8100600242614744
2022-03-15 14:00:00+00:00,1.81003999710083,1.8113800287246704,1.808109998703003,1.811239957809448
2022-03-15 15:00:00+00:00,1.811229944229126,1.81676995754242,1.8101400136947632,1.8158299922943115
2022-03-15 16:00:00+00:00,1.8158700466156008,1.8164199590682983,1.8134900331497192,1.8157000541687007
2022-03-15 17:00:00+00:00,1.8156700134277344,1.8158799409866333,1.8130099773406985,1.814579963684082
2022-03-15 18:00:00+00:00,1.814579963684082,1.815310001373291,1.8122999668121336,1.8125499486923216
2022-03-15 19:00:00+00:00,1.8126499652862549,1.8129500150680544,1.811079978942871,1.8123199939727783
2022-03-15 20:00:00+00:00,1.812250018119812,1.8129600286483765,1.811239957809448,1.812190055847168
2022-03-15 21:00:00+00:00,1.8118799924850464,1.813109993934632,1.809440016746521,1.81112003326416
2022-03-15 22:00:00+00:00,1.8114500045776367,1.813760042190552,1.810969948768616,1.8132100105285645
2022-03-15 23:00:00+00:00,1.8131500482559204,1.8143800497055047,1.8117799758911133,1.814129948616028
2022-03-16 00:00:00+00:00,1.814200043678284,1.8160300254821773,1.8128999471664429,1.815639972686768
2022-03-16 01:00:00+00:00,1.815639972686768,1.815659999847412,1.812209963798523,1.8123199939727783
2022-03-16 02:00:00+00:00,1.8127100467681885,1.812809944152832,1.810269951820373,1.8118900060653689
2022-03-16 03:00:00+00:00,1.8119399547576904,1.813480019569397,1.8116999864578247,1.8128700256347656
2022-03-16 04:00:00+00:00,1.812809944152832,1.8132200241088867,1.810520052909851,1.8108400106430047
2022-03-16 05:00:00+00:00,1.8107600212097168,1.81141996383667,1.8069599866867063,1.8077800273895264
2022-03-16 06:00:00+00:00,1.80774998664856,1.8078399896621704,1.8049800395965576,1.805989980697632
2022-03-16 07:00:00+00:00,1.805999994277954,1.8068000078201287,1.8041000366210933,1.806190013885498
2022-03-16 08:00:00+00:00,1.8062200546264648,1.80757999420166,1.8046900033950808,1.806130051612854
2022-03-16 09:00:00+00:00,1.806149959564209,1.8081599473953247,1.8054499626159668,1.806310057640076
2022-03-16 10:00:00+00:00,1.8062800168991089,1.806740045547485,1.802389979362488,1.802770018577576
2022-03-16 11:00:00+00:00,1.8028099536895752,1.8067899942398071,1.8022300004959104,1.8056600093841555
2022-03-16 12:00:00+00:00,1.805690050125122,1.8064099550247192,1.8036400079727173,1.8050800561904907
2022-03-16 13:00:00+00:00,1.804909944534301,1.8062200546264648,1.8000199794769287,1.80076003074646
2022-03-16 14:00:00+00:00,1.8007700443267822,1.80692994594574,1.8002699613571167,1.8066699504852293
2022-03-16 15:00:00+00:00,1.8066699504852293,1.8092000484466555,1.8037500381469729,1.8059500455856323
2022-03-16 16:00:00+00:00,1.8059500455856323,1.8083000183105469,1.8054200410842896,1.807800054550171
2022-03-16 17:00:00+00:00,1.807850003242493,1.8079099655151367,1.804229974746704,1.80499005317688
2022-03-16 18:00:00+00:00,1.804970026016236,1.809999942779541,1.804280042648316,1.8057700395584104
2022-03-16 19:00:00+00:00,1.8055599927902224,1.807610034942627,1.8020700216293333,1.8024799823760984
2022-03-16 20:00:00+00:00,1.802459955215454,1.8054399490356443,1.8016599416732788,1.8029099702835083
2022-03-16 21:00:00+00:00,1.803040027618408,1.8046900033950808,1.80171000957489,1.803189992904663
2022-03-16 22:00:00+00:00,1.8029500246047967,1.804229974746704,1.7997599840164185,1.801550030708313
2022-03-16 23:00:00+00:00,1.8015999794006348,1.8035900592803955,1.801120042800903,1.8027399778366089
2022-03-17 00:00:00+00:00,1.8027600049972528,1.802970051765442,1.7974599599838257,1.798069953918457
2022-03-17 01:00:00+00:00,1.798140048980713,1.80351996421814,1.796419978141785,1.8017699718475344
2022-03-17 02:00:00+00:00,1.8017799854278564,1.801929950714112,1.797819972038269,1.7991900444030762
2022-03-17 03:00:00+00:00,1.7991900444030762,1.8007400035858154,1.7977800369262695,1.7989699840545654
2022-03-17 04:00:00+00:00,1.7990000247955322,1.7995699644088743,1.7974200248718262,1.797819972038269
2022-03-17 05:00:00+00:00,1.797860026359558,1.8007899522781372,1.7974300384521484,1.7989699840545654
2022-03-17 06:00:00+00:00,1.79885995388031,1.801609992980957,1.7984600067138672,1.8015999794006348
2022-03-17 07:00:00+00:00,1.801609992980957,1.8027399778366089,1.7994699478149414,1.799649953842163
2022-03-17 08:00:00+00:00,1.7996400594711304,1.8002400398254397,1.7978999614715576,1.7995599508285522
2022-03-17 09:00:00+00:00,1.7996400594711304,1.8002699613571167,1.7959200143814087,1.7966200113296509
2022-03-17 10:00:00+00:00,1.7965600490570068,1.79830002784729,1.7952100038528442,1.7963299751281738
2022-03-17 11:00:00+00:00,1.7963299751281738,1.8001699447631836,1.795549988746643,1.7991399765014648
2022-03-17 12:00:00+00:00,1.798930048942566,1.7992299795150757,1.7824599742889404,1.783519983291626
2022-03-17 13:00:00+00:00,1.7835400104522705,1.7869999408721924,1.7828500270843506,1.7849400043487549
2022-03-17 14:00:00+00:00,1.7851300239562988,1.786149978637695,1.7825100421905518,1.784749984741211
2022-03-17 15:00:00+00:00,1.7847299575805664,1.7849299907684326,1.7800699472427368,1.780949950218201
2022-03-17 16:00:00+00:00,1.7809300422668457,1.782389998435974,1.7794100046157837,1.7818399667739868
2022-03-17 17:00:00+00:00,1.781849980354309,1.782379984855652,1.7806999683380127,1.7814099788665771
2022-03-17 18:00:00+00:00,1.7815099954605105,1.7841099500656128,1.7812700271606443,1.7830899953842163
2022-03-17 19:00:00+00:00,1.7830300331115725,1.7833800315856934,1.7811100482940674,1.7825700044631958
2022-03-17 20:00:00+00:00,1.782520055770874,1.7830400466918943,1.7815099954605105,1.7824100255966189
2022-03-17 21:00:00+00:00,1.7817100286483765,1.7840100526809692,1.7812600135803225,1.7819299697875977
2022-03-17 22:00:00+00:00,1.7821099758148191,1.7830899953842163,1.7815099954605105,1.7827800512313845
2022-03-17 23:00:00+00:00,1.7829500436782837,1.784119963645935,1.7819900512695312,1.782580018043518
2022-03-18 00:00:00+00:00,1.7826900482177734,1.7837300300598145,1.7815200090408323,1.783400058746338
2022-03-18 01:00:00+00:00,1.7834099531173706,1.7834899425506592,1.7810300588607788,1.7826199531555176
2022-03-18 02:00:00+00:00,1.7826900482177734,1.7848399877548218,1.7824100255966189,1.7841999530792236
2022-03-18 03:00:00+00:00,1.7841999530792236,1.784409999847412,1.783120036125183,1.7838300466537476
2022-03-18 04:00:00+00:00,1.7838399410247805,1.7838799953460691,1.7819499969482422,1.7824499607086182
2022-03-18 05:00:00+00:00,1.782439947128296,1.7829999923706057,1.7790900468826294,1.780140042304993
2022-03-18 06:00:00+00:00,1.7801899909973145,1.780310034751892,1.7762099504470823,1.777250051498413
2022-03-18 07:00:00+00:00,1.7772400379180908,1.780940055847168,1.776919960975647,1.7777999639511108
2022-03-18 08:00:00+00:00,1.777809977531433,1.78193998336792,1.7770999670028689,1.780769944190979
2022-03-18 09:00:00+00:00,1.780809998512268,1.7814500331878662,1.7792099714279177,1.7812600135803225
2022-03-18 10:00:00+00:00,1.7813600301742554,1.782080054283142,1.7776399850845337,1.7795599699020386
2022-03-18 11:00:00+00:00,1.7795599699020386,1.7798500061035156,1.7779300212860107,1.779099941253662
2022-03-18 12:00:00+00:00,1.779189944267273,1.7812999486923218,1.778040051460266,1.779530048370361
2022-03-18 13:00:00+00:00,1.779530048370361,1.781980037689209,1.7772200107574463,1.779289960861206
2022-03-18 14:00:00+00:00,1.7792799472808838,1.7804800271987915,1.7752000093460083,1.776859998703003
2022-03-18 15:00:00+00:00,1.7769299745559692,1.7801599502563477,1.7748600244522097,1.7790700197219849
2022-03-18 16:00:00+00:00,1.7790700197219849,1.7806700468063354,1.7778899669647217,1.7796299457550049
2022-03-18 17:00:00+00:00,1.7796499729156494,1.7802599668502808,1.777459979057312,1.7787100076675415
2022-03-18 18:00:00+00:00,1.7787699699401855,1.7802000045776367,1.778090000152588,1.7799700498580933
2022-03-18 19:00:00+00:00,1.7800400257110596,1.780269980430603,1.7777199745178225,1.7784099578857422
2022-03-18 20:00:00+00:00,1.7785099744796753,1.7790100574493408,1.7755500078201294,1.776520013809204
2022-03-18 21:00:00+00:00,1.777459979057312,1.777459979057312,1.777459979057312,1.777459979057312
2022-03-21 00:00:00+00:00,1.7758899927139282,1.776600003242493,1.7739100456237793,1.774899959564209
2022-03-21 01:00:00+00:00,1.774829983711243,1.775990009307861,1.7733900547027588,1.7750200033187866
2022-03-21 02:00:00+00:00,1.7750699520111084,1.7778600454330444,1.7749099731445312,1.7769999504089355
2022-03-21 03:00:00+00:00,1.77701997756958,1.779270052909851,1.7764699459075928,1.778040051460266
2022-03-21 04:00:00+00:00,1.7780300378799438,1.7784099578857422,1.7758100032806396,1.7765400409698486
2022-03-21 05:00:00+00:00,1.776600003242493,1.778349995613098,1.776110053062439,1.7777199745178225
2022-03-21 06:00:00+00:00,1.7777099609375,1.7786200046539309,1.7768700122833252,1.7773000001907349
2022-03-21 07:00:00+00:00,1.7773000001907349,1.7813800573349,1.776579976081848,1.778370022773743
2022-03-21 08:00:00+00:00,1.7783900499343872,1.7800999879837036,1.7777299880981443,1.7782800197601318
2022-03-21 09:00:00+00:00,1.7782599925994873,1.781880021095276,1.7771300077438354,1.7811199426651
2022-03-21 10:00:00+00:00,1.7811199426651,1.7819199562072754,1.779189944267273,1.7796599864959717
2022-03-21 11:00:00+00:00,1.7796299457550049,1.7805299758911133,1.7778899669647217,1.779129981994629
2022-03-21 12:00:00+00:00,1.7791099548339844,1.7791999578475952,1.7760000228881836,1.7763999700546265
2022-03-21 13:00:00+00:00,1.7764300107955933,1.7790299654006958,1.7760299444198608,1.7779500484466553
2022-03-21 14:00:00+00:00,1.778339982032776,1.7812700271606443,1.777340054512024,1.780150055885315
2022-03-21 15:00:00+00:00,1.780150055885315,1.78193998336792,1.7791999578475952,1.779780030250549
2022-03-21 16:00:00+00:00,1.779780030250549,1.7839299440383911,1.7789000272750854,1.7826499938964844
2022-03-21 17:00:00+00:00,1.7827500104904177,1.7842600345611572,1.7810900211334229,1.781559944152832
2022-03-21 18:00:00+00:00,1.7815799713134766,1.7817800045013428,1.779099941253662,1.7804100513458252
2022-03-21 19:00:00+00:00,1.7804900407791138,1.781000018119812,1.7783199548721311,1.7791199684143066
2022-03-21 20:00:00+00:00,1.7791199684143066,1.7799099683761597,1.7779899835586548,1.7790900468826294
2022-03-21 21:00:00+00:00,1.7782399654388428,1.7807300090789795,1.7778600454330444,1.7793300151824951
2022-03-21 22:00:00+00:00,1.7793300151824951,1.779729962348938,1.7776399850845337,1.7794500589370728
2022-03-21 23:00:00+00:00,1.7794899940490725,1.780750036239624,1.7786799669265747,1.7804399728775024
2022-03-22 00:00:00+00:00,1.7805299758911133,1.7809100151062012,1.778599977493286,1.7791399955749512
2022-03-22 01:00:00+00:00,1.7791399955749512,1.78193998336792,1.7784199714660645,1.78193998336792
2022-03-22 02:00:00+00:00,1.7818599939346311,1.781999945640564,1.7788900136947632,1.7798999547958374
2022-03-22 03:00:00+00:00,1.7799099683761597,1.780400037765503,1.7764999866485596,1.77715003490448
2022-03-22 04:00:00+00:00,1.7771999835968018,1.777500033378601,1.7744499444961548,1.7769999504089355
2022-03-22 05:00:00+00:00,1.7769900560379028,1.7792500257492063,1.7752799987792969,1.7758599519729614
2022-03-22 06:00:00+00:00,1.7758500576019287,1.7784099578857422,1.7756099700927734,1.7781800031661987
2022-03-22 07:00:00+00:00,1.7781699895858765,1.7794100046157837,1.776769995689392,1.77839994430542
2022-03-22 08:00:00+00:00,1.7784700393676758,1.7797900438308716,1.7765100002288818,1.778980016708374
2022-03-22 09:00:00+00:00,1.7790700197219849,1.7797900438308716,1.7771600484848022,1.777690052986145
2022-03-22 10:00:00+00:00,1.7776700258255005,1.779129981994629,1.776010036468506,1.7788100242614746
2022-03-22 11:00:00+00:00,1.7787799835205078,1.7808599472045898,1.7783600091934204,1.779780030250549
2022-03-22 12:00:00+00:00,1.779780030250549,1.7811299562454224,1.7778400182724,1.7789499759674072
2022-03-22 13:00:00+00:00,1.7789700031280518,1.7816699743270874,1.7777700424194336,1.7813199758529663
2022-03-22 14:00:00+00:00,1.7813400030136108,1.7821799516677856,1.7794500589370728,1.780940055847168
2022-03-22 15:00:00+00:00,1.7810100317001345,1.7831699848175049,1.779579997062683,1.7828799486160278
2022-03-22 16:00:00+00:00,1.7828600406646729,1.7832800149917605,1.7809100151062012,1.7812999486923218
2022-03-22 17:00:00+00:00,1.781309962272644,1.7817000150680542,1.777899980545044,1.778689980506897
2022-03-22 18:00:00+00:00,1.778689980506897,1.7794400453567505,1.7763299942016602,1.7769299745559692
2022-03-22 19:00:00+00:00,1.7769299745559692,1.7770600318908691,1.7750699520111084,1.7755099534988403
2022-03-22 20:00:00+00:00,1.775570034980774,1.7759499549865725,1.7744200229644775,1.7752699851989746
2022-03-22 21:00:00+00:00,1.7752799987792969,1.7766400575637815,1.773800015449524,1.776020050048828
2022-03-22 22:00:00+00:00,1.7760000228881836,1.7762900590896606,1.7736999988555908,1.7755800485610962
2022-03-22 23:00:00+00:00,1.775570034980774,1.7776600122451782,1.7742899656295776,1.777519941329956
2022-03-23 00:00:00+00:00,1.7776299715042114,1.7811700105667114,1.7768700122833252,1.7803000211715698
2022-03-23 01:00:00+00:00,1.7802400588989258,1.7816699743270874,1.7790299654006958,1.779710054397583
2022-03-23 02:00:00+00:00,1.779770016670227,1.7809200286865234,1.7771300077438354,1.7787699699401855
2022-03-23 03:00:00+00:00,1.7788100242614746,1.781599998474121,1.7784700393676758,1.781059980392456
2022-03-23 04:00:00+00:00,1.7814099788665771,1.7820500135421753,1.778689980506897,1.7804299592971802
2022-03-23 05:00:00+00:00,1.7804100513458252,1.7819199562072754,1.7799700498580933,1.780329942703247
2022-03-23 06:00:00+00:00,1.7803200483322144,1.7814500331878662,1.77878999710083,1.7793300151824951
2022-03-23 07:00:00+00:00,1.7793400287628174,1.7806299924850464,1.777359962463379,1.7775599956512451
2022-03-23 08:00:00+00:00,1.7775599956512451,1.777690052986145,1.7722899913787842,1.7725800275802612
2022-03-23 09:00:00+00:00,1.7725800275802612,1.7733700275421145,1.7683600187301636,1.7691199779510498
2022-03-23 10:00:00+00:00,1.7691099643707275,1.7700400352478027,1.7677600383758545,1.7685500383377075
2022-03-23 11:00:00+00:00,1.768630027770996,1.7690600156784058,1.765339970588684,1.7663899660110474
2022-03-23 12:00:00+00:00,1.766409993171692,1.7682199478149414,1.7651000022888184,1.7675100564956665
2022-03-23 13:00:00+00:00,1.7675600051879885,1.7695599794387815,1.766080021858215,1.7661499977111816
2022-03-23 14:00:00+00:00,1.766219973564148,1.7671200037002563,1.7624800205230713,1.7637100219726562
2022-03-23 15:00:00+00:00,1.763700008392334,1.7644100189208984,1.761080026626587,1.761989951133728
2022-03-23 16:00:00+00:00,1.7620699405670166,1.7632399797439575,1.760540008544922,1.76078999042511
2022-03-23 17:00:00+00:00,1.7608400583267212,1.7625800371170044,1.7603399753570557,1.7614500522613523
2022-03-23 18:00:00+00:00,1.7614599466323853,1.7618600130081177,1.7586899995803833,1.7591999769210815
2022-03-23 19:00:00+00:00,1.7591999769210815,1.76187002658844,1.7589800357818604,1.761379957199097
2022-03-23 20:00:00+00:00,1.7613999843597412,1.7615200281143188,1.7596100568771362,1.7607500553131104
2022-03-23 21:00:00+00:00,1.760759949684143,1.7620699405670166,1.7592400312423706,1.760640025138855
2022-03-23 22:00:00+00:00,1.7606899738311768,1.7637399435043335,1.7600599527359009,1.762779951095581
2022-03-23 23:00:00+00:00,1.762809991836548,1.763159990310669,1.7604899406433103,1.7610299587249756
2022-03-24 00:00:00+00:00,1.760890007019043,1.7636699676513672,1.7599300146102903,1.7613400220870972
2022-03-24 01:00:00+00:00,1.7613600492477417,1.7629200220108032,1.7588800191879272,1.760259985923767
2022-03-24 02:00:00+00:00,1.7602200508117676,1.7613099813461304,1.759060025215149,1.7612199783325195
2022-03-24 03:00:00+00:00,1.7611900568008425,1.7640600204467771,1.7606099843978882,1.763890027999878
2022-03-24 04:00:00+00:00,1.7638700008392334,1.7662800550460815,1.7620999813079834,1.7652499675750732
2022-03-24 05:00:00+00:00,1.7652599811553955,1.7653299570083618,1.7606199979782104,1.7615599632263184
2022-03-24 06:00:00+00:00,1.7616100311279297,1.7653700113296509,1.761379957199097,1.7643200159072876
2022-03-24 07:00:00+00:00,1.7643699645996094,1.7657400369644165,1.7624499797821045,1.7628400325775146
2022-03-24 08:00:00+00:00,1.7628400325775146,1.764299988746643,1.761240005493164,1.7618199586868286
2022-03-24 09:00:00+00:00,1.761780023574829,1.7630000114440918,1.7601399421691897,1.7614699602127075
2022-03-24 10:00:00+00:00,1.7614799737930298,1.7628799676895142,1.7602299451828003,1.7612099647521973
2022-03-24 11:00:00+00:00,1.7612299919128418,1.7630800008773804,1.76010000705719,1.7615400552749634
2022-03-24 12:00:00+00:00,1.761579990386963,1.7635400295257568,1.759960055351257,1.7613400220870972
2022-03-24 13:00:00+00:00,1.7613199949264526,1.7618900537490845,1.7572200298309326,1.7585099935531616
2022-03-24 14:00:00+00:00,1.7585099935531616,1.7585999965667725,1.7524800300598145,1.753159999847412
2022-03-24 15:00:00+00:00,1.7531499862670898,1.7576299905776978,1.752650022506714,1.7563300132751465
2022-03-24 16:00:00+00:00,1.7563400268554688,1.75872004032135,1.755370020866394,1.757789969444275
2022-03-24 17:00:00+00:00,1.7577500343322754,1.7582000494003296,1.7544499635696411,1.7544499635696411
2022-03-24 18:00:00+00:00,1.7548099756240845,1.755370020866394,1.7526400089263916,1.7547600269317627
2022-03-24 19:00:00+00:00,1.7548799514770508,1.7555500268936155,1.7542500495910645,1.7552800178527832
2022-03-24 20:00:00+00:00,1.75531005859375,1.7554199695587158,1.754040002822876,1.755079984664917
2022-03-24 21:00:00+00:00,1.7550699710845947,1.7563999891281128,1.7531800270080566,1.7547500133514404
2022-03-24 22:00:00+00:00,1.7545100450515747,1.7557599544525146,1.7537599802017212,1.7551599740982056
2022-03-24 23:00:00+00:00,1.7552000284194946,1.7567299604415894,1.7545499801635742,1.7566499710083008
2022-03-25 00:00:00+00:00,1.756780028343201,1.7578999996185305,1.7555400133132937,1.757599949836731
2022-03-25 01:00:00+00:00,1.7576899528503418,1.7577099800109863,1.755270004272461,1.7561099529266355
2022-03-25 02:00:00+00:00,1.7560800313949585,1.757789969444275,1.7549099922180176,1.7576299905776978
2022-03-25 03:00:00+00:00,1.7575900554656982,1.7576899528503418,1.7551000118255615,1.7559700012207031
2022-03-25 04:00:00+00:00,1.7559700012207031,1.7581100463867188,1.7554700374603271,1.7569600343704224
2022-03-25 05:00:00+00:00,1.7569500207901,1.7586400508880615,1.75600004196167,1.756369948387146
2022-03-25 06:00:00+00:00,1.7563600540161133,1.7565100193023682,1.752879977226257,1.7555299997329712
2022-03-25 07:00:00+00:00,1.755519986152649,1.759310007095337,1.7546099424362185,1.7563400268554688
2022-03-25 08:00:00+00:00,1.756350040435791,1.7576600313186646,1.753499984741211,1.7538000345230105
2022-03-25 09:00:00+00:00,1.7537200450897217,1.7557400465011597,1.752869963645935,1.7533799409866333
2022-03-25 10:00:00+00:00,1.7533400058746338,1.7555299997329712,1.7520099878311155,1.7554700374603271
2022-03-25 11:00:00+00:00,1.7554600238800049,1.756600022315979,1.7546600103378296,1.7564899921417236
2022-03-25 12:00:00+00:00,1.7565100193023682,1.7574800252914429,1.7544900178909302,1.7551900148391724
2022-03-25 13:00:00+00:00,1.7552800178527832,1.756250023841858,1.752560019493103,1.7557100057601929
2022-03-25 14:00:00+00:00,1.7558300495147705,1.7577199935913086,1.7547399997711182,1.7571699619293213
2022-03-25 15:00:00+00:00,1.757140040397644,1.759369969367981,1.754520058631897,1.7588399648666382
2022-03-25 16:00:00+00:00,1.7588399648666382,1.759269952774048,1.7540099620819092,1.754330039024353
2022-03-25 17:00:00+00:00,1.754330039024353,1.7556699514389038,1.7538100481033323,1.7553399801254272
2022-03-25 18:00:00+00:00,1.7555099725723269,1.7555500268936155,1.7523599863052368,1.7526700496673584
2022-03-25 19:00:00+00:00,1.7526700496673584,1.754979968070984,1.75246000289917,1.7526799440383911
2022-03-25 20:00:00+00:00,1.7527300119400024,1.754580020904541,1.7516900300979614,1.7534099817276
2022-03-25 21:00:00+00:00,1.7544399499893188,1.7555700540542605,1.7544399499893188,1.7555700540542605
2022-03-25 22:00:00+00:00,1.7556400299072266,1.7556400299072266,1.7556400299072266,1.7556400299072266
2022-03-28 00:00:00+01:00,1.752709984779358,1.7529900074005127,1.751270055770874,1.7522900104522705
2022-03-28 01:00:00+01:00,1.752269983291626,1.7536300420761108,1.750480055809021,1.7530399560928345
2022-03-28 02:00:00+01:00,1.753129959106445,1.754649996757507,1.751829981803894,1.7525700330734253
2022-03-28 03:00:00+01:00,1.752519965171814,1.7527400255203247,1.748890042304993,1.749459981918335
2022-03-28 04:00:00+01:00,1.7494800090789795,1.750499963760376,1.7473700046539309,1.7479100227355957
2022-03-28 05:00:00+01:00,1.7479000091552734,1.7482600212097168,1.7459700107574463,1.7475800514221191
2022-03-28 06:00:00+01:00,1.7475299835205078,1.7486399412155151,1.7457200288772583,1.7475600242614746
2022-03-28 07:00:00+01:00,1.7475500106811523,1.7504099607467651,1.7469799518585205,1.750300049781799
2022-03-28 08:00:00+01:00,1.7503199577331543,1.751099944114685,1.7453700304031372,1.7463699579238892
2022-03-28 09:00:00+01:00,1.7463899850845337,1.7481600046157837,1.7440999746322632,1.7480000257492063
2022-03-28 10:00:00+01:00,1.7480800151824951,1.748960018157959,1.7444000244140625,1.745319962501526
2022-03-28 11:00:00+01:00,1.745319962501526,1.7513999938964844,1.7446999549865725,1.7496000528335571
2022-03-28 12:00:00+01:00,1.7496000528335571,1.7498400211334229,1.7444700002670288,1.7460099458694458
2022-03-28 13:00:00+01:00,1.7460500001907349,1.7461700439453125,1.7427799701690674,1.7452499866485596
2022-03-28 14:00:00+01:00,1.745329976081848,1.7503399848937988,1.744989991188049,1.7497800588607788
2022-03-28 15:00:00+01:00,1.7497700452804563,1.751479983329773,1.7490099668502808,1.7496099472045898
2022-03-28 16:00:00+01:00,1.7496299743652344,1.750499963760376,1.7474199533462524,1.749109983444214
2022-03-28 17:00:00+01:00,1.749119997024536,1.7493900060653689,1.7464599609375,1.7467399835586548
2022-03-28 18:00:00+01:00,1.7467399835586548,1.74836003780365,1.746340036392212,1.747339963912964
2022-03-28 19:00:00+01:00,1.7473700046539309,1.747599959373474,1.7453999519348145,1.7461899518966677
2022-03-28 20:00:00+01:00,1.7462799549102783,1.7493799924850464,1.745710015296936,1.747089982032776
2022-03-28 21:00:00+01:00,1.74714994430542,1.7481800317764282,1.7459900379180908,1.7465900182724
2022-03-28 22:00:00+01:00,1.7465900182724,1.748579978942871,1.7457000017166138,1.747979998588562
2022-03-28 23:00:00+01:00,1.748110055923462,1.748710036277771,1.7466000318527222,1.7473299503326416
2022-03-29 00:00:00+01:00,1.7476199865341189,1.7477600574493408,1.7450599670410156,1.7471699714660645
2022-03-29 01:00:00+01:00,1.747230052947998,1.7507799863815308,1.7464900016784668,1.7497700452804563
2022-03-29 02:00:00+01:00,1.749899983406067,1.7509599924087524,1.7481399774551392,1.748810052871704
2022-03-29 03:00:00+01:00,1.7487800121307373,1.7499200105667114,1.7477400302886963,1.748829960823059
2022-03-29 04:00:00+01:00,1.7487200498580933,1.7514100074768066,1.748280048370361,1.7501499652862549
2022-03-29 05:00:00+01:00,1.7501499652862549,1.7504899501800537,1.7488499879837036,1.7499500513076782
2022-03-29 06:00:00+01:00,1.749959945678711,1.7502100467681885,1.7459800243377686,1.746649980545044
2022-03-29 07:00:00+01:00,1.7466599941253662,1.7481199502944946,1.743399977684021,1.744629979133606
2022-03-29 08:00:00+01:00,1.7446500062942505,1.746019959449768,1.7424099445343018,1.745319962501526
2022-03-29 09:00:00+01:00,1.7453399896621704,1.7482600212097168,1.7445800304412842,1.7454999685287476
2022-03-29 10:00:00+01:00,1.745460033416748,1.7472000122070312,1.743899941444397,1.7446199655532837
2022-03-29 11:00:00+01:00,1.744760036468506,1.7481600046157837,1.7442500591278076,1.7470200061798096
2022-03-29 12:00:00+01:00,1.747040033340454,1.751109957695007,1.7434500455856323,1.749269962310791
2022-03-29 13:00:00+01:00,1.7492899894714355,1.7619999647140503,1.748460054397583,1.7567600011825562
2022-03-29 14:00:00+01:00,1.756659984588623,1.7581700086593628,1.7530399560928345,1.753440022468567
2022-03-29 15:00:00+01:00,1.7533400058746338,1.754390001296997,1.7498899698257446,1.750749945640564
2022-03-29 16:00:00+01:00,1.750599980354309,1.75246000289917,1.7486200332641602,1.7490899562835691
2022-03-29 17:00:00+01:00,1.7492400407791138,1.7505099773406982,1.746150016784668,1.7474700212478638
2022-03-29 18:00:00+01:00,1.7473900318145752,1.7476199865341189,1.744189977645874,1.7452399730682373
2022-03-29 19:00:00+01:00,1.7453399896621704,1.7455999851226809,1.7419300079345703,1.7427599430084229
2022-03-29 20:00:00+01:00,1.7425700426101685,1.744230031967163,1.741860032081604,1.743280053138733
2022-03-29 21:00:00+01:00,1.7431600093841553,1.744189977645874,1.7422900199890137,1.7425800561904907
2022-03-29 22:00:00+01:00,1.7426999807357788,1.7447199821472168,1.7414599657058716,1.743399977684021
2022-03-29 23:00:00+01:00,1.7436100244522097,1.7441799640655518,1.740440011024475,1.7416900396347046
2022-03-30 00:00:00+01:00,1.7417000532150269,1.7428200244903564,1.740939974784851,1.7423399686813354
2022-03-30 01:00:00+01:00,1.7423499822616575,1.7449699640274048,1.7416499853134155,1.7439299821853638
2022-03-30 02:00:00+01:00,1.7439899444580078,1.7460399866104126,1.7425800561904907,1.7431800365447998
2022-03-30 03:00:00+01:00,1.7432899475097656,1.74521005153656,1.742169976234436,1.7446999549865725
2022-03-30 04:00:00+01:00,1.744760036468506,1.74576997756958,1.7426300048828125,1.74344003200531
2022-03-30 05:00:00+01:00,1.7434200048446655,1.7434899806976318,1.739799976348877,1.7409299612045288
2022-03-30 06:00:00+01:00,1.7409299612045288,1.7428900003433228,1.7395299673080444,1.7424099445343018
2022-03-30 07:00:00+01:00,1.742419958114624,1.7434899806976318,1.7405200004577637,1.7425600290298462
2022-03-30 08:00:00+01:00,1.742550015449524,1.7475700378417969,1.7407900094985962,1.746899962425232
2022-03-30 09:00:00+01:00,1.7468199729919434,1.7494200468063354,1.7453800439834597,1.748710036277771
2022-03-30 10:00:00+01:00,1.7488000392913818,1.7521699666976929,1.7475600242614746,1.7506799697875977
2022-03-30 11:00:00+01:00,1.75068998336792,1.7512999773025513,1.7449699640274048,1.7465900182724
2022-03-30 12:00:00+01:00,1.7465900182724,1.750349998474121,1.7451200485229492,1.7501800060272217
2022-03-30 13:00:00+01:00,1.750309944152832,1.7529200315475464,1.7486799955368042,1.7500799894332886
2022-03-30 14:00:00+01:00,1.7501200437545776,1.7523800134658811,1.7475299835205078,1.7516000270843506
2022-03-30 15:00:00+01:00,1.7516000270843506,1.7524199485778809,1.7488499879837036,1.7501699924468994
2022-03-30 16:00:00+01:00,1.7502000331878662,1.7532700300216677,1.7501300573349,1.751420021057129
2022-03-30 17:00:00+01:00,1.751479983329773,1.7519099712371826,1.7479499578475952,1.7486000061035156
2022-03-30 18:00:00+01:00,1.7486000061035156,1.749079942703247,1.747089982032776,1.747499942779541
2022-03-30 19:00:00+01:00,1.7475600242614746,1.749940037727356,1.7467999458312988,1.7497999668121338
2022-03-30 20:00:00+01:00,1.7498400211334229,1.7504899501800537,1.748289942741394,1.7488399744033811
2022-03-30 21:00:00+01:00,1.7488399744033811,1.7489900588989258,1.747789978981018,1.7485899925231934
2022-03-30 22:00:00+01:00,1.748289942741394,1.7490500211715698,1.7466599941253662,1.7483199834823608
2022-03-30 23:00:00+01:00,1.7483099699020386,1.75,1.747249960899353,1.7498699426651
2022-03-31 00:00:00+01:00,1.7499500513076782,1.752210021018982,1.749019980430603,1.75108003616333
2022-03-31 01:00:00+01:00,1.751139998435974,1.7514400482177734,1.7457599639892578,1.7495900392532349
2022-03-31 02:00:00+01:00,1.7496000528335571,1.7511500120162964,1.7487200498580933,1.7498899698257446
2022-03-31 03:00:00+01:00,1.7498699426651,1.749940037727356,1.748170018196106,1.748870015144348
2022-03-31 04:00:00+01:00,1.748870015144348,1.7527300119400024,1.748289942741394,1.7520699501037598
2022-03-31 05:00:00+01:00,1.752020001411438,1.7530499696731567,1.7511800527572632,1.7530100345611572
2022-03-31 06:00:00+01:00,1.753000020980835,1.7538100481033323,1.751479983329773,1.7537100315093994
2022-03-31 07:00:00+01:00,1.7538100481033323,1.7573399543762207,1.752910017967224,1.7564599514007568
2022-03-31 08:00:00+01:00,1.7564799785614014,1.758739948272705,1.754670023918152,1.7550499439239502
2022-03-31 09:00:00+01:00,1.7550499439239502,1.7574100494384766,1.7536300420761108,1.754830002784729
2022-03-31 10:00:00+01:00,1.7548400163650513,1.756659984588623,1.7512600421905518,1.7525999546051023
2022-03-31 11:00:00+01:00,1.752500057220459,1.753209948539734,1.7502599954605105,1.7516800165176392
2022-03-31 12:00:00+01:00,1.7517600059509275,1.7543699741363523,1.7515499591827393,1.7539900541305542
2022-03-31 13:00:00+01:00,1.7540099620819092,1.7543599605560305,1.7513699531555176,1.753440022468567
2022-03-31 14:00:00+01:00,1.7534500360488892,1.753640055656433,1.7486900091171265,1.7512600421905518
2022-03-31 15:00:00+01:00,1.751330018043518,1.7538199424743652,1.7499200105667114,1.7528200149536133
2022-03-31 16:00:00+01:00,1.7529699802398682,1.75478994846344,1.751579999923706,1.7538599967956543
2022-03-31 17:00:00+01:00,1.7538599967956543,1.754639983177185,1.7522399425506592,1.752650022506714
2022-03-31 18:00:00+01:00,1.752650022506714,1.7539499998092651,1.752020001411438,1.7528400421142578
2022-03-31 19:00:00+01:00,1.753000020980835,1.7550699710845947,1.7525999546051023,1.7540700435638428
2022-03-31 20:00:00+01:00,1.754080057144165,1.7556999921798706,1.753309965133667,1.7555500268936155
2022-03-31 21:00:00+01:00,1.7553399801254272,1.7564300298690796,1.754289984703064,1.7550899982452393
2022-03-31 22:00:00+01:00,1.7549699544906616,1.7573000192642212,1.7519400119781494,1.7547800540924072
2022-03-31 23:00:00+01:00,1.7545599937438965,1.75586998462677,1.7530200481414795,1.75518000125885
2022-04-01 00:00:00+01:00,1.7553499937057495,1.7554399967193604,1.7536200284957886,1.7545900344848633
2022-04-01 01:00:00+01:00,1.7545900344848633,1.756119966506958,1.753559947013855,1.7556899785995483
2022-04-01 02:00:00+01:00,1.7556500434875488,1.756410002708435,1.7540099620819092,1.7551499605178833
2022-04-01 03:00:00+01:00,1.7551499605178833,1.7557799816131592,1.7536699771881104,1.7555400133132937
2022-04-01 04:00:00+01:00,1.7556400299072266,1.7560700178146362,1.7538199424743652,1.7542699575424194
2022-04-01 05:00:00+01:00,1.7542699575424194,1.756440043449402,1.7537100315093994,1.7559800148010254
2022-04-01 06:00:00+01:00,1.7560299634933472,1.7576099634170532,1.75518000125885,1.756719946861267
2022-04-01 07:00:00+01:00,1.7566499710083008,1.7570899724960327,1.754580020904541,1.755010008811951
2022-04-01 08:00:00+01:00,1.755020022392273,1.7550599575042725,1.7498400211334229,1.7510700225830078
2022-04-01 09:00:00+01:00,1.7509700059890747,1.7511999607086182,1.745270013809204,1.7473299503326416
2022-04-01 10:00:00+01:00,1.7473100423812866,1.748280048370361,1.7456599473953247,1.7461999654769895
2022-04-01 11:00:00+01:00,1.7462400197982788,1.7501699924468994,1.7460399866104126,1.749210000038147
2022-04-01 12:00:00+01:00,1.7491799592971802,1.7496800422668457,1.7461199760437012,1.7461600303649902
2022-04-01 13:00:00+01:00,1.7461899518966677,1.747099995613098,1.7429800033569336,1.744979977607727
2022-04-01 14:00:00+01:00,1.7448300123214722,1.7463899850845337,1.7437700033187866,1.7456599473953247
2022-04-01 15:00:00+01:00,1.7455999851226809,1.7500499486923218,1.7448099851608276,1.7498799562454224
2022-04-01 16:00:00+01:00,1.749940037727356,1.7500799894332886,1.7475800514221191,1.7497700452804563
2022-04-01 17:00:00+01:00,1.7495900392532349,1.7508200407028198,1.7491300106048584,1.750100016593933
2022-04-01 18:00:00+01:00,1.7501800060272217,1.750789999961853,1.7476600408554075,1.7480499744415283
2022-04-01 19:00:00+01:00,1.7481800317764282,1.7486599683761597,1.747059941291809,1.7482500076293943
2022-04-01 20:00:00+01:00,1.7483899593353271,1.748669981956482,1.7470300197601318,1.7473700046539309
2022-04-01 21:00:00+01:00,1.747499942779541,1.7500900030136108,1.746399998664856,1.747480034828186
2022-04-01 22:00:00+01:00,1.748479962348938,1.748479962348938,1.748479962348938,1.748479962348938
2022-04-04 00:00:00+01:00,1.7497299909591677,1.7506799697875977,1.7486499547958374,1.7505600452423096
2022-04-04 01:00:00+01:00,1.7505600452423096,1.750939965248108,1.7484099864959717,1.7498600482940674
2022-04-04 02:00:00+01:00,1.7497700452804563,1.7500799894332886,1.7471100091934204,1.7473200559616089
2022-04-04 03:00:00+01:00,1.747349977493286,1.7474199533462524,1.745300054550171,1.7457400560379028
2022-04-04 04:00:00+01:00,1.7456899881362915,1.7468500137329102,1.7448300123214722,1.7451900243759155
2022-04-04 05:00:00+01:00,1.7451800107955933,1.7466399669647217,1.744770050048828,1.7465800046920776
2022-04-04 06:00:00+01:00,1.7465699911117554,1.7482500076293943,1.7453900575637815,1.746870040893555
2022-04-04 07:00:00+01:00,1.7468899488449097,1.747939944267273,1.745859980583191,1.746250033378601
2022-04-04 08:00:00+01:00,1.7463300228118896,1.7489800453186035,1.7449100017547607,1.7452800273895264
2022-04-04 09:00:00+01:00,1.745350003242493,1.7470099925994873,1.7437200546264648,1.7452900409698486
2022-04-04 10:00:00+01:00,1.7452499866485596,1.7470699548721311,1.7445499897003174,1.7452199459075928
2022-04-04 11:00:00+01:00,1.7452199459075928,1.7465399503707886,1.7436699867248535,1.7443699836730957
2022-04-04 12:00:00+01:00,1.744379997253418,1.745579957962036,1.7436800003051758,1.7444700002670288
2022-04-04 13:00:00+01:00,1.7443699836730957,1.7468500137329102,1.743280053138733,1.7436599731445312
2022-04-04 14:00:00+01:00,1.7437000274658203,1.74481999874115,1.7421799898147583,1.7442400455474854
2022-04-04 15:00:00+01:00,1.7442500591278076,1.7457400560379028,1.7382500171661377,1.7386499643325806
2022-04-04 16:00:00+01:00,1.7386300563812256,1.739259958267212,1.7358800172805786,1.7374500036239624
2022-04-04 17:00:00+01:00,1.7374500036239624,1.738019943237305,1.736299991607666,1.7376600503921509
2022-04-04 18:00:00+01:00,1.7378100156784058,1.7379499673843384,1.7364799976348877,1.7369799613952637
2022-04-04 19:00:00+01:00,1.7369799613952637,1.7382899522781372,1.7365200519561768,1.737429976463318
2022-04-04 20:00:00+01:00,1.7373499870300293,1.7391200065612793,1.7364200353622437,1.7383500337600708
2022-04-04 21:00:00+01:00,1.7384799718856812,1.7387900352478027,1.73743999004364,1.7383999824523926
2022-04-04 22:00:00+01:00,1.7380499839782717,1.7390600442886353,1.7368899583816528,1.7385300397872925
2022-04-04 23:00:00+01:00,1.7382899522781372,1.738919973373413,1.737130045890808,1.738319993019104
2022-04-05 00:00:00+01:00,1.7385400533676147,1.738860011100769,1.7370400428771973,1.7381900548934937
2022-04-05 01:00:00+01:00,1.738219976425171,1.739549994468689,1.736899971961975,1.7382299900054932
2022-04-05 02:00:00+01:00,1.7382700443267822,1.7404099702835083,1.7379200458526611,1.739959955215454
2022-04-05 03:00:00+01:00,1.739989995956421,1.7401000261306765,1.7389400005340576,1.7395600080490112
2022-04-05 04:00:00+01:00,1.7396199703216553,1.7400000095367432,1.738610029220581,1.739490032196045
2022-04-05 05:00:00+01:00,1.7394200563430786,1.7397199869155884,1.7251800298690796,1.726580023765564
2022-04-05 06:00:00+01:00,1.7265900373458862,1.7273499965667725,1.7237099409103394,1.7244700193405151
2022-04-05 07:00:00+01:00,1.7244700193405151,1.725250005722046,1.722219944000244,1.7230299711227417
2022-04-05 08:00:00+01:00,1.7230499982833862,1.723829984664917,1.7193200588226318,1.7200900316238403
2022-04-05 09:00:00+01:00,1.720080018043518,1.7215499877929688,1.7173199653625488,1.7174899578094482
2022-04-05 10:00:00+01:00,1.7175500392913818,1.721959948539734,1.7171200513839722,1.7211099863052368
2022-04-05 11:00:00+01:00,1.7211400270462036,1.7230199575424194,1.7202600240707395,1.7210500240325928
2022-04-05 12:00:00+01:00,1.721060037612915,1.722059965133667,1.7189300060272217,1.720229983329773
2022-04-05 13:00:00+01:00,1.720289945602417,1.7221399545669556,1.7197500467300415,1.7203099727630615
2022-04-05 14:00:00+01:00,1.7202399969100952,1.7213499546051023,1.7190200090408323,1.719670057296753
2022-04-05 15:00:00+01:00,1.719630002975464,1.7245399951934814,1.718119978904724,1.7223600149154663
2022-04-05 16:00:00+01:00,1.7223600149154663,1.7260600328445437,1.7209500074386597,1.7246700525283811
2022-04-05 17:00:00+01:00,1.7247099876403809,1.7264399528503418,1.723389983177185,1.723620057106018
2022-04-05 18:00:00+01:00,1.7236900329589844,1.7239999771118164,1.7217700481414795,1.7229299545288086
2022-04-05 19:00:00+01:00,1.7229000329971311,1.7237900495529177,1.7215399742126465,1.7223299741744995
2022-04-05 20:00:00+01:00,1.7223399877548218,1.7258299589157104,1.7220900058746338,1.725600004196167
2022-04-05 21:00:00+01:00,1.7255899906158447,1.7259700298309326,1.7235599756240845,1.7242499589920044
2022-04-05 22:00:00+01:00,1.7237499952316284,1.7262400388717651,1.7226699590682983,1.7249499559402466
2022-04-05 23:00:00+01:00,1.7250299453735352,1.7252700328826904,1.723399996757507,1.7245800495147705
2022-04-06 00:00:00+01:00,1.7245999574661257,1.7248799800872805,1.722790002822876,1.723829984664917
2022-04-06 01:00:00+01:00,1.7238800525665283,1.7239500284194946,1.7213000059127808,1.723760008811951
2022-04-06 02:00:00+01:00,1.723770022392273,1.7276099920272827,1.7229000329971311,1.727300047874451
2022-04-06 03:00:00+01:00,1.7273499965667725,1.7274500131607056,1.725059986114502,1.7272499799728394
2022-04-06 04:00:00+01:00,1.7273399829864502,1.7277100086212158,1.7256799936294556,1.7261600494384766
2022-04-06 05:00:00+01:00,1.7261199951171875,1.7261899709701538,1.7242499589920044,1.7249000072479248
2022-04-06 06:00:00+01:00,1.724910020828247,1.7254400253295898,1.7235499620437622,1.7251299619674685
2022-04-06 07:00:00+01:00,1.7251299619674685,1.7252899408340454,1.7216399908065796,1.7221399545669556
2022-04-06 08:00:00+01:00,1.7221499681472778,1.7242799997329712,1.7201600074768066,1.724009990692139
2022-04-06 09:00:00+01:00,1.7240699529647827,1.727869987487793,1.7235900163650513,1.7273800373077393
2022-04-06 10:00:00+01:00,1.7273800373077393,1.728790044784546,1.7262099981307983,1.726889967918396
2022-04-06 11:00:00+01:00,1.7268099784851074,1.729550004005432,1.7259900569915771,1.7280000448226929
2022-04-06 12:00:00+01:00,1.7280499935150146,1.7288700342178345,1.727139949798584,1.728219985961914
2022-04-06 13:00:00+01:00,1.7282700538635254,1.7307000160217283,1.7269200086593628,1.73062002658844
2022-04-06 14:00:00+01:00,1.7305899858474731,1.7308199405670166,1.7279000282287598,1.7305899858474731
2022-04-06 15:00:00+01:00,1.7306100130081177,1.7373900413513184,1.728909969329834,1.7369099855422974
2022-04-06 16:00:00+01:00,1.7369099855422974,1.7372699975967407,1.7335599660873413,1.7343000173568726
2022-04-06 17:00:00+01:00,1.7343000173568726,1.7375600337982178,1.7337299585342407,1.7360399961471558
2022-04-06 18:00:00+01:00,1.736009955406189,1.7378499507904053,1.7356200218200684,1.7372499704360962
2022-04-06 19:00:00+01:00,1.737220048904419,1.7437299489974976,1.7334699630737305,1.7402900457382202
2022-04-06 20:00:00+01:00,1.7402399778366089,1.7412099838256836,1.7391799688339231,1.7409299612045288
2022-04-06 21:00:00+01:00,1.740880012512207,1.7411799430847168,1.7367600202560425,1.7395199537277222
2022-04-06 22:00:00+01:00,1.73743999004364,1.740779995918274,1.7367600202560425,1.7382999658584597
2022-04-06 23:00:00+01:00,1.739590048789978,1.7400799989700315,1.7379100322723389,1.738569974899292
2022-04-07 00:00:00+01:00,1.7388299703598022,1.7417000532150269,1.7377599477767944,1.7413699626922607
2022-04-07 01:00:00+01:00,1.741479992866516,1.7428900003433228,1.7398099899291992,1.7419400215148926
2022-04-07 02:00:00+01:00,1.7418999671936035,1.7451599836349487,1.740839958190918,1.7450900077819824
2022-04-07 03:00:00+01:00,1.7451200485229492,1.7475199699401855,1.7446000576019287,1.7469099760055542
2022-04-07 04:00:00+01:00,1.7468199729919434,1.7484400272369385,1.7460500001907349,1.7483899593353271
2022-04-07 05:00:00+01:00,1.7483799457550049,1.749619960784912,1.7479900121688845,1.749119997024536
2022-04-07 06:00:00+01:00,1.7491300106048584,1.7499699592590332,1.7475700378417969,1.748729944229126
2022-04-07 07:00:00+01:00,1.7486399412155151,1.749060034751892,1.7464599609375,1.7485699653625488
2022-04-07 08:00:00+01:00,1.7485599517822266,1.7511199712753296,1.7481199502944946,1.7485500574111938
2022-04-07 09:00:00+01:00,1.7484999895095823,1.750440001487732,1.7478899955749512,1.7484099864959717
2022-04-07 10:00:00+01:00,1.7484099864959717,1.7493400573730469,1.746649980545044,1.7487399578094482
2022-04-07 11:00:00+01:00,1.7487499713897705,1.7497400045394895,1.7471699714660645,1.7477500438690186
2022-04-07 12:00:00+01:00,1.747849941253662,1.7500699758529663,1.7471100091934204,1.7476500272750854
2022-04-07 13:00:00+01:00,1.7477400302886963,1.7491300106048584,1.7458300590515137,1.7474700212478638
2022-04-07 14:00:00+01:00,1.7474700212478638,1.7486900091171265,1.7458200454711914,1.7461600303649902
2022-04-07 15:00:00+01:00,1.746269941329956,1.74836003780365,1.7452000379562378,1.747849941253662
2022-04-07 16:00:00+01:00,1.747849941253662,1.749079942703247,1.7470799684524536,1.7478300333023071
2022-04-07 17:00:00+01:00,1.747879981994629,1.748520016670227,1.7464699745178225,1.747499942779541
2022-04-07 18:00:00+01:00,1.747499942779541,1.7484099864959717,1.746649980545044,1.7472000122070312
2022-04-07 19:00:00+01:00,1.7472000122070312,1.7479499578475952,1.7456200122833252,1.746840000152588
2022-04-07 20:00:00+01:00,1.746840000152588,1.7485100030899048,1.7461999654769895,1.748329997062683
2022-04-07 21:00:00+01:00,1.7482999563217163,1.7484400272369385,1.7472699880599976,1.7479300498962402
2022-04-07 22:00:00+01:00,1.7474100589752195,1.7486499547958374,1.74590003490448,1.747499942779541
2022-04-07 23:00:00+01:00,1.747480034828186,1.7483700513839722,1.7468899488449097,1.7474000453948977
2022-04-08 00:00:00+01:00,1.7474100589752195,1.7480499744415283,1.7461800575256348,1.7474700212478638
2022-04-08 01:00:00+01:00,1.7475099563598633,1.748289942741394,1.7457300424575806,1.74753999710083
2022-04-08 02:00:00+01:00,1.7475700378417969,1.7488800287246704,1.746649980545044,1.747130036354065
2022-04-08 03:00:00+01:00,1.7471400499343872,1.748579978942871,1.7462400197982788,1.746840000152588
2022-04-08 04:00:00+01:00,1.7468299865722656,1.7481800317764282,1.7462999820709229,1.747849941253662
2022-04-08 05:00:00+01:00,1.7478599548339844,1.748129963874817,1.7458200454711914,1.746510028839111
2022-04-08 06:00:00+01:00,1.7465399503707886,1.747189998626709,1.7442699670791626,1.746709942817688
2022-04-08 07:00:00+01:00,1.7467399835586548,1.7480599880218506,1.7431299686431885,1.743340015411377
2022-04-08 08:00:00+01:00,1.7433799505233765,1.7479300498962402,1.7431199550628662,1.7478400468826294
2022-04-08 09:00:00+01:00,1.7476999759674072,1.7489900588989258,1.7468299865722656,1.747599959373474
2022-04-08 10:00:00+01:00,1.7476199865341189,1.749400019645691,1.746250033378601,1.748900055885315
2022-04-08 11:00:00+01:00,1.748890042304993,1.7490500211715698,1.7458399534225464,1.7463500499725342
2022-04-08 12:00:00+01:00,1.7463500499725342,1.7469199895858765,1.743880033493042,1.7467000484466553
2022-04-08 13:00:00+01:00,1.7466599941253662,1.7482199668884275,1.7438900470733645,1.7480000257492063
2022-04-08 14:00:00+01:00,1.7479499578475952,1.7496800422668457,1.747059941291809,1.7480900287628174
2022-04-08 15:00:00+01:00,1.7479699850082395,1.7489299774169922,1.745110034942627,1.74576997756958
2022-04-08 16:00:00+01:00,1.7456799745559692,1.7475099563598633,1.7449500560760498,1.746880054473877
2022-04-08 17:00:00+01:00,1.7468899488449097,1.7471599578857422,1.7458699941635132,1.746690034866333
2022-04-08 18:00:00+01:00,1.7467000484466553,1.747979998588562,1.7460700273513794,1.7470200061798096
2022-04-08 19:00:00+01:00,1.7470300197601318,1.7483799457550049,1.7464599609375,1.7476099729537964
2022-04-08 20:00:00+01:00,1.7477099895477295,1.7483099699020386,1.7469199895858765,1.7475099563598633
2022-04-08 21:00:00+01:00,1.7475600242614746,1.749519944190979,1.7452000379562378,1.7464799880981443
2022-04-08 22:00:00+01:00,1.7478699684143066,1.7478699684143066,1.7478699684143066,1.7478699684143066
2022-04-11 00:00:00+01:00,1.7473100423812866,1.7502599954605105,1.746940016746521,1.7498199939727783
2022-04-11 01:00:00+01:00,1.7499799728393557,1.751170039176941,1.7484899759292605,1.7501100301742554
2022-04-11 02:00:00+01:00,1.7501699924468994,1.7537200450897217,1.7487000226974487,1.753290057182312
2022-04-11 03:00:00+01:00,1.7532000541687012,1.7540299892425537,1.7499099969863892,1.7503399848937988
2022-04-11 04:00:00+01:00,1.750349998474121,1.7504299879074097,1.7483700513839722,1.7499899864196775
2022-04-11 05:00:00+01:00,1.7499899864196775,1.7499899864196775,1.7475199699401855,1.7478699684143066
2022-04-11 06:00:00+01:00,1.747849941253662,1.7486799955368042,1.7466399669647217,1.7484400272369385
2022-04-11 07:00:00+01:00,1.7484400272369385,1.7494900226593018,1.746870040893555,1.7490899562835691
2022-04-11 08:00:00+01:00,1.7490999698638916,1.7518500089645386,1.749019980430603,1.751670002937317
2022-04-11 09:00:00+01:00,1.7515499591827393,1.7530499696731567,1.7498400211334229,1.7528400421142578
2022-04-11 10:00:00+01:00,1.7528300285339355,1.7530800104141235,1.7502700090408323,1.7511199712753296
2022-04-11 11:00:00+01:00,1.751129984855652,1.7516499757766724,1.7491899728775024,1.751189947128296
2022-04-11 12:00:00+01:00,1.751109957695007,1.7516200542449951,1.748289942741394,1.7501499652862549
2022-04-11 13:00:00+01:00,1.7501599788665771,1.7531399726867676,1.7497199773788452,1.752619981765747
2022-04-11 14:00:00+01:00,1.7526099681854248,1.7551699876785278,1.7510099411010742,1.7546299695968628
2022-04-11 15:00:00+01:00,1.754639983177185,1.7568999528884888,1.7533199787139893,1.7553000450134275
2022-04-11 16:00:00+01:00,1.7553000450134275,1.756700038909912,1.7543400526046753,1.7562799453735352
2022-04-11 17:00:00+01:00,1.7562600374221802,1.7568000555038452,1.7551699876785278,1.7556699514389038
2022-04-11 18:00:00+01:00,1.7557300329208374,1.7566800117492676,1.754649996757507,1.7557400465011597
2022-04-11 19:00:00+01:00,1.7558200359344482,1.7563400268554688,1.7541699409484863,1.7542599439620972
2022-04-11 20:00:00+01:00,1.7542099952697754,1.756160020828247,1.7533999681472778,1.7555899620056152
2022-04-11 21:00:00+01:00,1.7556500434875488,1.7566200494766235,1.7550599575042725,1.7563300132751465
2022-04-11 22:00:00+01:00,1.7561099529266355,1.7571099996566772,1.7518500089645386,1.75586998462677
2022-04-11 23:00:00+01:00,1.75586998462677,1.7562199831008911,1.7545599937438965,1.7553000450134275
2022-04-12 00:00:00+01:00,1.7551100254058838,1.756890058517456,1.7547500133514404,1.7562700510025024
2022-04-12 01:00:00+01:00,1.7562999725341797,1.7581299543380735,1.7555299997329712,1.7573800086975098
2022-04-12 02:00:00+01:00,1.7574399709701538,1.7580499649047852,1.7546299695968628,1.75586998462677
2022-04-12 03:00:00+01:00,1.7557599544525146,1.75586998462677,1.753559947013855,1.7540199756622314
2022-04-12 04:00:00+01:00,1.754040002822876,1.7544000148773191,1.7529499530792236,1.7542200088500977
2022-04-12 05:00:00+01:00,1.7542200088500977,1.7547500133514404,1.7530900239944458,1.7538199424743652
2022-04-12 06:00:00+01:00,1.7538700103759766,1.7542699575424194,1.7510499954223633,1.7523499727249146
2022-04-12 07:00:00+01:00,1.75232994556427,1.752910017967224,1.7493400573730469,1.7513400316238403
2022-04-12 08:00:00+01:00,1.751330018043518,1.7524499893188477,1.749809980392456,1.750499963760376
2022-04-12 09:00:00+01:00,1.7504899501800537,1.7509700059890747,1.7491799592971802,1.7499899864196775
2022-04-12 10:00:00+01:00,1.7499699592590332,1.751479983329773,1.7484500408172607,1.7502100467681885
2022-04-12 11:00:00+01:00,1.7502100467681885,1.750920057296753,1.7478599548339844,1.7502000331878662
2022-04-12 12:00:00+01:00,1.7501800060272217,1.751420021057129,1.7485899925231934,1.749060034751892
2022-04-12 13:00:00+01:00,1.749079942703247,1.7502800226211548,1.7432399988174438,1.7445900440216064
2022-04-12 14:00:00+01:00,1.7446500062942505,1.7467399835586548,1.744320034980774,1.745350003242493
2022-04-12 15:00:00+01:00,1.745319962501526,1.74576997756958,1.7411199808120728,1.7422900199890137
2022-04-12 16:00:00+01:00,1.7422800064086914,1.7428799867630005,1.739609956741333,1.7414400577545166
2022-04-12 17:00:00+01:00,1.741449952125549,1.743559956550598,1.7411400079727173,1.7417000532150269
2022-04-12 18:00:00+01:00,1.7417099475860596,1.7426600456237793,1.7406799793243408,1.7422200441360474
2022-04-12 19:00:00+01:00,1.7421300411224363,1.743749976158142,1.741129994392395,1.7429200410842896
2022-04-12 20:00:00+01:00,1.7430499792099,1.7449100017547607,1.74235999584198,1.7438000440597534
2022-04-12 21:00:00+01:00,1.7438000440597534,1.744570016860962,1.742110013961792,1.7423299551010132
2022-04-12 22:00:00+01:00,1.743299961090088,1.7449699640274048,1.7413400411605835,1.7441999912261963
2022-04-12 23:00:00+01:00,1.7440099716186523,1.7441600561141968,1.741979956626892,1.7433600425720217
2022-04-13 00:00:00+01:00,1.7434699535369873,1.7443699836730957,1.7424499988555908,1.744189977645874
2022-04-13 01:00:00+01:00,1.7442599534988403,1.7454099655151367,1.743499994277954,1.7450799942016602
2022-04-13 02:00:00+01:00,1.745069980621338,1.745419979095459,1.741529941558838,1.7421400547027588
2022-04-13 03:00:00+01:00,1.7419699430465698,1.7429300546646118,1.7402700185775757,1.7415800094604492
2022-04-13 04:00:00+01:00,1.741569995880127,1.7440500259399414,1.7410800457000732,1.7430700063705444
2022-04-13 05:00:00+01:00,1.7430200576782229,1.7466399669647217,1.7427200078964231,1.7456599473953247
2022-04-13 06:00:00+01:00,1.7457300424575806,1.746880054473877,1.744320034980774,1.745609998703003
2022-04-13 07:00:00+01:00,1.7457799911499023,1.7487200498580933,1.7456300258636477,1.747230052947998
2022-04-13 08:00:00+01:00,1.747230052947998,1.747499942779541,1.7456799745559692,1.7466000318527222
2022-04-13 09:00:00+01:00,1.7466399669647217,1.7519999742507937,1.7462600469589231,1.7510700225830078
2022-04-13 10:00:00+01:00,1.751099944114685,1.752869963645935,1.7494200468063354,1.7523800134658811
2022-04-13 11:00:00+01:00,1.7524299621582031,1.753190040588379,1.7512600421905518,1.7519700527191162
2022-04-13 12:00:00+01:00,1.7519700527191162,1.7540099620819092,1.7511999607086182,1.7529799938201904
2022-04-13 13:00:00+01:00,1.753000020980835,1.7556899785995483,1.7524499893188477,1.75409996509552
2022-04-13 14:00:00+01:00,1.7540899515151978,1.7579200267791748,1.7538100481033323,1.7559399604797363
2022-04-13 15:00:00+01:00,1.7559200525283811,1.7596999406814575,1.7551000118255615,1.7590099573135376
2022-04-13 16:00:00+01:00,1.7590099573135376,1.7602499723434448,1.757390022277832,1.7594799995422363
2022-04-13 17:00:00+01:00,1.7594399452209473,1.7602699995040894,1.7586300373077393,1.7596800327301023
2022-04-13 18:00:00+01:00,1.7597399950027466,1.7604299783706665,1.7591700553894043,1.7595100402832031
2022-04-13 19:00:00+01:00,1.7595000267028809,1.7609000205993652,1.7590800523757937,1.7605799436569214
2022-04-13 20:00:00+01:00,1.7606600522994995,1.761019945144653,1.7591300010681152,1.7604700326919556
2022-04-13 21:00:00+01:00,1.7604700326919556,1.760990023612976,1.7591099739074707,1.7598199844360352
2022-04-13 22:00:00+01:00,1.7597099542617798,1.7603000402450562,1.7563999891281128,1.75941002368927
2022-04-13 23:00:00+01:00,1.759619951248169,1.7607100009918213,1.7586699724197388,1.7603100538253784
2022-04-14 00:00:00+01:00,1.760540008544922,1.7614500522613523,1.7595900297164917,1.760640025138855
2022-04-14 01:00:00+01:00,1.7606799602508545,1.760830044746399,1.7571500539779663,1.759179949760437
2022-04-14 02:00:00+01:00,1.759179949760437,1.7630599737167358,1.7571699619293213,1.7615000009536743
2022-04-14 03:00:00+01:00,1.761489987373352,1.762619972229004,1.7595000267028809,1.7600300312042236
2022-04-14 04:00:00+01:00,1.7601300477981567,1.761330008506775,1.7587499618530271,1.760800004005432
2022-04-14 05:00:00+01:00,1.7609000205993652,1.7623300552368164,1.7606699466705322,1.7614400386810305
2022-04-14 06:00:00+01:00,1.7614099979400637,1.7618900537490845,1.760409951210022,1.761039972305298
2022-04-14 07:00:00+01:00,1.761080026626587,1.7623300552368164,1.759559988975525,1.7620400190353394
2022-04-14 08:00:00+01:00,1.7620899677276611,1.7642600536346436,1.7613699436187744,1.763659954071045
2022-04-14 09:00:00+01:00,1.7637399435043335,1.764799952507019,1.7626299858093262,1.7632100582122805
2022-04-14 10:00:00+01:00,1.763159990310669,1.7646600008010864,1.7625199556350708,1.762869954109192
2022-04-14 11:00:00+01:00,1.7628300189971924,1.765169978141785,1.7624800205230713,1.76514995098114
2022-04-14 12:00:00+01:00,1.765089988708496,1.766409993171692,1.7619099617004397,1.763149976730347
2022-04-14 13:00:00+01:00,1.7631200551986694,1.7636200189590454,1.7609100341796875,1.761579990386963
2022-04-14 14:00:00+01:00,1.7615100145339966,1.7619999647140503,1.757349967956543,1.7579100131988523
2022-04-14 15:00:00+01:00,1.7578599452972412,1.7610599994659424,1.756309986114502,1.759909987449646
2022-04-14 16:00:00+01:00,1.7599300146102903,1.763659954071045,1.7588800191879272,1.7625999450683594
2022-04-14 17:00:00+01:00,1.762619972229004,1.763159990310669,1.7611299753189087,1.7613099813461304
2022-04-14 18:00:00+01:00,1.761299967765808,1.762320041656494,1.760450005531311,1.7615200281143188
2022-04-14 19:00:00+01:00,1.7618299722671509,1.763800024986267,1.76118004322052,1.7632900476455688
2022-04-14 20:00:00+01:00,1.7632900476455688,1.7635999917984009,1.7620500326156616,1.7632399797439575
2022-04-14 21:00:00+01:00,1.7632399797439575,1.7641600370407104,1.7602499723434448,1.760759949684143
2022-04-14 22:00:00+01:00,1.7606500387191772,1.7636799812316897,1.7593200206756592,1.7622699737548828
2022-04-14 23:00:00+01:00,1.762369990348816,1.7641600370407104,1.7600500583648682,1.7622499465942385
2022-04-15 00:00:00+01:00,1.7621599435806274,1.7647700309753418,1.7602699995040894,1.76282000541687
2022-04-15 01:00:00+01:00,1.7632299661636353,1.7643200159072876,1.760640025138855,1.7631900310516355
2022-04-15 02:00:00+01:00,1.7629400491714478,1.7639700174331665,1.7612099647521973,1.7632399797439575
2022-04-15 03:00:00+01:00,1.7632800340652466,1.764919996261597,1.761970043182373,1.7646199464797974
2022-04-15 04:00:00+01:00,1.764490008354187,1.76528000831604,1.7626999616622925,1.7639000415802002
2022-04-15 05:00:00+01:00,1.7645100355148315,1.7654000520706177,1.763319969177246,1.7649099826812744
2022-04-15 06:00:00+01:00,1.7643799781799316,1.7658900022506714,1.762850046157837,1.7648500204086304
2022-04-15 07:00:00+01:00,1.764870047569275,1.765220046043396,1.7614699602127075,1.7629499435424805
2022-04-15 08:00:00+01:00,1.7627400159835815,1.7660000324249268,1.7621699571609497,1.7655999660491943
2022-04-15 09:00:00+01:00,1.7654999494552612,1.7659900188446045,1.7599999904632568,1.7626899480819702
2022-04-15 10:00:00+01:00,1.7626099586486816,1.76433002948761,1.7616100311279297,1.7633399963378906
2022-04-15 11:00:00+01:00,1.7633099555969238,1.7646000385284424,1.762320041656494,1.7639399766921997
2022-04-15 12:00:00+01:00,1.7639399766921997,1.7652000188827517,1.762910008430481,1.7640299797058103
2022-04-15 13:00:00+01:00,1.764080047607422,1.764989972114563,1.763010025024414,1.76419997215271
2022-04-15 14:00:00+01:00,1.7642099857330322,1.765679955482483,1.763159990310669,1.7651900053024292
2022-04-15 15:00:00+01:00,1.7653499841690063,1.765679955482483,1.7630499601364136,1.7644799947738647
2022-04-15 16:00:00+01:00,1.7644799947738647,1.7666399478912354,1.763069987297058,1.766260027885437
2022-04-15 17:00:00+01:00,1.7654199600219729,1.7670899629592896,1.7632800340652466,1.7662299871444702
2022-04-15 18:00:00+01:00,1.7661800384521484,1.7670400142669678,1.7650699615478516,1.7661499977111816
2022-04-15 19:00:00+01:00,1.766129970550537,1.7672100067138672,1.7653199434280396,1.7664599418640137
2022-04-15 20:00:00+01:00,1.7664899826049805,1.7670400142669678,1.7648500204086304,1.7659300565719604
2022-04-15 21:00:00+01:00,1.766160011291504,1.7672699689865112,1.7632299661636353,1.7653199434280396
2022-04-15 22:00:00+01:00,1.7652900218963623,1.7652900218963623,1.7652900218963623,1.7652900218963623
2022-04-18 00:00:00+01:00,1.7644000053405762,1.7659399509429932,1.7641299962997437,1.765120029449463
2022-04-18 01:00:00+01:00,1.7651400566101074,1.7661499977111816,1.7644399404525757,1.766029953956604
2022-04-18 02:00:00+01:00,1.76610004901886,1.7672300338745115,1.7653800249099731,1.7668999433517456
2022-04-18 03:00:00+01:00,1.766909956932068,1.76842999458313,1.765660047531128,1.7683600187301636
2022-04-18 04:00:00+01:00,1.7683600187301636,1.7706700563430786,1.767930030822754,1.770300030708313
2022-04-18 05:00:00+01:00,1.7703100442886353,1.7711399793624878,1.7691199779510498,1.7704999446868896
2022-04-18 06:00:00+01:00,1.7705800533294678,1.77197003364563,1.7698800563812256,1.7709100246429443
2022-04-18 07:00:00+01:00,1.7709499597549438,1.7713700532913208,1.768460035324097,1.7688000202178955
2022-04-18 08:00:00+01:00,1.7688599824905396,1.769219994544983,1.7653800249099731,1.765679955482483
2022-04-18 09:00:00+01:00,1.7656400203704834,1.7678099870681765,1.765429973602295,1.767259955406189
2022-04-18 10:00:00+01:00,1.7672200202941897,1.7676199674606323,1.765820026397705,1.7664999961853027
2022-04-18 11:00:00+01:00,1.7664599418640137,1.7684099674224854,1.7658699750900269,1.7677799463272097
2022-04-18 12:00:00+01:00,1.7676500082015991,1.769760012626648,1.7672300338745115,1.7695900201797483
2022-04-18 13:00:00+01:00,1.7696000337600708,1.7703399658203125,1.7677600383758545,1.7683600187301636
2022-04-18 14:00:00+01:00,1.768380045890808,1.769279956817627,1.766800045967102,1.7681900262832642
2022-04-18 15:00:00+01:00,1.7682100534439087,1.769870042800903,1.7670799493789673,1.7695000171661377
2022-04-18 16:00:00+01:00,1.7694900035858154,1.770990014076233,1.7686599493026731,1.770419955253601
2022-04-18 17:00:00+01:00,1.7703900337219238,1.7705800533294678,1.7689199447631836,1.7695900201797483
2022-04-18 18:00:00+01:00,1.7695300579071045,1.770679950714111,1.7688499689102173,1.769189953804016
2022-04-18 19:00:00+01:00,1.769269943237305,1.7701900005340576,1.7686599493026731,1.7698999643325806
2022-04-18 20:00:00+01:00,1.7699799537658691,1.7710200548171997,1.7692300081253052,1.770210027694702
2022-04-18 21:00:00+01:00,1.7701799869537354,1.7729500532150269,1.768970012664795,1.770799994468689
2022-04-18 22:00:00+01:00,1.7707799673080444,1.771589994430542,1.76842999458313,1.769129991531372
2022-04-18 23:00:00+01:00,1.7691700458526611,1.7700999975204468,1.7675199508666992,1.7678300142288208
2022-04-19 00:00:00+01:00,1.767490029335022,1.7689100503921509,1.7670199871063232,1.7678899765014648
2022-04-19 01:00:00+01:00,1.7679799795150757,1.768779993057251,1.7658599615097046,1.7682600021362305
2022-04-19 02:00:00+01:00,1.7683000564575195,1.7690500020980835,1.766080021858215,1.7673100233078003
2022-04-19 03:00:00+01:00,1.7672499418258667,1.768630027770996,1.7656400203704834,1.766010046005249
2022-04-19 04:00:00+01:00,1.7660200595855713,1.766219973564148,1.763990044593811,1.7654399871826172
2022-04-19 05:00:00+01:00,1.7654500007629397,1.7657599449157717,1.7620199918746948,1.762809991836548
2022-04-19 06:00:00+01:00,1.762760043144226,1.7640000581741333,1.7615000009536743,1.763100028038025
2022-04-19 07:00:00+01:00,1.7631200551986694,1.7631700038909912,1.761139988899231,1.762470006942749
2022-04-19 08:00:00+01:00,1.7625499963760376,1.7631100416183472,1.760290026664734,1.7620500326156616
2022-04-19 09:00:00+01:00,1.7617199420928955,1.7651599645614624,1.759179949760437,1.7646100521087646
2022-04-19 10:00:00+01:00,1.7646000385284424,1.7677299976348877,1.7630800008773804,1.76691997051239
2022-04-19 11:00:00+01:00,1.766909956932068,1.7695800065994265,1.7656500339508057,1.7687000036239624
2022-04-19 12:00:00+01:00,1.7687499523162842,1.769819974899292,1.7671200037002563,1.7674700021743774
2022-04-19 13:00:00+01:00,1.7674000263214111,1.7677500247955322,1.7656400203704834,1.7663700580596924
2022-04-19 14:00:00+01:00,1.7664200067520142,1.766700029373169,1.7603199481964111,1.7614699602127075
2022-04-19 15:00:00+01:00,1.7614599466323853,1.763010025024414,1.759619951248169,1.7621300220489502
2022-04-19 16:00:00+01:00,1.7621300220489502,1.7667499780654907,1.761680006980896,1.7648099660873413
2022-04-19 17:00:00+01:00,1.7648199796676636,1.7656400203704834,1.762529969215393,1.7630200386047363
2022-04-19 18:00:00+01:00,1.7629599571228027,1.7640000581741333,1.7620799541473389,1.7623399496078491
2022-04-19 19:00:00+01:00,1.762369990348816,1.7639199495315552,1.7617100477218628,1.762779951095581
2022-04-19 20:00:00+01:00,1.762850046157837,1.762869954109192,1.7608599662780762,1.7615599632263184
2022-04-19 21:00:00+01:00,1.7614799737930298,1.7624200582504272,1.76104998588562,1.762060046195984
2022-04-19 22:00:00+01:00,1.761989951133728,1.7629899978637695,1.7583400011062622,1.7614799737930298
2022-04-19 23:00:00+01:00,1.76173996925354,1.76173996925354,1.7587499618530271,1.760540008544922
2022-04-20 00:00:00+01:00,1.760769963264465,1.7609000205993652,1.7593899965286257,1.759960055351257
2022-04-20 01:00:00+01:00,1.7600599527359009,1.7603000402450562,1.7577699422836304,1.7598999738693235
2022-04-20 02:00:00+01:00,1.7598700523376465,1.7650799751281738,1.7590099573135376,1.7592500448226929
2022-04-20 03:00:00+01:00,1.7591899633407593,1.7600500583648682,1.7578599452972412,1.758180022239685
2022-04-20 04:00:00+01:00,1.7581599950790403,1.7600200176239014,1.7578099966049194,1.7591099739074707
2022-04-20 05:00:00+01:00,1.7591700553894043,1.75996994972229,1.7554999589920044,1.7557599544525146
2022-04-20 06:00:00+01:00,1.755679965019226,1.7571200132369995,1.753350019454956,1.754699945449829
2022-04-20 07:00:00+01:00,1.754699945449829,1.7579699754714966,1.7543599605560305,1.7557599544525146
2022-04-20 08:00:00+01:00,1.7557400465011597,1.7562600374221802,1.7509000301361084,1.7529699802398682
2022-04-20 09:00:00+01:00,1.7530800104141235,1.7548199892044067,1.752120018005371,1.7528899908065796
2022-04-20 10:00:00+01:00,1.7528899908065796,1.7540199756622314,1.7518999576568604,1.752500057220459
2022-04-20 11:00:00+01:00,1.7524700164794922,1.755560040473938,1.751520037651062,1.7548099756240845
2022-04-20 12:00:00+01:00,1.7548400163650513,1.756809949874878,1.7542200088500977,1.7563400268554688
2022-04-20 13:00:00+01:00,1.756309986114502,1.7590999603271484,1.7550300359725952,1.7589900493621826
2022-04-20 14:00:00+01:00,1.7587900161743164,1.759029984474182,1.75600004196167,1.7574299573898315
2022-04-20 15:00:00+01:00,1.757349967956543,1.7587100267410278,1.7487499713897705,1.7499099969863892
2022-04-20 16:00:00+01:00,1.7499200105667114,1.7518600225448608,1.749650001525879,1.751729965209961
2022-04-20 17:00:00+01:00,1.7517399787902832,1.7530800104141235,1.7513799667358398,1.7526700496673584
2022-04-20 18:00:00+01:00,1.7526700496673584,1.753119945526123,1.751330018043518,1.7521899938583374
2022-04-20 19:00:00+01:00,1.7522300481796265,1.7550899982452393,1.7518600225448608,1.7547800540924072
2022-04-20 20:00:00+01:00,1.754830002784729,1.754899978637695,1.7529799938201904,1.753469944000244
2022-04-20 21:00:00+01:00,1.753440022468567,1.7540899515151978,1.7527899742126465,1.7533199787139893
2022-04-20 22:00:00+01:00,1.7529699802398682,1.7544499635696411,1.750440001487732,1.752410054206848
2022-04-20 23:00:00+01:00,1.75232994556427,1.7562299966812134,1.7514899969100952,1.7562099695205688
2022-04-21 00:00:00+01:00,1.7562099695205688,1.7562799453735352,1.7539399862289429,1.7553800344467163
2022-04-21 01:00:00+01:00,1.7553499937057495,1.7572400569915771,1.75423002243042,1.7560499906539917
2022-04-21 02:00:00+01:00,1.7560299634933472,1.756669998168945,1.754390001296997,1.756100058555603
2022-04-21 03:00:00+01:00,1.7561299800872805,1.7565300464630127,1.7537100315093994,1.7553499937057495
2022-04-21 04:00:00+01:00,1.755329966545105,1.7573599815368652,1.7547199726104736,1.7563300132751465
2022-04-21 05:00:00+01:00,1.7563600540161133,1.7579799890518188,1.75423002243042,1.7551499605178833
2022-04-21 06:00:00+01:00,1.7550599575042725,1.7563600540161133,1.7533600330352783,1.7538399696350098
2022-04-21 07:00:00+01:00,1.7538399696350098,1.7580100297927856,1.7527999877929688,1.7568199634552002
2022-04-21 08:00:00+01:00,1.756809949874878,1.758080005645752,1.7530299425125122,1.7533299922943115
2022-04-21 09:00:00+01:00,1.753309965133667,1.7551599740982056,1.7519299983978271,1.7532000541687012
2022-04-21 10:00:00+01:00,1.753309965133667,1.755519986152649,1.7527400255203247,1.755229949951172
2022-04-21 11:00:00+01:00,1.755270004272461,1.758430004119873,1.7543100118637085,1.7547800540924072
2022-04-21 12:00:00+01:00,1.7547800540924072,1.7561399936676023,1.753489971160889,1.75478994846344
2022-04-21 13:00:00+01:00,1.7547099590301514,1.7557499408721924,1.7529699802398682,1.7556300163269043
2022-04-21 14:00:00+01:00,1.7556300163269043,1.7613699436187744,1.754770040512085,1.7607100009918213
2022-04-21 15:00:00+01:00,1.760740041732788,1.7622900009155271,1.7595100402832031,1.7614699602127075
2022-04-21 16:00:00+01:00,1.7614799737930298,1.7694599628448486,1.7610299587249756,1.7682199478149414
2022-04-21 17:00:00+01:00,1.7682299613952637,1.7693899869918823,1.767169952392578,1.7687699794769287
2022-04-21 18:00:00+01:00,1.7687000036239624,1.7698400020599363,1.7671899795532229,1.7687300443649292
2022-04-21 19:00:00+01:00,1.76868999004364,1.7693699598312378,1.7673399448394775,1.7675100564956665
2022-04-21 20:00:00+01:00,1.767449975013733,1.768380045890808,1.7657699584960938,1.7667100429534912
2022-04-21 21:00:00+01:00,1.766669988632202,1.7676899433135986,1.7634299993515017,1.7644699811935425
2022-04-21 22:00:00+01:00,1.7649600505828855,1.7676399946212769,1.7637100219726562,1.7670999765396118
2022-04-21 23:00:00+01:00,1.7670999765396118,1.768120050430298,1.7658699750900269,1.768049955368042
2022-04-22 00:00:00+01:00,1.7677700519561768,1.7696199417114258,1.7674100399017334,1.7694499492645264
2022-04-22 01:00:00+01:00,1.7694400548934937,1.7702399492263794,1.767359972000122,1.769870042800903
2022-04-22 02:00:00+01:00,1.7698299884796145,1.7706600427627563,1.7685099840164185,1.7698800563812256
2022-04-22 03:00:00+01:00,1.7698500156402588,1.7709800004959106,1.7686599493026731,1.769670009613037
2022-04-22 04:00:00+01:00,1.7696800231933594,1.7747199535369873,1.7695000171661377,1.772250056266785
2022-04-22 05:00:00+01:00,1.7722599506378174,1.7752699851989746,1.7719500064849854,1.7737699747085571
2022-04-22 06:00:00+01:00,1.7740700244903564,1.776010036468506,1.7735099792480469,1.775339961051941
2022-04-22 07:00:00+01:00,1.7753000259399414,1.7754199504852295,1.770509958267212,1.773229956626892
2022-04-22 08:00:00+01:00,1.7732199430465698,1.7733800411224363,1.7635600566864014,1.764549970626831
2022-04-22 09:00:00+01:00,1.7645200490951538,1.7669899463653564,1.7632499933242798,1.764430046081543
2022-04-22 10:00:00+01:00,1.7644200325012207,1.764739990234375,1.7600599527359009,1.7618399858474731
2022-04-22 11:00:00+01:00,1.7618299722671509,1.7667499780654907,1.7614400386810305,1.7666300535202026
2022-04-22 12:00:00+01:00,1.7668299674987793,1.7671300172805786,1.7649500370025637,1.766129970550537
2022-04-22 13:00:00+01:00,1.7661399841308594,1.7661399841308594,1.762969970703125,1.7635999917984009
2022-04-22 14:00:00+01:00,1.7635999917984009,1.7696000337600708,1.7632399797439575,1.7695900201797483
2022-04-22 15:00:00+01:00,1.7696000337600708,1.7734899520874023,1.768679976463318,1.7701799869537354
2022-04-22 16:00:00+01:00,1.769860029220581,1.7717599868774414,1.7687000036239624,1.7703800201416016
2022-04-22 17:00:00+01:00,1.7703700065612793,1.772879958152771,1.7691500186920166,1.7725199460983276
2022-04-22 18:00:00+01:00,1.7725399732589722,1.7734899520874023,1.7711700201034546,1.7724299430847168
2022-04-22 19:00:00+01:00,1.7724100351333618,1.7731499671936035,1.7712600231170654,1.7719299793243408
2022-04-22 20:00:00+01:00,1.7719299793243408,1.7720799446105957,1.769610047340393,1.7717499732971191
2022-04-22 21:00:00+01:00,1.7717499732971191,1.7724599838256836,1.7707300186157229,1.7716000080108645
2022-04-22 22:00:00+01:00,1.773419976234436,1.773419976234436,1.773419976234436,1.773419976234436
2022-04-25 00:00:00+01:00,1.771289944648743,1.7736799716949463,1.771090030670166,1.7735799551010132
2022-04-25 01:00:00+01:00,1.7735799551010132,1.7775100469589231,1.7731599807739258,1.777400016784668
2022-04-25 02:00:00+01:00,1.7774300575256348,1.782729983329773,1.7770899534225464,1.7803900241851809
2022-04-25 03:00:00+01:00,1.7805399894714355,1.7827800512313845,1.7799099683761597,1.7817100286483765
2022-04-25 04:00:00+01:00,1.7818200588226318,1.7825299501419067,1.780110001564026,1.7820099592208862
2022-04-25 05:00:00+01:00,1.7819600105285645,1.7862499952316284,1.781149983406067,1.785920023918152
2022-04-25 06:00:00+01:00,1.7859699726104736,1.788699984550476,1.7845499515533447,1.7866899967193604
2022-04-25 07:00:00+01:00,1.7865999937057495,1.786829948425293,1.7794599533081057,1.7802599668502808
2022-04-25 08:00:00+01:00,1.7802599668502808,1.7813199758529663,1.7750500440597534,1.7755000591278076
2022-04-25 09:00:00+01:00,1.7755399942398071,1.7772899866104126,1.7714899778366089,1.7771999835968018
2022-04-25 10:00:00+01:00,1.7772300243377686,1.7797199487686155,1.7750799655914309,1.7777899503707886
2022-04-25 11:00:00+01:00,1.7777999639511108,1.779919981956482,1.7760499715805054,1.7770800590515137
2022-04-25 12:00:00+01:00,1.7770500183105469,1.7806600332260132,1.7742700576782229,1.7753100395202637
2022-04-25 13:00:00+01:00,1.7752200365066528,1.7793699502944946,1.774219989776611,1.7771300077438354
2022-04-25 14:00:00+01:00,1.7771999835968018,1.7826999425888062,1.7765400409698486,1.782140016555786
2022-04-25 15:00:00+01:00,1.782140016555786,1.7834800481796265,1.7784500122070312,1.7792999744415283
2022-04-25 16:00:00+01:00,1.7792999744415283,1.7796399593353271,1.7761600017547607,1.7767800092697144
2022-04-25 17:00:00+01:00,1.7767000198364258,1.777500033378601,1.774500012397766,1.7767000198364258
2022-04-25 18:00:00+01:00,1.7767200469970703,1.7776399850845337,1.775149941444397,1.7773799896240234
2022-04-25 19:00:00+01:00,1.7773200273513794,1.7782599925994873,1.7753599882125854,1.7766400575637815
2022-04-25 20:00:00+01:00,1.7766499519348145,1.7773000001907349,1.774209976196289,1.775480031967163
2022-04-25 21:00:00+01:00,1.7754499912261963,1.7759300470352173,1.773710012435913,1.774399995803833
2022-04-25 22:00:00+01:00,1.7738200426101685,1.775480031967163,1.769760012626648,1.7737900018692017
2022-04-25 23:00:00+01:00,1.773460030555725,1.7755000591278076,1.7723699808120728,1.7733099460601809
2022-04-26 00:00:00+01:00,1.7734099626541138,1.7749099731445312,1.7729300260543823,1.7746700048446655
2022-04-26 01:00:00+01:00,1.7747100591659546,1.775589942932129,1.771530032157898,1.773059964179993
2022-04-26 02:00:00+01:00,1.7731599807739258,1.7747399806976318,1.7716799974441528,1.773460030555725
2022-04-26 03:00:00+01:00,1.773319959640503,1.7754000425338743,1.769269943237305,1.7702900171279907
2022-04-26 04:00:00+01:00,1.7702800035476685,1.770480036735535,1.7662299871444702,1.768939971923828
2022-04-26 05:00:00+01:00,1.7689800262451172,1.7695300579071045,1.7656199932098389,1.7662999629974363
2022-04-26 06:00:00+01:00,1.7662999629974363,1.7677099704742432,1.7649699449539185,1.766819953918457
2022-04-26 07:00:00+01:00,1.7668800354003906,1.7703399658203125,1.7661900520324707,1.77020001411438
2022-04-26 08:00:00+01:00,1.77006995677948,1.771939992904663,1.7685699462890625,1.7694499492645264
2022-04-26 09:00:00+01:00,1.7694799900054932,1.7696599960327148,1.7662700414657593,1.766469955444336
2022-04-26 10:00:00+01:00,1.7664400339126587,1.7665200233459473,1.7623300552368164,1.762809991836548
2022-04-26 11:00:00+01:00,1.7628400325775146,1.764559984207153,1.7618900537490845,1.7630200386047363
2022-04-26 12:00:00+01:00,1.7630200386047363,1.763990044593811,1.76078999042511,1.7615300416946411
2022-04-26 13:00:00+01:00,1.7615300416946411,1.7642199993133545,1.7608699798583984,1.763990044593811
2022-04-26 14:00:00+01:00,1.763949990272522,1.7677199840545654,1.7630200386047363,1.767240047454834
2022-04-26 15:00:00+01:00,1.7671300172805786,1.7681100368499756,1.762369990348816,1.7639000415802002
2022-04-26 16:00:00+01:00,1.7639700174331665,1.766260027885437,1.7631200551986694,1.7659200429916382
2022-04-26 17:00:00+01:00,1.7659800052642822,1.7659800052642822,1.761039972305298,1.761780023574829
2022-04-26 18:00:00+01:00,1.7617599964141846,1.7634700536727903,1.7607300281524658,1.7609000205993652
2022-04-26 19:00:00+01:00,1.760949969291687,1.7616699934005735,1.7597399950027466,1.7614799737930298
2022-04-26 20:00:00+01:00,1.7615900039672852,1.7639000415802002,1.761139988899231,1.7637300491333008
2022-04-26 21:00:00+01:00,1.7637100219726562,1.7660599946975708,1.7621099948883057,1.7650599479675293
2022-04-26 22:00:00+01:00,1.7649400234222412,1.766029953956604,1.7641500234603882,1.764870047569275
2022-04-26 23:00:00+01:00,1.7649699449539185,1.7653599977493286,1.7620899677276611,1.7634899616241455
2022-04-27 00:00:00+01:00,1.7636200189590454,1.7637100219726562,1.761019945144653,1.7615400552749634
2022-04-27 01:00:00+01:00,1.7615900039672852,1.7644100189208984,1.7595499753952026,1.7634700536727903
2022-04-27 02:00:00+01:00,1.7636300325393677,1.7639199495315552,1.7544900178909302,1.7574299573898315
2022-04-27 03:00:00+01:00,1.7575600147247314,1.7614599466323853,1.7565200328826904,1.7565699815750122
2022-04-27 04:00:00+01:00,1.756450057029724,1.7574599981307983,1.7541199922561646,1.7560700178146362
2022-04-27 05:00:00+01:00,1.7557799816131592,1.7566399574279783,1.7515499591827393,1.7518500089645386
2022-04-27 06:00:00+01:00,1.7518800497055054,1.7547099590301514,1.7510000467300415,1.754289984703064
2022-04-27 07:00:00+01:00,1.7542599439620972,1.7557400465011597,1.7519400119781494,1.7537200450897217
2022-04-27 08:00:00+01:00,1.7536799907684326,1.7588200569152832,1.753559947013855,1.7555700540542605
2022-04-27 09:00:00+01:00,1.7554800510406494,1.7583199739456177,1.7529900074005127,1.7537399530410769
2022-04-27 10:00:00+01:00,1.7537000179290771,1.7615400552749634,1.752750039100647,1.7601300477981567
2022-04-27 11:00:00+01:00,1.7601300477981567,1.7617199420928955,1.7582000494003296,1.7589000463485718
2022-04-27 12:00:00+01:00,1.7588399648666382,1.7612799406051636,1.7588399648666382,1.7606799602508545
2022-04-27 13:00:00+01:00,1.7606899738311768,1.7627700567245483,1.758239984512329,1.7603299617767334
2022-04-27 14:00:00+01:00,1.760349988937378,1.7637100219726562,1.7593899965286257,1.7602699995040894
2022-04-27 15:00:00+01:00,1.7602699995040894,1.7626999616622925,1.758389949798584,1.759719967842102
2022-04-27 16:00:00+01:00,1.759719967842102,1.761579990386963,1.7584500312805176,1.760890007019043
2022-04-27 17:00:00+01:00,1.760890007019043,1.7618499994277954,1.7578099966049194,1.7595700025558472
2022-04-27 18:00:00+01:00,1.759559988975525,1.7604399919509888,1.7576600313186646,1.7578200101852417
2022-04-27 19:00:00+01:00,1.7579200267791748,1.761430025100708,1.757580041885376,1.7612500190734863
2022-04-27 20:00:00+01:00,1.7613400220870972,1.7622400522232056,1.760040044784546,1.7613999843597412
2022-04-27 21:00:00+01:00,1.7614699602127075,1.76173996925354,1.758739948272705,1.7601499557495115
2022-04-27 22:00:00+01:00,1.7593300342559814,1.7615000009536743,1.7586499452590942,1.759809970855713
2022-04-27 23:00:00+01:00,1.7601100206375122,1.7608799934387207,1.758550047874451,1.7594599723815918
2022-04-28 00:00:00+01:00,1.7591099739074707,1.7607200145721436,1.7589800357818604,1.7606099843978882
2022-04-28 01:00:00+01:00,1.7606699466705322,1.7621999979019165,1.7588499784469604,1.7604999542236328
2022-04-28 02:00:00+01:00,1.7605799436569214,1.762779951095581,1.7596999406814575,1.7609299421310425
2022-04-28 03:00:00+01:00,1.7610299587249756,1.762279987335205,1.7595200538635254,1.7611900568008425
2022-04-28 04:00:00+01:00,1.7611000537872314,1.7637200355529783,1.7600699663162231,1.7635799646377563
2022-04-28 05:00:00+01:00,1.7635899782180786,1.7655099630355835,1.7628899812698364,1.7632999420166016
2022-04-28 06:00:00+01:00,1.7632299661636353,1.7673300504684448,1.763069987297058,1.764870047569275
2022-04-28 07:00:00+01:00,1.764870047569275,1.7649400234222412,1.7596399784088137,1.7617700099945068
2022-04-28 08:00:00+01:00,1.7618000507354736,1.762120008468628,1.754080057144165,1.7553600072860718
2022-04-28 09:00:00+01:00,1.755229949951172,1.757349967956543,1.7546199560165403,1.7570500373840332
2022-04-28 10:00:00+01:00,1.7569799423217771,1.7594799995422363,1.7546199560165403,1.758800029754639
2022-04-28 11:00:00+01:00,1.7588900327682495,1.760949969291687,1.757099986076355,1.7576199769973757
2022-04-28 12:00:00+01:00,1.7577199935913086,1.7583400011062622,1.753659963607788,1.754330039024353
2022-04-28 13:00:00+01:00,1.7543200254440308,1.7578099966049194,1.7542799711227417,1.7565699815750122
2022-04-28 14:00:00+01:00,1.756700038909912,1.7582499980926514,1.7554700374603271,1.7560900449752808
2022-04-28 15:00:00+01:00,1.7560499906539917,1.7608400583267212,1.7553900480270386,1.7578799724578855
2022-04-28 16:00:00+01:00,1.757889986038208,1.7587900161743164,1.754930019378662,1.7574900388717651
2022-04-28 17:00:00+01:00,1.7574199438095093,1.7595900297164917,1.754420042037964,1.7549699544906616
2022-04-28 18:00:00+01:00,1.754979968070984,1.7552800178527832,1.7534799575805664,1.7538100481033323
2022-04-28 19:00:00+01:00,1.7538100481033323,1.7564799785614014,1.753209948539734,1.756450057029724
2022-04-28 20:00:00+01:00,1.756309986114502,1.757040023803711,1.7547999620437622,1.7551599740982056
2022-04-28 21:00:00+01:00,1.7551599740982056,1.757449984550476,1.7531700134277344,1.7543200254440308
2022-04-28 22:00:00+01:00,1.7546099424362185,1.7566900253295898,1.7515900135040283,1.7535099983215332
2022-04-28 23:00:00+01:00,1.7538399696350098,1.7557799816131592,1.753129959106445,1.7541099786758425
2022-04-29 00:00:00+01:00,1.7541099786758425,1.7549200057983398,1.752750039100647,1.7532199621200562
2022-04-29 01:00:00+01:00,1.753129959106445,1.753559947013855,1.749959945678711,1.752150058746338
2022-04-29 02:00:00+01:00,1.7521899938583374,1.7525899410247805,1.7500799894332886,1.7517499923706057
2022-04-29 03:00:00+01:00,1.7517600059509275,1.753640055656433,1.7500900030136108,1.7523800134658811
2022-04-29 04:00:00+01:00,1.7523399591445925,1.7527300119400024,1.7495700120925903,1.751139998435974
2022-04-29 05:00:00+01:00,1.7510700225830078,1.751170039176941,1.7482000589370728,1.7485699653625488
2022-04-29 06:00:00+01:00,1.7485599517822266,1.7513400316238403,1.7457599639892578,1.751139998435974
2022-04-29 07:00:00+01:00,1.7512400150299072,1.7549500465393066,1.749269962310791,1.7548199892044067
2022-04-29 08:00:00+01:00,1.754899978637695,1.7559599876403809,1.7529900074005127,1.7539499998092651
2022-04-29 09:00:00+01:00,1.7538299560546875,1.7571799755096436,1.753100037574768,1.756469964981079
2022-04-29 10:00:00+01:00,1.756420016288757,1.7569899559020996,1.753499984741211,1.754040002822876
2022-04-29 11:00:00+01:00,1.7539000511169434,1.7556300163269043,1.7525700330734253,1.752959966659546
2022-04-29 12:00:00+01:00,1.7529300451278689,1.754330039024353,1.7502599954605105,1.752310037612915
2022-04-29 13:00:00+01:00,1.752269983291626,1.7529699802398682,1.7490400075912476,1.7500900030136108
2022-04-29 14:00:00+01:00,1.7500900030136108,1.7542500495910645,1.7498400211334229,1.753469944000244
2022-04-29 15:00:00+01:00,1.7533799409866333,1.7687599658966064,1.7524299621582031,1.7647900581359863
2022-04-29 16:00:00+01:00,1.764919996261597,1.7700300216674805,1.764580011367798,1.7690600156784058
2022-04-29 17:00:00+01:00,1.7691700458526611,1.7760299444198608,1.7688699960708618,1.7754000425338743
2022-04-29 18:00:00+01:00,1.775439977645874,1.777169942855835,1.7740600109100342,1.775670051574707
2022-04-29 19:00:00+01:00,1.775670051574707,1.7792799472808838,1.7750600576400757,1.778939962387085
2022-04-29 20:00:00+01:00,1.7789900302886963,1.7804100513458252,1.7773300409317017,1.779919981956482
2022-04-29 21:00:00+01:00,1.7799500226974487,1.781749963760376,1.776900053024292,1.7801300287246704
2022-04-29 22:00:00+01:00,1.7798199653625488,1.7798199653625488,1.7798199653625488,1.7798199653625488
2022-04-29 00:00:00+01:00,1.7541099786758423,1.7549200057983398,1.752750039100647,1.7532199621200562
2022-04-29 00:00:00+01:00,1.7541099786758423,1.7549200057983398,1.752750039100647,1.7532199621200562
2022-04-29 01:00:00+01:00,1.7531299591064453,1.753559947013855,1.749959945678711,1.752150058746338
2022-04-29 00:00:00+01:00,1.7541099786758423,1.7549200057983398,1.752750039100647,1.7532199621200562
2022-04-29 01:00:00+01:00,1.7531299591064453,1.753559947013855,1.749959945678711,1.752150058746338
2022-04-29 02:00:00+01:00,1.7521899938583374,1.7525899410247803,1.7500799894332886,1.7517499923706055
2022-04-29 00:00:00+01:00,1.7541099786758423,1.7549200057983398,1.752750039100647,1.7532199621200562
2022-04-29 01:00:00+01:00,1.7531299591064453,1.753559947013855,1.749959945678711,1.752150058746338
2022-04-29 02:00:00+01:00,1.7521899938583374,1.7525899410247803,1.7500799894332886,1.7517499923706055
2022-04-29 03:00:00+01:00,1.7517600059509277,1.753640055656433,1.7500900030136108,1.7523800134658813
2022-04-29 00:00:00+01:00,1.7541099786758423,1.7549200057983398,1.752750039100647,1.7532199621200562
2022-04-29 01:00:00+01:00,1.7531299591064453,1.753559947013855,1.749959945678711,1.752150058746338
2022-04-29 02:00:00+01:00,1.7521899938583374,1.7525899410247803,1.7500799894332886,1.7517499923706055
2022-04-29 03:00:00+01:00,1.7517600059509277,1.753640055656433,1.7500900030136108,1.7523800134658813
2022-04-29 04:00:00+01:00,1.7523399591445923,1.7527300119400024,1.7495700120925903,1.7511399984359741
2022-04-29 00:00:00+01:00,1.7541099786758423,1.7549200057983398,1.752750039100647,1.7532199621200562
2022-04-29 01:00:00+01:00,1.7531299591064453,1.753559947013855,1.749959945678711,1.752150058746338
2022-04-29 02:00:00+01:00,1.7521899938583374,1.7525899410247803,1.7500799894332886,1.7517499923706055
2022-04-29 03:00:00+01:00,1.7517600059509277,1.753640055656433,1.7500900030136108,1.7523800134658813
2022-04-29 04:00:00+01:00,1.7523399591445923,1.7527300119400024,1.7495700120925903,1.7511399984359741
2022-04-29 05:00:00+01:00,1.7510700225830078,1.751170039176941,1.7482000589370728,1.7485699653625488
2022-04-29 00:00:00+01:00,1.7541099786758423,1.7549200057983398,1.752750039100647,1.7532199621200562
2022-04-29 01:00:00+01:00,1.7531299591064453,1.753559947013855,1.749959945678711,1.752150058746338
2022-04-29 02:00:00+01:00,1.7521899938583374,1.7525899410247803,1.7500799894332886,1.7517499923706055
2022-04-29 03:00:00+01:00,1.7517600059509277,1.753640055656433,1.7500900030136108,1.7523800134658813
2022-04-29 04:00:00+01:00,1.7523399591445923,1.7527300119400024,1.7495700120925903,1.7511399984359741
2022-04-29 05:00:00+01:00,1.7510700225830078,1.751170039176941,1.7482000589370728,1.7485699653625488
2022-04-29 06:00:00+01:00,1.7485599517822266,1.7513400316238403,1.7457599639892578,1.7511399984359741
2022-04-29 00:00:00+01:00,1.7541099786758423,1.7549200057983398,1.752750039100647,1.7532199621200562
2022-04-29 01:00:00+01:00,1.7531299591064453,1.753559947013855,1.749959945678711,1.752150058746338
2022-04-29 02:00:00+01:00,1.7521899938583374,1.7525899410247803,1.7500799894332886,1.7517499923706055
2022-04-29 03:00:00+01:00,1.7517600059509277,1.753640055656433,1.7500900030136108,1.7523800134658813
2022-04-29 04:00:00+01:00,1.7523399591445923,1.7527300119400024,1.7495700120925903,1.7511399984359741
2022-04-29 05:00:00+01:00,1.7510700225830078,1.751170039176941,1.7482000589370728,1.7485699653625488
2022-04-29 06:00:00+01:00,1.7485599517822266,1.7513400316238403,1.7457599639892578,1.7511399984359741
2022-04-29 07:00:00+01:00,1.7512400150299072,1.7549500465393066,1.749269962310791,1.7548199892044067
2022-04-29 00:00:00+01:00,1.7541099786758423,1.7549200057983398,1.752750039100647,1.7532199621200562
2022-04-29 01:00:00+01:00,1.7531299591064453,1.753559947013855,1.749959945678711,1.752150058746338
2022-04-29 02:00:00+01:00,1.7521899938583374,1.7525899410247803,1.7500799894332886,1.7517499923706055
2022-04-29 03:00:00+01:00,1.7517600059509277,1.753640055656433,1.7500900030136108,1.7523800134658813
2022-04-29 04:00:00+01:00,1.7523399591445923,1.7527300119400024,1.7495700120925903,1.7511399984359741
2022-04-29 05:00:00+01:00,1.7510700225830078,1.751170039176941,1.7482000589370728,1.7485699653625488
2022-04-29 06:00:00+01:00,1.7485599517822266,1.7513400316238403,1.7457599639892578,1.7511399984359741
2022-04-29 07:00:00+01:00,1.7512400150299072,1.7549500465393066,1.749269962310791,1.7548199892044067
2022-04-29 08:00:00+01:00,1.7548999786376953,1.7559599876403809,1.7529900074005127,1.7539499998092651
2022-04-29 00:00:00+01:00,1.7541099786758423,1.7549200057983398,1.752750039100647,1.7532199621200562
2022-04-29 01:00:00+01:00,1.7531299591064453,1.753559947013855,1.749959945678711,1.752150058746338
2022-04-29 02:00:00+01:00,1.7521899938583374,1.7525899410247803,1.7500799894332886,1.7517499923706055
2022-04-29 03:00:00+01:00,1.7517600059509277,1.753640055656433,1.7500900030136108,1.7523800134658813
2022-04-29 04:00:00+01:00,1.7523399591445923,1.7527300119400024,1.7495700120925903,1.7511399984359741
2022-04-29 05:00:00+01:00,1.7510700225830078,1.751170039176941,1.7482000589370728,1.7485699653625488
2022-04-29 06:00:00+01:00,1.7485599517822266,1.7513400316238403,1.7457599639892578,1.7511399984359741
2022-04-29 07:00:00+01:00,1.7512400150299072,1.7549500465393066,1.749269962310791,1.7548199892044067
2022-04-29 08:00:00+01:00,1.7548999786376953,1.7559599876403809,1.7529900074005127,1.7539499998092651
2022-04-29 09:00:00+01:00,1.7538299560546875,1.7571799755096436,1.753100037574768,1.756469964981079
2022-04-29 00:00:00+01:00,1.7541099786758423,1.7549200057983398,1.752750039100647,1.7532199621200562
2022-04-29 01:00:00+01:00,1.7531299591064453,1.753559947013855,1.749959945678711,1.752150058746338
2022-04-29 02:00:00+01:00,1.7521899938583374,1.7525899410247803,1.7500799894332886,1.7517499923706055
2022-04-29 03:00:00+01:00,1.7517600059509277,1.753640055656433,1.7500900030136108,1.7523800134658813
2022-04-29 04:00:00+01:00,1.7523399591445923,1.7527300119400024,1.7495700120925903,1.7511399984359741
2022-04-29 05:00:00+01:00,1.7510700225830078,1.751170039176941,1.7482000589370728,1.7485699653625488
2022-04-29 06:00:00+01:00,1.7485599517822266,1.7513400316238403,1.7457599639892578,1.7511399984359741
2022-04-29 07:00:00+01:00,1.7512400150299072,1.7549500465393066,1.749269962310791,1.7548199892044067
2022-04-29 08:00:00+01:00,1.7548999786376953,1.7559599876403809,1.7529900074005127,1.7539499998092651
2022-04-29 09:00:00+01:00,1.7538299560546875,1.7571799755096436,1.753100037574768,1.756469964981079
2022-04-29 10:00:00+01:00,1.7564200162887573,1.7569899559020996,1.753499984741211,1.754040002822876
2022-04-29 00:00:00+01:00,1.7541099786758423,1.7549200057983398,1.752750039100647,1.7532199621200562
2022-04-29 01:00:00+01:00,1.7531299591064453,1.753559947013855,1.749959945678711,1.752150058746338
2022-04-29 02:00:00+01:00,1.7521899938583374,1.7525899410247803,1.7500799894332886,1.7517499923706055
2022-04-29 03:00:00+01:00,1.7517600059509277,1.753640055656433,1.7500900030136108,1.7523800134658813
2022-04-29 04:00:00+01:00,1.7523399591445923,1.7527300119400024,1.7495700120925903,1.7511399984359741
2022-04-29 05:00:00+01:00,1.7510700225830078,1.751170039176941,1.7482000589370728,1.7485699653625488
2022-04-29 06:00:00+01:00,1.7485599517822266,1.7513400316238403,1.7457599639892578,1.7511399984359741
2022-04-29 07:00:00+01:00,1.7512400150299072,1.7549500465393066,1.749269962310791,1.7548199892044067
2022-04-29 08:00:00+01:00,1.7548999786376953,1.7559599876403809,1.7529900074005127,1.7539499998092651
2022-04-29 09:00:00+01:00,1.7538299560546875,1.7571799755096436,1.753100037574768,1.756469964981079
2022-04-29 10:00:00+01:00,1.7564200162887573,1.7569899559020996,1.753499984741211,1.754040002822876
2022-04-29 11:00:00+01:00,1.7539000511169434,1.7556300163269043,1.7525700330734253,1.752959966659546
2022-04-29 00:00:00+01:00,1.7541099786758423,1.7549200057983398,1.752750039100647,1.7532199621200562
2022-04-29 01:00:00+01:00,1.7531299591064453,1.753559947013855,1.749959945678711,1.752150058746338
2022-04-29 02:00:00+01:00,1.7521899938583374,1.7525899410247803,1.7500799894332886,1.7517499923706055
2022-04-29 03:00:00+01:00,1.7517600059509277,1.753640055656433,1.7500900030136108,1.7523800134658813
2022-04-29 04:00:00+01:00,1.7523399591445923,1.7527300119400024,1.7495700120925903,1.7511399984359741
2022-04-29 05:00:00+01:00,1.7510700225830078,1.751170039176941,1.7482000589370728,1.7485699653625488
2022-04-29 06:00:00+01:00,1.7485599517822266,1.7513400316238403,1.7457599639892578,1.7511399984359741
2022-04-29 07:00:00+01:00,1.7512400150299072,1.7549500465393066,1.749269962310791,1.7548199892044067
2022-04-29 08:00:00+01:00,1.7548999786376953,1.7559599876403809,1.7529900074005127,1.7539499998092651
2022-04-29 09:00:00+01:00,1.7538299560546875,1.7571799755096436,1.753100037574768,1.756469964981079
2022-04-29 10:00:00+01:00,1.7564200162887573,1.7569899559020996,1.753499984741211,1.754040002822876
2022-04-29 11:00:00+01:00,1.7539000511169434,1.7556300163269043,1.7525700330734253,1.752959966659546
2022-04-29 12:00:00+01:00,1.7529300451278687,1.754330039024353,1.7502599954605103,1.752310037612915
2022-04-29 00:00:00+01:00,1.7541099786758423,1.7549200057983398,1.752750039100647,1.7532199621200562
2022-04-29 01:00:00+01:00,1.7531299591064453,1.753559947013855,1.749959945678711,1.752150058746338
2022-04-29 02:00:00+01:00,1.7521899938583374,1.7525899410247803,1.7500799894332886,1.7517499923706055
2022-04-29 03:00:00+01:00,1.7517600059509277,1.753640055656433,1.7500900030136108,1.7523800134658813
2022-04-29 04:00:00+01:00,1.7523399591445923,1.7527300119400024,1.7495700120925903,1.7511399984359741
2022-04-29 05:00:00+01:00,1.7510700225830078,1.751170039176941,1.7482000589370728,1.7485699653625488
2022-04-29 06:00:00+01:00,1.7485599517822266,1.7513400316238403,1.7457599639892578,1.7511399984359741
2022-04-29 07:00:00+01:00,1.7512400150299072,1.7549500465393066,1.749269962310791,1.7548199892044067
2022-04-29 08:00:00+01:00,1.7548999786376953,1.7559599876403809,1.7529900074005127,1.7539499998092651
2022-04-29 09:00:00+01:00,1.7538299560546875,1.7571799755096436,1.753100037574768,1.756469964981079
2022-04-29 10:00:00+01:00,1.7564200162887573,1.7569899559020996,1.753499984741211,1.754040002822876
2022-04-29 11:00:00+01:00,1.7539000511169434,1.7556300163269043,1.7525700330734253,1.752959966659546
2022-04-29 12:00:00+01:00,1.7529300451278687,1.754330039024353,1.7502599954605103,1.752310037612915
2022-04-29 13:00:00+01:00,1.752269983291626,1.7529699802398682,1.7490400075912476,1.7500900030136108
2022-04-29 00:00:00+01:00,1.7541099786758423,1.7549200057983398,1.752750039100647,1.7532199621200562
2022-04-29 01:00:00+01:00,1.7531299591064453,1.753559947013855,1.749959945678711,1.752150058746338
2022-04-29 02:00:00+01:00,1.7521899938583374,1.7525899410247803,1.7500799894332886,1.7517499923706055
2022-04-29 03:00:00+01:00,1.7517600059509277,1.753640055656433,1.7500900030136108,1.7523800134658813
2022-04-29 04:00:00+01:00,1.7523399591445923,1.7527300119400024,1.7495700120925903,1.7511399984359741
2022-04-29 05:00:00+01:00,1.7510700225830078,1.751170039176941,1.7482000589370728,1.7485699653625488
2022-04-29 06:00:00+01:00,1.7485599517822266,1.7513400316238403,1.7457599639892578,1.7511399984359741
2022-04-29 07:00:00+01:00,1.7512400150299072,1.7549500465393066,1.749269962310791,1.7548199892044067
2022-04-29 08:00:00+01:00,1.7548999786376953,1.7559599876403809,1.7529900074005127,1.7539499998092651
2022-04-29 09:00:00+01:00,1.7538299560546875,1.7571799755096436,1.753100037574768,1.756469964981079
2022-04-29 10:00:00+01:00,1.7564200162887573,1.7569899559020996,1.753499984741211,1.754040002822876
2022-04-29 11:00:00+01:00,1.7539000511169434,1.7556300163269043,1.7525700330734253,1.752959966659546
2022-04-29 12:00:00+01:00,1.7529300451278687,1.754330039024353,1.7502599954605103,1.752310037612915
2022-04-29 13:00:00+01:00,1.752269983291626,1.7529699802398682,1.7490400075912476,1.7500900030136108
2022-04-29 14:00:00+01:00,1.7500900030136108,1.7542500495910645,1.7498400211334229,1.7534699440002441
2022-04-29 00:00:00+01:00,1.7541099786758423,1.7549200057983398,1.752750039100647,1.7532199621200562
2022-04-29 01:00:00+01:00,1.7531299591064453,1.753559947013855,1.749959945678711,1.752150058746338
2022-04-29 02:00:00+01:00,1.7521899938583374,1.7525899410247803,1.7500799894332886,1.7517499923706055
2022-04-29 03:00:00+01:00,1.7517600059509277,1.753640055656433,1.7500900030136108,1.7523800134658813
2022-04-29 04:00:00+01:00,1.7523399591445923,1.7527300119400024,1.7495700120925903,1.7511399984359741
2022-04-29 05:00:00+01:00,1.7510700225830078,1.751170039176941,1.7482000589370728,1.7485699653625488
2022-04-29 06:00:00+01:00,1.7485599517822266,1.7513400316238403,1.7457599639892578,1.7511399984359741
2022-04-29 07:00:00+01:00,1.7512400150299072,1.7549500465393066,1.749269962310791,1.7548199892044067
2022-04-29 08:00:00+01:00,1.7548999786376953,1.7559599876403809,1.7529900074005127,1.7539499998092651
2022-04-29 09:00:00+01:00,1.7538299560546875,1.7571799755096436,1.753100037574768,1.756469964981079
2022-04-29 10:00:00+01:00,1.7564200162887573,1.7569899559020996,1.753499984741211,1.754040002822876
2022-04-29 11:00:00+01:00,1.7539000511169434,1.7556300163269043,1.7525700330734253,1.752959966659546
2022-04-29 12:00:00+01:00,1.7529300451278687,1.754330039024353,1.7502599954605103,1.752310037612915
2022-04-29 13:00:00+01:00,1.752269983291626,1.7529699802398682,1.7490400075912476,1.7500900030136108
2022-04-29 14:00:00+01:00,1.7500900030136108,1.7542500495910645,1.7498400211334229,1.7534699440002441
2022-04-29 15:00:00+01:00,1.7533799409866333,1.7687599658966064,1.7524299621582031,1.7647900581359863
2022-04-29 00:00:00+01:00,1.7541099786758423,1.7549200057983398,1.752750039100647,1.7532199621200562
2022-04-29 01:00:00+01:00,1.7531299591064453,1.753559947013855,1.749959945678711,1.752150058746338
2022-04-29 02:00:00+01:00,1.7521899938583374,1.7525899410247803,1.7500799894332886,1.7517499923706055
2022-04-29 03:00:00+01:00,1.7517600059509277,1.753640055656433,1.7500900030136108,1.7523800134658813
2022-04-29 04:00:00+01:00,1.7523399591445923,1.7527300119400024,1.7495700120925903,1.7511399984359741
2022-04-29 05:00:00+01:00,1.7510700225830078,1.751170039176941,1.7482000589370728,1.7485699653625488
2022-04-29 06:00:00+01:00,1.7485599517822266,1.7513400316238403,1.7457599639892578,1.7511399984359741
2022-04-29 07:00:00+01:00,1.7512400150299072,1.7549500465393066,1.749269962310791,1.7548199892044067
2022-04-29 08:00:00+01:00,1.7548999786376953,1.7559599876403809,1.7529900074005127,1.7539499998092651
2022-04-29 09:00:00+01:00,1.7538299560546875,1.7571799755096436,1.753100037574768,1.756469964981079
2022-04-29 10:00:00+01:00,1.7564200162887573,1.7569899559020996,1.753499984741211,1.754040002822876
2022-04-29 11:00:00+01:00,1.7539000511169434,1.7556300163269043,1.7525700330734253,1.752959966659546
2022-04-29 12:00:00+01:00,1.7529300451278687,1.754330039024353,1.7502599954605103,1.752310037612915
2022-04-29 13:00:00+01:00,1.752269983291626,1.7529699802398682,1.7490400075912476,1.7500900030136108
2022-04-29 14:00:00+01:00,1.7500900030136108,1.7542500495910645,1.7498400211334229,1.7534699440002441
2022-04-29 15:00:00+01:00,1.7533799409866333,1.7687599658966064,1.7524299621582031,1.7647900581359863
2022-04-29 16:00:00+01:00,1.7649199962615967,1.7700300216674805,1.7645800113677979,1.7690600156784058
2022-04-29 00:00:00+01:00,1.7541099786758423,1.7549200057983398,1.752750039100647,1.7532199621200562
2022-04-29 01:00:00+01:00,1.7531299591064453,1.753559947013855,1.749959945678711,1.752150058746338
2022-04-29 02:00:00+01:00,1.7521899938583374,1.7525899410247803,1.7500799894332886,1.7517499923706055
2022-04-29 03:00:00+01:00,1.7517600059509277,1.753640055656433,1.7500900030136108,1.7523800134658813
2022-04-29 04:00:00+01:00,1.7523399591445923,1.7527300119400024,1.7495700120925903,1.7511399984359741
2022-04-29 05:00:00+01:00,1.7510700225830078,1.751170039176941,1.7482000589370728,1.7485699653625488
2022-04-29 06:00:00+01:00,1.7485599517822266,1.7513400316238403,1.7457599639892578,1.7511399984359741
2022-04-29 07:00:00+01:00,1.7512400150299072,1.7549500465393066,1.749269962310791,1.7548199892044067
2022-04-29 08:00:00+01:00,1.7548999786376953,1.7559599876403809,1.7529900074005127,1.7539499998092651
2022-04-29 09:00:00+01:00,1.7538299560546875,1.7571799755096436,1.753100037574768,1.756469964981079
2022-04-29 10:00:00+01:00,1.7564200162887573,1.7569899559020996,1.753499984741211,1.754040002822876
2022-04-29 11:00:00+01:00,1.7539000511169434,1.7556300163269043,1.7525700330734253,1.752959966659546
2022-04-29 12:00:00+01:00,1.7529300451278687,1.754330039024353,1.7502599954605103,1.752310037612915
2022-04-29 13:00:00+01:00,1.752269983291626,1.7529699802398682,1.7490400075912476,1.7500900030136108
2022-04-29 14:00:00+01:00,1.7500900030136108,1.7542500495910645,1.7498400211334229,1.7534699440002441
2022-04-29 15:00:00+01:00,1.7533799409866333,1.7687599658966064,1.7524299621582031,1.7647900581359863
2022-04-29 16:00:00+01:00,1.7649199962615967,1.7700300216674805,1.7645800113677979,1.7690600156784058
2022-04-29 17:00:00+01:00,1.7691700458526611,1.7760299444198608,1.7688699960708618,1.7754000425338745
2022-04-29 00:00:00+01:00,1.7541099786758423,1.7549200057983398,1.752750039100647,1.7532199621200562
2022-04-29 01:00:00+01:00,1.7531299591064453,1.753559947013855,1.749959945678711,1.752150058746338
2022-04-29 02:00:00+01:00,1.7521899938583374,1.7525899410247803,1.7500799894332886,1.7517499923706055
2022-04-29 03:00:00+01:00,1.7517600059509277,1.753640055656433,1.7500900030136108,1.7523800134658813
2022-04-29 04:00:00+01:00,1.7523399591445923,1.7527300119400024,1.7495700120925903,1.7511399984359741
2022-04-29 05:00:00+01:00,1.7510700225830078,1.751170039176941,1.7482000589370728,1.7485699653625488
2022-04-29 06:00:00+01:00,1.7485599517822266,1.7513400316238403,1.7457599639892578,1.7511399984359741
2022-04-29 07:00:00+01:00,1.7512400150299072,1.7549500465393066,1.749269962310791,1.7548199892044067
2022-04-29 08:00:00+01:00,1.7548999786376953,1.7559599876403809,1.7529900074005127,1.7539499998092651
2022-04-29 09:00:00+01:00,1.7538299560546875,1.7571799755096436,1.753100037574768,1.756469964981079
2022-04-29 10:00:00+01:00,1.7564200162887573,1.7569899559020996,1.753499984741211,1.754040002822876
2022-04-29 11:00:00+01:00,1.7539000511169434,1.7556300163269043,1.7525700330734253,1.752959966659546
2022-04-29 12:00:00+01:00,1.7529300451278687,1.754330039024353,1.7502599954605103,1.752310037612915
2022-04-29 13:00:00+01:00,1.752269983291626,1.7529699802398682,1.7490400075912476,1.7500900030136108
2022-04-29 14:00:00+01:00,1.7500900030136108,1.7542500495910645,1.7498400211334229,1.7534699440002441
2022-04-29 15:00:00+01:00,1.7533799409866333,1.7687599658966064,1.7524299621582031,1.7647900581359863
2022-04-29 16:00:00+01:00,1.7649199962615967,1.7700300216674805,1.7645800113677979,1.7690600156784058
2022-04-29 17:00:00+01:00,1.7691700458526611,1.7760299444198608,1.7688699960708618,1.7754000425338745
2022-04-29 18:00:00+01:00,1.775439977645874,1.777169942855835,1.7740600109100342,1.775670051574707
2022-04-29 00:00:00+01:00,1.7541099786758423,1.7549200057983398,1.752750039100647,1.7532199621200562
2022-04-29 01:00:00+01:00,1.7531299591064453,1.753559947013855,1.749959945678711,1.752150058746338
2022-04-29 02:00:00+01:00,1.7521899938583374,1.7525899410247803,1.7500799894332886,1.7517499923706055
2022-04-29 03:00:00+01:00,1.7517600059509277,1.753640055656433,1.7500900030136108,1.7523800134658813
2022-04-29 04:00:00+01:00,1.7523399591445923,1.7527300119400024,1.7495700120925903,1.7511399984359741
2022-04-29 05:00:00+01:00,1.7510700225830078,1.751170039176941,1.7482000589370728,1.7485699653625488
2022-04-29 06:00:00+01:00,1.7485599517822266,1.7513400316238403,1.7457599639892578,1.7511399984359741
2022-04-29 07:00:00+01:00,1.7512400150299072,1.7549500465393066,1.749269962310791,1.7548199892044067
2022-04-29 08:00:00+01:00,1.7548999786376953,1.7559599876403809,1.7529900074005127,1.7539499998092651
2022-04-29 09:00:00+01:00,1.7538299560546875,1.7571799755096436,1.753100037574768,1.756469964981079
2022-04-29 10:00:00+01:00,1.7564200162887573,1.7569899559020996,1.753499984741211,1.754040002822876
2022-04-29 11:00:00+01:00,1.7539000511169434,1.7556300163269043,1.7525700330734253,1.752959966659546
2022-04-29 12:00:00+01:00,1.7529300451278687,1.754330039024353,1.7502599954605103,1.752310037612915
2022-04-29 13:00:00+01:00,1.752269983291626,1.7529699802398682,1.7490400075912476,1.7500900030136108
2022-04-29 14:00:00+01:00,1.7500900030136108,1.7542500495910645,1.7498400211334229,1.7534699440002441
2022-04-29 15:00:00+01:00,1.7533799409866333,1.7687599658966064,1.7524299621582031,1.7647900581359863
2022-04-29 16:00:00+01:00,1.7649199962615967,1.7700300216674805,1.7645800113677979,1.7690600156784058
2022-04-29 17:00:00+01:00,1.7691700458526611,1.7760299444198608,1.7688699960708618,1.7754000425338745
2022-04-29 18:00:00+01:00,1.775439977645874,1.777169942855835,1.7740600109100342,1.775670051574707
2022-04-29 19:00:00+01:00,1.775670051574707,1.7792799472808838,1.7750600576400757,1.778939962387085
